age 1 2 3 4 5 6 7 8 9 10 11 12 13 14 15 16 17 18 19 20 21 22 23 24 25
0 0.37142155491 0.33948044873 0.31081020397 0.28484636972 0.26116311187 0.23942634743 0.21937691249 0.20078922471 0.18349595381 0.16734717912 0.15221913564 0.13803162365 0.12469598342876 0.112901277065822 0.101403233756958 0.0902410922482152 0.0794432309573452 0.069045798549843 0.0590778686662351 0.0495551591748718 0.0404829025345746 0.0317312087811221 0.0241912574740523 0.0167862699971032 0.0105493569731683
1 0.0885459218247777 0.0793678331808347 0.0713571477281886 0.0642773584228287 0.057956688971323 0.0522654135765015 0.0471053193115503 0.042395189386324 0.0380746194481532 0.0340918964576057 0.0304050880577043 0.0269852996761658 0.0233396309542992 0.0200598922486093 0.0170910739430492 0.0144004819877521 0.0119534099286536 0.00971895097971955 0.00766782081166625 0.00577255176726928 0.00400907490640731 0.00233143338476305 0.00140623295760604 0.000758245453776346 0.000346026871729303
2 0.0885459218247778 0.0793678331808348 0.0713571477281886 0.0642773584228287 0.057956688971323 0.0522654135765015 0.0471053193115503 0.0423951893863241 0.0380746194481531 0.0340918964576057 0.0304050880577043 0.0269852996761658 0.0233396309542992 0.0200598922486093 0.0170910739430492 0.0144004819877521 0.0119534099286536 0.00971895097971955 0.00766782081166626 0.00577255176726929 0.00400907490640731 0.00233143338476305 0.00140623295760604 0.000758245453776349 0.000346026871729305
3 0.0885459218247778 0.0793678331808347 0.0713571477281886 0.0642773584228287 0.057956688971323 0.0522654135765015 0.0471053193115503 0.0423951893863241 0.0380746194481532 0.0340918964576057 0.0304050880577043 0.0269852996761658 0.0233396309542992 0.0200598922486093 0.0170910739430492 0.0144004819877521 0.0119534099286536 0.00971895097971955 0.00766782081166626 0.00577255176726929 0.00400907490640731 0.00233143338476305 0.00140623295760604 0.000758245453776346 0.000346026871729305
4 0.0885459218247777 0.0793678331808347 0.0713571477281886 0.0642773584228287 0.057956688971323 0.0522654135765015 0.0471053193115503 0.042395189386324 0.0380746194481532 0.0340918964576057 0.0304050880577043 0.0269852996761658 0.0233396309542992 0.0200598922486093 0.0170910739430492 0.0144004819877521 0.0119534099286536 0.00971895097971955 0.00766782081166626 0.00577255176726928 0.00400907490640731 0.00233143338476305 0.00140623295760604 0.000758245453776346 0.000346026871729303
5 0.0269965547769881 0.0244410567376654 0.0221698350092924 0.0201310638766827 0.0182860553410382 0.0166048068095135 0.0150641942576554 0.0136444634200174 0.0123309006162884 0.0111105493251396 0.00997277324793088 0.00891046621071723 0.00784375531463201 0.00686973426777971 0.00596087138077715 0.0051140783910418 0.00432501521443625 0.00358977204839017 0.00290405956492684 0.00226314728565503 0.00166236498228946 0.00108852372981329 0.000735690543664498 0.000435571587512151 0.000223800145735589
6 0.0269965547769883 0.0244410567376654 0.0221698350092924 0.0201310638766827 0.0182860553410382 0.0166048068095136 0.0150641942576554 0.0136444634200173 0.0123309006162884 0.0111105493251396 0.00997277324793093 0.00891046621071723 0.00784375531463201 0.00686973426777971 0.00596087138077712 0.0051140783910418 0.00432501521443628 0.00358977204839017 0.00290405956492684 0.00226314728565503 0.00166236498228947 0.00108852372981329 0.000735690543664501 0.000435571587512151 0.000223800145735591
7 0.0269965547769881 0.0244410567376653 0.0221698350092923 0.0201310638766828 0.0182860553410382 0.0166048068095135 0.0150641942576554 0.0136444634200174 0.0123309006162884 0.0111105493251396 0.00997277324793088 0.00891046621071723 0.00784375531463203 0.00686973426777968 0.00596087138077715 0.0051140783910418 0.00432501521443625 0.00358977204839016 0.00290405956492686 0.00226314728565505 0.00166236498228946 0.00108852372981328 0.000735690543664501 0.000435571587512155 0.000223800145735589
8 0.0269965547769883 0.0244410567376654 0.0221698350092924 0.0201310638766827 0.0182860553410382 0.0166048068095136 0.0150641942576554 0.0136444634200173 0.0123309006162884 0.0111105493251396 0.00997277324793093 0.00891046621071723 0.00784375531463198 0.00686973426777971 0.00596087138077715 0.0051140783910418 0.00432501521443628 0.00358977204839017 0.00290405956492684 0.00226314728565503 0.00166236498228946 0.00108852372981329 0.000735690543664494 0.000435571587512151 0.000223800145735591
9 0.0269965547769881 0.0244410567376654 0.0221698350092924 0.0201310638766827 0.0182860553410382 0.0166048068095135 0.0150641942576555 0.0136444634200174 0.0123309006162884 0.0111105493251396 0.00997277324793088 0.00891046621071723 0.00784375531463203 0.00686973426777971 0.00596087138077712 0.0051140783910418 0.00432501521443625 0.00358977204839017 0.00290405956492684 0.00226314728565503 0.00166236498228947 0.00108852372981329 0.000735690543664501 0.000435571587512151 0.000223800145735589
10 0.0133029555054362 0.0121002324039531 0.0110256373930697 0.0100564956724852 0.00917577778846821 0.00837019161861333 0.00762945334891094 0.00694469029425225 0.00630930463140825 0.00571743359015851 0.00516424912092842 0.00464657257417598 0.00415883959946367 0.00370470470893969 0.00327105530868542 0.00285826781375616 0.00246615470422888 0.00209470362632612 0.00174359585872292 0.00141207476742246 0.00109913084024786 0.000798978922487093 0.000574571365115995 0.000369887885735717 0.000211364028366162
11 0.0133029555054361 0.0121002324039531 0.0110256373930698 0.0100564956724853 0.0091757777884681 0.00837019161861333 0.00762945334891094 0.00694469029425225 0.0063093046314083 0.00571743359015857 0.00516424912092847 0.00464657257417592 0.00415883959946367 0.00370470470893969 0.00327105530868545 0.00285826781375613 0.00246615470422888 0.00209470362632612 0.00174359585872292 0.00141207476742248 0.00109913084024786 0.000798978922487093 0.000574571365116002 0.000369887885735713 0.000211364028366161
12 0.0133029555054361 0.0121002324039529 0.0110256373930697 0.0100564956724852 0.00917577778846821 0.00837019161861344 0.00762945334891083 0.00694469029425219 0.00630930463140825 0.00571743359015851 0.00516424912092842 0.00464657257417598 0.00415883959946361 0.00370470470893972 0.00327105530868542 0.00285826781375616 0.00246615470422886 0.00209470362632615 0.00174359585872292 0.00141207476742246 0.00109913084024784 0.0007989789224871 0.000574571365115995 0.000369887885735717 0.000211364028366162
13 0.0133029555054363 0.0121002324039531 0.0110256373930698 0.0100564956724853 0.0091757777884681 0.00837019161861333 0.00762945334891094 0.00694469029425225 0.0063093046314083 0.00571743359015857 0.00516424912092847 0.00464657257417592 0.00415883959946367 0.00370470470893969 0.00327105530868545 0.00285826781375613 0.00246615470422888 0.00209470362632612 0.00174359585872292 0.00141207476742248 0.00109913084024786 0.000798978922487093 0.000574571365116002 0.000369887885735713 0.000211364028366161
14 0.0133029555054361 0.0121002324039531 0.0110256373930697 0.0100564956724852 0.00917577778846821 0.00837019161861333 0.00762945334891094 0.00694469029425225 0.00630930463140825 0.00571743359015851 0.00516424912092842 0.00464657257417598 0.00415883959946367 0.00370470470893969 0.00327105530868542 0.00285826781375616 0.00246615470422888 0.00209470362632612 0.00174359585872292 0.00141207476742246 0.00109913084024786 0.000798978922487093 0.000574571365115995 0.000369887885735717 0.000211364028366162
15 0.0137833962260337 0.0126223189534174 0.0115847703327755 0.0106489085500619 0.00979832703245818 0.00902021749990757 0.00830466946944973 0.00764312981403529 0.00702923876501363 0.00645734352790034 0.00592278855768064 0.00542251027618759 0.00500275566031295 0.00458483689348085 0.00417389884520834 0.00377175280822867 0.00337991961958058 0.00300027984432871 0.00263450555490689 0.00228378298815288 0.00194887121571222 0.00162511222278008 0.00122256036398526 0.000892072752175104 0.000597770750961657
16 0.0137833962260339 0.0126223189534174 0.0115847703327755 0.0106489085500619 0.00979832703245807 0.00902021749990757 0.00830466946944962 0.00764312981403529 0.00702923876501363 0.00645734352790034 0.00592278855768064 0.00542251027618764 0.00500275566031301 0.0045848368934808 0.00417389884520834 0.00377175280822867 0.00337991961958055 0.00300027984432871 0.00263450555490689 0.00228378298815288 0.00194887121571222 0.00162511222278008 0.00122256036398526 0.000892072752175107 0.000597770750961657
17 0.0137833962260337 0.0126223189534173 0.0115847703327754 0.0106489085500618 0.00979832703245818 0.00902021749990757 0.00830466946944973 0.00764312981403518 0.00702923876501357 0.00645734352790029 0.00592278855768069 0.00542251027618759 0.00500275566031295 0.00458483689348085 0.00417389884520831 0.00377175280822869 0.00337991961958058 0.00300027984432871 0.00263450555490688 0.00228378298815288 0.00194887121571224 0.00162511222278007 0.00122256036398527 0.000892072752175104 0.000597770750961655
18 0.0137833962260339 0.0126223189534174 0.0115847703327755 0.0106489085500619 0.00979832703245807 0.00902021749990757 0.00830466946944962 0.00764312981403529 0.00702923876501363 0.00645734352790034 0.00592278855768064 0.00542251027618764 0.00500275566031301 0.0045848368934808 0.00417389884520834 0.00377175280822867 0.00337991961958055 0.00300027984432871 0.00263450555490691 0.00228378298815288 0.00194887121571222 0.00162511222278008 0.00122256036398526 0.000892072752175107 0.000597770750961659
19 0.0137833962260337 0.0126223189534174 0.0115847703327755 0.0106489085500619 0.00979832703245818 0.00902021749990757 0.00830466946944973 0.00764312981403529 0.00702923876501363 0.00645734352790034 0.00592278855768064 0.00542251027618759 0.00500275566031295 0.00458483689348085 0.00417389884520834 0.00377175280822867 0.00337991961958058 0.00300027984432871 0.00263450555490688 0.00228378298815288 0.00194887121571222 0.00162511222278008 0.00122256036398526 0.000892072752175104 0.000597770750961655
20 0.0194914254885503 0.0178484260614052 0.0163829800135335 0.0150633630324818 0.0138657936808014 0.0127717474619466 0.0117669089884816 0.010838967257441 0.009978761593403 0.00917817623383999 0.00843053438492977 0.00773141755415218 0.00714850481877425 0.00655856270732601 0.00597875756987147 0.00541166485119662 0.00485944853785006 0.00432477531147503 0.00381001020776345 0.00331682434181573 0.00284627707059513 0.00239181550939483 0.00176807101730246 0.00129397836583902 0.000870475958202865
21 0.0194914254885505 0.0178484260614051 0.0163829800135334 0.0150633630324816 0.0138657936808014 0.0127717474619466 0.0117669089884817 0.010838967257441 0.009978761593403 0.00917817623384004 0.00843053438492977 0.00773141755415218 0.00714850481877419 0.00655856270732606 0.0059787575698715 0.00541166485119662 0.00485944853785009 0.00432477531147503 0.00381001020776345 0.00331682434181573 0.00284627707059515 0.00239181550939483 0.00176807101730246 0.00129397836583902 0.000870475958202865
22 0.0194914254885503 0.0178484260614051 0.0163829800135335 0.0150633630324818 0.0138657936808013 0.0127717474619467 0.0117669089884816 0.010838967257441 0.009978761593403 0.00917817623383999 0.00843053438492983 0.00773141755415212 0.00714850481877425 0.00655856270732601 0.00597875756987147 0.00541166485119665 0.00485944853785006 0.004324775311475 0.00381001020776342 0.00331682434181575 0.00284627707059513 0.00239181550939483 0.00176807101730247 0.00129397836583902 0.000870475958202862
23 0.0194914254885505 0.0178484260614051 0.0163829800135334 0.0150633630324816 0.0138657936808014 0.0127717474619466 0.0117669089884817 0.010838967257441 0.009978761593403 0.00917817623384004 0.00843053438492977 0.00773141755415218 0.00714850481877419 0.00655856270732606 0.00597875756987147 0.00541166485119662 0.00485944853785009 0.00432477531147503 0.00381001020776345 0.00331682434181573 0.00284627707059515 0.00239181550939483 0.00176807101730246 0.00129397836583902 0.000870475958202865
24 0.0194914254885503 0.0178484260614051 0.0163829800135335 0.0150633630324818 0.0138657936808014 0.0127717474619466 0.0117669089884816 0.010838967257441 0.009978761593403 0.00917817623383999 0.00843053438492977 0.00773141755415218 0.00714850481877425 0.00655856270732601 0.00597875756987147 0.00541166485119662 0.00485944853785006 0.00432477531147503 0.00381001020776345 0.00331682434181573 0.00284627707059513 0.00239181550939483 0.00176807101730246 0.00129397836583902 0.000870475958202865
25 0.0207319014656837 0.0189677274367294 0.0173949459394483 0.0159792691042738 0.0146950074279187 0.0135221615856852 0.0124452816169685 0.0114510926185637 0.0105297150909338 0.00967240357865914 0.00887196524711204 0.00812363367337055 0.00750676700123014 0.00687417407985465 0.00625352617453848 0.00564749355306881 0.0050582795562212 0.00448860052896524 0.00394083229375224 0.00341660292097083 0.00291689162995607 0.00243461156709595 0.00180094243920457 0.00130890880220866 0.000872794807613336
26 0.0207319014656837 0.0189677274367294 0.0173949459394484 0.0159792691042737 0.0146950074279187 0.0135221615856852 0.0124452816169684 0.0114510926185637 0.0105297150909338 0.00967240357865908 0.00887196524711204 0.00812363367337055 0.00750676700123008 0.00687417407985465 0.00625352617453842 0.00564749355306879 0.0050582795562212 0.00448860052896521 0.00394083229375221 0.00341660292097083 0.00291689162995605 0.00243461156709594 0.00180094243920457 0.00130890880220866 0.000872794807613339
27 0.0207319014656835 0.0189677274367292 0.0173949459394483 0.0159792691042738 0.0146950074279188 0.0135221615856853 0.0124452816169685 0.0114510926185638 0.0105297150909337 0.00967240357865908 0.00887196524711204 0.00812363367337049 0.00750676700123014 0.00687417407985465 0.00625352617453848 0.00564749355306879 0.00505827955622123 0.00448860052896524 0.00394083229375224 0.0034166029209708 0.00291689162995607 0.00243461156709595 0.00180094243920457 0.00130890880220866 0.000872794807613336
28 0.0207319014656837 0.0189677274367294 0.0173949459394483 0.0159792691042737 0.0146950074279187 0.0135221615856852 0.0124452816169684 0.0114510926185637 0.0105297150909338 0.00967240357865919 0.00887196524711204 0.00812363367337055 0.00750676700123008 0.00687417407985465 0.00625352617453842 0.00564749355306884 0.0050582795562212 0.00448860052896521 0.00394083229375221 0.00341660292097083 0.00291689162995605 0.00243461156709594 0.00180094243920457 0.00130890880220866 0.000872794807613339
29 0.0207319014656837 0.0189677274367294 0.0173949459394483 0.0159792691042738 0.0146950074279187 0.0135221615856852 0.0124452816169685 0.0114510926185637 0.0105297150909338 0.00967240357865908 0.00887196524711204 0.00812363367337055 0.00750676700123014 0.00687417407985465 0.00625352617453848 0.00564749355306879 0.0050582795562212 0.00448860052896524 0.00394083229375224 0.00341660292097083 0.00291689162995607 0.00243461156709595 0.00180094243920457 0.00130890880220866 0.000872794807613336
30 0.0221744217196332 0.0202813413870743 0.0185944907295138 0.0170768187576784 0.0157005817177031 0.0144441943667331 0.0132909876231081 0.0122266526616082 0.0112405388038683 0.0103232261125311 0.00946696934012451 0.0086666287507704 0.00800356493657791 0.00734060639333206 0.00668832488697081 0.00604962576040702 0.00542697130757491 0.00482341193554364 0.00424167986488963 0.00368374161280598 0.00315088398056039 0.00263576872871177 0.00200394743518286 0.00147081492574751 0.000993087738533314
31 0.0221744217196334 0.0202813413870743 0.0185944907295138 0.0170768187576784 0.0157005817177031 0.0144441943667331 0.0132909876231081 0.0122266526616082 0.0112405388038683 0.0103232261125312 0.00946696934012457 0.0086666287507704 0.00800356493657797 0.00734060639333211 0.00668832488697081 0.00604962576040702 0.00542697130757489 0.00482341193554361 0.00424167986488966 0.00368374161280598 0.00315088398056039 0.00263576872871179 0.00200394743518286 0.00147081492574751 0.000993087738533314
32 0.0221744217196332 0.0202813413870743 0.018594490729514 0.0170768187576785 0.0157005817177032 0.014444194366733 0.0132909876231082 0.0122266526616081 0.0112405388038685 0.0103232261125311 0.00946696934012457 0.00866662875077035 0.00800356493657791 0.00734060639333206 0.00668832488697075 0.00604962576040702 0.00542697130757491 0.00482341193554364 0.00424167986488963 0.00368374161280601 0.00315088398056039 0.00263576872871177 0.00200394743518288 0.0014708149257475 0.000993087738533318
33 0.0221744217196334 0.0202813413870743 0.0185944907295138 0.0170768187576784 0.0157005817177031 0.0144441943667331 0.0132909876231081 0.0122266526616082 0.0112405388038683 0.0103232261125312 0.00946696934012446 0.0086666287507704 0.00800356493657797 0.00734060639333211 0.00668832488697081 0.00604962576040702 0.00542697130757489 0.00482341193554364 0.00424167986488966 0.00368374161280598 0.00315088398056039 0.00263576872871179 0.00200394743518286 0.00147081492574751 0.000993087738533314
34 0.0221744217196332 0.0202813413870743 0.0185944907295138 0.0170768187576784 0.0157005817177031 0.0144441943667331 0.0132909876231081 0.0122266526616082 0.0112405388038683 0.0103232261125311 0.00946696934012457 0.0086666287507704 0.00800356493657791 0.00734060639333206 0.00668832488697081 0.00604962576040702 0.00542697130757491 0.00482341193554361 0.00424167986488963 0.00368374161280598 0.00315088398056039 0.00263576872871177 0.00200394743518286 0.00147081492574751 0.000993087738533314
35 0.0255590332279561 0.023345884809141 0.0213763118168162 0.0196062422058167 0.0180027232407261 0.016540156926891 0.0151987937407071 0.0139617203961396 0.0128163431423454 0.0117515473416198 0.0107582012628535 0.00983022456527204 0.00904838264730925 0.00829571225366131 0.00755435298241926 0.00682760825498534 0.00611830077123622 0.00542994818473526 0.00476573200558179 0.00412798229317595 0.00351826821397855 0.00292828566138184 0.00228679286377848 0.00168294366250698 0.00114027433265124
36 0.0255590332279561 0.0233458848091408 0.021376311816816 0.0196062422058169 0.018002723240726 0.0165401569268909 0.0151987937407071 0.0139617203961397 0.0128163431423455 0.0117515473416198 0.0107582012628535 0.00983022456527204 0.00904838264730925 0.00829571225366125 0.00755435298241926 0.00682760825498534 0.00611830077123628 0.00542994818473523 0.00476573200558176 0.00412798229317595 0.00351826821397857 0.00292828566138185 0.00228679286377847 0.00168294366250698 0.00114027433265124
37 0.0255590332279559 0.023345884809141 0.0213763118168162 0.0196062422058167 0.018002723240726 0.016540156926891 0.0151987937407071 0.0139617203961396 0.0128163431423454 0.0117515473416198 0.0107582012628536 0.00983022456527204 0.00904838264730919 0.00829571225366131 0.00755435298241926 0.00682760825498528 0.00611830077123622 0.00542994818473526 0.00476573200558179 0.00412798229317592 0.00351826821397855 0.00292828566138184 0.00228679286377848 0.00168294366250698 0.00114027433265124
38 0.0255590332279561 0.0233458848091408 0.021376311816816 0.0196062422058169 0.0180027232407262 0.0165401569268909 0.0151987937407071 0.0139617203961397 0.0128163431423455 0.0117515473416198 0.0107582012628535 0.00983022456527204 0.00904838264730925 0.00829571225366125 0.00755435298241926 0.00682760825498534 0.00611830077123628 0.00542994818473526 0.00476573200558179 0.00412798229317595 0.00351826821397857 0.00292828566138185 0.00228679286377847 0.00168294366250698 0.00114027433265124
39 0.0255590332279561 0.023345884809141 0.0213763118168162 0.0196062422058167 0.018002723240726 0.016540156926891 0.0151987937407071 0.0139617203961396 0.0128163431423454 0.0117515473416198 0.0107582012628535 0.00983022456527204 0.00904838264730925 0.00829571225366131 0.00755435298241926 0.00682760825498534 0.00611830077123622 0.00542994818473523 0.00476573200558176 0.00412798229317595 0.00351826821397855 0.00292828566138184 0.00228679286377848 0.00168294366250698 0.00114027433265124
40 0.0308515097804851 0.0281607555298113 0.0257706644947085 0.0236262483647349 0.0216864867097185 0.0199195910770934 0.0183010719413845 0.0168100302410252 0.0154308979062672 0.0141499789017979 0.0129560337813981 0.0118415430984918 0.0108787999744773 0.0100003640495119 0.00913182812106696 0.00827722307864207 0.00744010680178797 0.00662494508896793 0.00583588765298354 0.00507612896911833 0.00434798085525216 0.00364192508811646 0.00292923552881404 0.00218849784762055 0.0015116281395526
41 0.0308515097804851 0.0281607555298113 0.0257706644947085 0.0236262483647349 0.0216864867097185 0.0199195910770933 0.0183010719413844 0.0168100302410252 0.0154308979062672 0.0141499789017979 0.0129560337813981 0.0118415430984917 0.0108787999744773 0.0100003640495118 0.00913182812106696 0.00827722307864207 0.00744010680178802 0.00662494508896796 0.00583588765298357 0.00507612896911833 0.00434798085525219 0.00364192508811646 0.00292923552881406 0.00218849784762054 0.0015116281395526
42 0.0308515097804853 0.0281607555298115 0.0257706644947087 0.0236262483647346 0.0216864867097185 0.0199195910770933 0.0183010719413845 0.0168100302410252 0.0154308979062673 0.0141499789017978 0.012956033781398 0.0118415430984918 0.0108787999744773 0.0100003640495119 0.0091318281210669 0.00827722307864207 0.00744010680178797 0.00662494508896796 0.00583588765298354 0.00507612896911833 0.00434798085525216 0.00364192508811644 0.00292923552881404 0.00218849784762054 0.00151162813955261
43 0.0308515097804851 0.0281607555298113 0.0257706644947085 0.0236262483647349 0.0216864867097185 0.0199195910770935 0.0183010719413844 0.0168100302410252 0.0154308979062672 0.0141499789017979 0.0129560337813981 0.0118415430984917 0.0108787999744773 0.0100003640495119 0.00913182812106696 0.00827722307864207 0.00744010680178802 0.00662494508896791 0.00583588765298357 0.00507612896911833 0.00434798085525219 0.00364192508811647 0.00292923552881406 0.00218849784762055 0.0015116281395526
44 0.0308515097804851 0.0281607555298113 0.0257706644947085 0.0236262483647349 0.0216864867097185 0.0199195910770933 0.0183010719413845 0.0168100302410252 0.0154308979062672 0.0141499789017979 0.0129560337813981 0.0118415430984918 0.0108787999744773 0.0100003640495118 0.00913182812106696 0.00827722307864207 0.00744010680178797 0.00662494508896796 0.00583588765298354 0.00507612896911833 0.00434798085525216 0.00364192508811644 0.00292923552881404 0.00218849784762055 0.0015116281395526
45 0.0369626335950247 0.0337393470559611 0.0308823179332002 0.0283237422444325 0.0260131765255901 0.0239116391052163 0.0219891516224024 0.0202202309848642 0.0185858884487952 0.0170694772666366 0.0156573549947904 0.0143403495065258 0.0131610816306909 0.0121701007237058 0.0111830768050221 0.010204880082752 0.00924003994325848 0.00829432748824636 0.00737333520182384 0.00648167728412603 0.00562300096939879 0.00488576601843465 0.00402005745381851 0.00309282710414693 0.00221753791807471
46 0.0369626335950247 0.0337393470559611 0.0308823179332 0.0283237422444323 0.0260131765255899 0.0239116391052163 0.0219891516224023 0.0202202309848642 0.0185858884487951 0.0170694772666365 0.0156573549947904 0.0143403495065258 0.0131610816306909 0.0121701007237058 0.0111830768050221 0.010204880082752 0.00924003994325853 0.00829432748824636 0.00737333520182386 0.00648167728412603 0.00562300096939876 0.00488576601843462 0.00402005745381853 0.00309282710414694 0.0022175379180747
47 0.0369626335950249 0.0337393470559609 0.0308823179332002 0.0283237422444325 0.0260131765255901 0.0239116391052165 0.0219891516224023 0.0202202309848641 0.0185858884487952 0.0170694772666366 0.0156573549947905 0.0143403495065259 0.0131610816306908 0.0121701007237058 0.0111830768050221 0.010204880082752 0.00924003994325848 0.0082943274882463 0.00737333520182384 0.006481677284126 0.00562300096939879 0.00488576601843465 0.00402005745381851 0.00309282710414693 0.00221753791807471
48 0.0369626335950247 0.0337393470559611 0.0308823179332 0.0283237422444323 0.0260131765255899 0.0239116391052163 0.0219891516224024 0.0202202309848642 0.0185858884487951 0.0170694772666365 0.0156573549947904 0.0143403495065258 0.0131610816306909 0.0121701007237058 0.0111830768050221 0.010204880082752 0.00924003994325853 0.00829432748824636 0.00737333520182384 0.00648167728412603 0.00562300096939876 0.00488576601843462 0.00402005745381853 0.00309282710414694 0.0022175379180747
49 0.0369626335950247 0.0337393470559611 0.0308823179332002 0.0283237422444325 0.0260131765255901 0.0239116391052163 0.0219891516224024 0.0202202309848642 0.0185858884487952 0.0170694772666366 0.0156573549947904 0.0143403495065258 0.0131610816306909 0.0121701007237058 0.0111830768050221 0.010204880082752 0.00924003994325848 0.00829432748824636 0.00737333520182384 0.00648167728412603 0.00562300096939879 0.00488576601843465 0.00402005745381851 0.00309282710414693 0.00221753791807471
50 0.0441588342345698 0.0404625507140035 0.0371926031234829 0.0342691850067698 0.0316330766564864 0.0292386336685977 0.0270508127961734 0.0250399304890316 0.0231838646453642 0.0214632823862269 0.0198623598135009 0.0183612802988466 0.0170641205335301 0.0159855824138114 0.0148991281584641 0.0138104276847652 0.0127251218754273 0.0116506022990829 0.0105944122356493 0.00956325024682157 0.00856286313719179 0.00769644407238858 0.00658095873568996 0.00533234589455913 0.00408386484863227
51 0.0441588342345698 0.0404625507140035 0.0371926031234829 0.03426918500677 0.0316330766564866 0.0292386336685977 0.0270508127961734 0.0250399304890317 0.0231838646453642 0.0214632823862269 0.0198623598135009 0.0183612802988466 0.0170641205335302 0.0159855824138114 0.0148991281584641 0.0138104276847652 0.0127251218754273 0.0116506022990829 0.0105944122356493 0.0095632502468216 0.00856286313719182 0.00769644407238858 0.00658095873568997 0.00533234589455911 0.00408386484863227
52 0.04415883423457 0.0404625507140037 0.0371926031234829 0.0342691850067698 0.0316330766564864 0.0292386336685979 0.0270508127961737 0.0250399304890317 0.0231838646453643 0.021463282386227 0.019862359813501 0.0183612802988466 0.0170641205335301 0.0159855824138115 0.014899128158464 0.0138104276847652 0.0127251218754273 0.0116506022990829 0.0105944122356493 0.00956325024682157 0.00856286313719179 0.00769644407238858 0.00658095873568995 0.00533234589455913 0.00408386484863226
53 0.0441588342345696 0.0404625507140035 0.0371926031234829 0.03426918500677 0.0316330766564866 0.0292386336685977 0.0270508127961734 0.0250399304890315 0.0231838646453642 0.0214632823862269 0.0198623598135009 0.0183612802988466 0.0170641205335302 0.0159855824138114 0.014899128158464 0.0138104276847652 0.0127251218754273 0.0116506022990829 0.0105944122356493 0.00956325024682157 0.00856286313719182 0.00769644407238858 0.00658095873568995 0.00533234589455911 0.00408386484863227
54 0.04415883423457 0.0404625507140035 0.0371926031234829 0.0342691850067698 0.0316330766564864 0.0292386336685977 0.0270508127961734 0.0250399304890317 0.0231838646453642 0.0214632823862269 0.0198623598135009 0.0183612802988466 0.0170641205335301 0.0159855824138114 0.0148991281584641 0.0138104276847652 0.0127251218754273 0.0116506022990829 0.0105944122356493 0.00956325024682157 0.00856286313719179 0.00769644407238858 0.00658095873568997 0.00533234589455913 0.00408386484863226
55 0.0576310391396015 0.0527371881894124 0.0484290021640934 0.0445937089389341 0.0411482108319945 0.0380288999432485 0.035187165287464 0.0325821920157194 0.0301835656271055 0.0279649109938419 0.0259047108866146 0.0238852172641354 0.0222591879071659 0.0209043511440816 0.019536968388688 0.0181641823674185 0.0167931798609716 0.0154334449551072 0.0140947435613682 0.0127858466951389 0.011514369789742 0.010449127805601 0.00901378555233058 0.00739166517143902 0.00574886900242433
56 0.0576310391396011 0.0527371881894124 0.0484290021640932 0.0445937089389339 0.0411482108319943 0.0380288999432485 0.035187165287464 0.0325821920157194 0.0301835656271056 0.0279649109938418 0.0259047108866146 0.0238852172641354 0.0222591879071659 0.0209043511440816 0.0195369683886881 0.0181641823674185 0.0167931798609716 0.0154334449551072 0.0140947435613682 0.0127858466951389 0.011514369789742 0.010449127805601 0.0090137855523306 0.00739166517143902 0.00574886900242433
57 0.0576310391396015 0.0527371881894126 0.0484290021640934 0.0445937089389341 0.0411482108319945 0.0380288999432487 0.0351871652874638 0.0325821920157196 0.0301835656271056 0.0279649109938419 0.0259047108866147 0.0238852172641354 0.0222591879071659 0.0209043511440817 0.019536968388688 0.0181641823674184 0.0167931798609716 0.0154334449551072 0.0140947435613682 0.0127858466951389 0.011514369789742 0.010449127805601 0.00901378555233058 0.00739166517143899 0.00574886900242432
58 0.0576310391396011 0.0527371881894122 0.0484290021640934 0.0445937089389339 0.0411482108319943 0.0380288999432485 0.035187165287464 0.0325821920157194 0.0301835656271056 0.0279649109938418 0.0259047108866146 0.0238852172641354 0.0222591879071659 0.0209043511440816 0.0195369683886881 0.0181641823674185 0.0167931798609716 0.0154334449551072 0.0140947435613682 0.0127858466951389 0.011514369789742 0.010449127805601 0.0090137855523306 0.00739166517143902 0.00574886900242433
59 0.0576310391396015 0.0527371881894126 0.0484290021640932 0.0445937089389341 0.0411482108319945 0.0380288999432485 0.035187165287464 0.0325821920157194 0.0301835656271056 0.0279649109938419 0.0259047108866146 0.0238852172641354 0.0222591879071659 0.0209043511440816 0.019536968388688 0.0181641823674185 0.0167931798609716 0.0154334449551072 0.0140947435613682 0.0127858466951389 0.011514369789742 0.010449127805601 0.00901378555233058 0.00739166517143902 0.00574886900242433
60 0.0772314709595892 0.0707828405107477 0.0651432250986094 0.0601508337877126 0.0556876718319862 0.0516643004637095 0.0480128289003453 0.0446769067944126 0.0416145883786293 0.0387898558930327 0.0361734585971381 0.0336500323073474 0.031642889202759 0.0299608848530258 0.0282545484513943 0.0265327875412001 0.024804820822411 0.023083036788524 0.0213804729337651 0.019709152579434 0.0180798038328101 0.0166701981328902 0.0147091649017693 0.012436546280989 0.0100576053251663
61 0.0772314709595892 0.0707828405107473 0.065143225098609 0.0601508337877126 0.0556876718319864 0.0516643004637095 0.0480128289003453 0.0446769067944126 0.0416145883786291 0.0387898558930325 0.0361734585971381 0.0336500323073474 0.031642889202759 0.0299608848530257 0.0282545484513943 0.0265327875412001 0.024804820822411 0.023083036788524 0.0213804729337651 0.019709152579434 0.0180798038328101 0.0166701981328902 0.0147091649017693 0.012436546280989 0.0100576053251663
62 0.0772314709595887 0.0707828405107477 0.0651432250986094 0.0601508337877126 0.0556876718319862 0.0516643004637093 0.048012828900345 0.0446769067944126 0.0416145883786293 0.0387898558930327 0.0361734585971383 0.0336500323073473 0.0316428892027589 0.0299608848530258 0.0282545484513942 0.0265327875412001 0.0248048208224108 0.0230830367885239 0.0213804729337651 0.0197091525794339 0.0180798038328101 0.0166701981328902 0.0147091649017693 0.012436546280989 0.0100576053251662
63 0.0772314709595892 0.0707828405107473 0.065143225098609 0.0601508337877123 0.0556876718319864 0.0516643004637095 0.0480128289003453 0.0446769067944126 0.0416145883786291 0.0387898558930325 0.036173458597138 0.0336500323073474 0.031642889202759 0.0299608848530257 0.0282545484513943 0.0265327875412001 0.024804820822411 0.023083036788524 0.0213804729337651 0.019709152579434 0.0180798038328101 0.0166701981328902 0.0147091649017693 0.012436546280989 0.0100576053251663
64 0.0772314709595892 0.0707828405107477 0.0651432250986094 0.0601508337877128 0.0556876718319862 0.0516643004637095 0.0480128289003453 0.0446769067944126 0.0416145883786293 0.0387898558930327 0.0361734585971383 0.0336500323073474 0.031642889202759 0.0299608848530258 0.0282545484513943 0.0265327875412001 0.024804820822411 0.023083036788524 0.0213804729337651 0.019709152579434 0.0180798038328101 0.0166701981328902 0.0147091649017693 0.012436546280989 0.0100576053251663
65 0.109481826109343 0.100224938720644 0.0922285950319767 0.085222529581905 0.0790138477973115 0.0734591706590127 0.0684511732345445 0.0639025844597818 0.0597487076783332 0.05593492739355 0.052417269737008 0.0490593628290701 0.0464300316679164 0.0442203800990078 0.0419730361690388 0.0396996676497699 0.037412529389459 0.0351282654999768 0.0328645910301729 0.0306380580646102 0.0284636318240156 0.0265354066857285 0.0237994271526174 0.0205736372417538 0.0171185699391209
66 0.109481826109343 0.100224938720644 0.0922285950319767 0.0852225295819046 0.0790138477973113 0.0734591706590127 0.0684511732345445 0.063902584459782 0.0597487076783334 0.05593492739355 0.052417269737008 0.0490593628290703 0.0464300316679164 0.0442203800990079 0.0419730361690388 0.03969966764977 0.037412529389459 0.0351282654999768 0.0328645910301729 0.0306380580646102 0.0284636318240156 0.0265354066857285 0.0237994271526174 0.0205736372417537 0.0171185699391209
67 0.109481826109343 0.100224938720644 0.0922285950319767 0.085222529581905 0.0790138477973113 0.0734591706590127 0.0684511732345445 0.0639025844597818 0.0597487076783332 0.0559349273935498 0.0524172697370082 0.0490593628290701 0.0464300316679164 0.0442203800990079 0.0419730361690387 0.0396996676497699 0.037412529389459 0.0351282654999769 0.032864591030173 0.0306380580646103 0.0284636318240156 0.0265354066857285 0.0237994271526174 0.0205736372417538 0.0171185699391209
68 0.109481826109343 0.100224938720644 0.0922285950319767 0.0852225295819046 0.0790138477973113 0.0734591706590127 0.0684511732345445 0.063902584459782 0.0597487076783334 0.05593492739355 0.052417269737008 0.0490593628290703 0.0464300316679164 0.0442203800990078 0.0419730361690388 0.03969966764977 0.037412529389459 0.0351282654999768 0.0328645910301729 0.0306380580646102 0.0284636318240156 0.0265354066857285 0.0237994271526174 0.0205736372417538 0.0171185699391209
69 0.109481826109343 0.100224938720644 0.0922285950319767 0.085222529581905 0.0790138477973113 0.0734591706590127 0.0684511732345445 0.0639025844597818 0.0597487076783332 0.05593492739355 0.052417269737008 0.0490593628290701 0.0464300316679164 0.0442203800990078 0.0419730361690388 0.0396996676497699 0.037412529389459 0.0351282654999768 0.0328645910301729 0.0306380580646102 0.0284636318240156 0.0265354066857285 0.0237994271526174 0.0205736372417537 0.0171185699391209
70 0.17306895390821 0.156767838402837 0.143138646833631 0.131502809348923 0.121407096435072 0.112532742418393 0.104650601671804 0.0975831185221043 0.0912009075205035 0.085398764582684 0.0800937895677186 0.0750530242399794 0.0711969743847902 0.0679624180765135 0.0646781676294115 0.0613613991855413 0.0580300643306627 0.0547084147954829 0.0514221411814327 0.0481951263351476 0.0450488434820816 0.0422392734635736 0.0382025556259678 0.0334113891677943 0.0282297612278643
71 0.17306895390821 0.156767838402837 0.143138646833631 0.131502809348922 0.121407096435072 0.112532742418393 0.104650601671804 0.0975831185221043 0.0912009075205033 0.085398764582684 0.0800937895677186 0.0750530242399796 0.07119697438479 0.0679624180765135 0.0646781676294115 0.0613613991855412 0.0580300643306627 0.0547084147954829 0.0514221411814326 0.0481951263351476 0.0450488434820817 0.0422392734635736 0.0382025556259679 0.0334113891677943 0.0282297612278642
72 0.173068953908209 0.156767838402837 0.143138646833631 0.131502809348923 0.121407096435072 0.112532742418393 0.104650601671805 0.0975831185221039 0.0912009075205035 0.0853987645826838 0.0800937895677186 0.0750530242399794 0.0711969743847902 0.0679624180765137 0.0646781676294115 0.0613613991855414 0.0580300643306627 0.0547084147954829 0.0514221411814327 0.0481951263351475 0.0450488434820815 0.0422392734635736 0.0382025556259678 0.0334113891677943 0.0282297612278643
73 0.17306895390821 0.156767838402837 0.143138646833631 0.131502809348922 0.121407096435072 0.112532742418393 0.104650601671805 0.0975831185221043 0.0912009075205035 0.085398764582684 0.0800937895677186 0.0750530242399796 0.0711969743847902 0.0679624180765135 0.0646781676294115 0.0613613991855414 0.0580300643306627 0.0547084147954829 0.0514221411814327 0.0481951263351476 0.0450488434820817 0.0422392734635736 0.0382025556259679 0.0334113891677944 0.0282297612278643
74 0.173068953908209 0.156767838402837 0.143138646833631 0.131502809348923 0.121407096435072 0.112532742418393 0.104650601671804 0.0975831185221043 0.0912009075205033 0.085398764582684 0.0800937895677186 0.0750530242399794 0.07119697438479 0.0679624180765135 0.0646781676294115 0.0613613991855412 0.0580300643306627 0.0547084147954829 0.0514221411814326 0.0481951263351476 0.0450488434820816 0.0422392734635736 0.0382025556259678 0.0334113891677943 0.0282297612278642
75 0.267304232920238 0.237794150854684 0.214719242390546 0.195935431274972 0.180210760603471 0.16676966236972 0.155097167330556 0.144823484530962 0.135689375812388 0.127495022901937 0.12008828474175 0.113030564400378 0.107868836002315 0.103541041503839 0.0991482934051362 0.0947133708958617 0.0902601203496335 0.0858208572839893 0.0814298755411469 0.0771191113084585 0.0729173321173709 0.0690794999217596 0.063483578733385 0.0567462081040115 0.0493154311954062
76 0.267304232920238 0.237794150854683 0.214719242390546 0.195935431274972 0.180210760603471 0.16676966236972 0.155097167330556 0.144823484530963 0.135689375812387 0.127495022901937 0.12008828474175 0.113030564400378 0.107868836002315 0.103541041503839 0.0991482934051362 0.0947133708958617 0.0902601203496333 0.0858208572839891 0.0814298755411467 0.0771191113084585 0.072917332117371 0.0690794999217596 0.0634835787333851 0.0567462081040115 0.0493154311954062
77 0.267304232920237 0.237794150854684 0.214719242390546 0.195935431274972 0.180210760603471 0.16676966236972 0.155097167330556 0.144823484530962 0.135689375812388 0.127495022901937 0.12008828474175 0.113030564400378 0.107868836002315 0.103541041503839 0.099148293405136 0.0947133708958619 0.0902601203496335 0.0858208572839893 0.0814298755411469 0.0771191113084583 0.0729173321173709 0.0690794999217595 0.063483578733385 0.0567462081040114 0.0493154311954062
78 0.267304232920238 0.237794150854683 0.214719242390546 0.195935431274972 0.180210760603471 0.16676966236972 0.155097167330556 0.144823484530963 0.135689375812388 0.127495022901937 0.120088284741751 0.113030564400378 0.107868836002315 0.103541041503839 0.0991482934051362 0.0947133708958617 0.0902601203496335 0.0858208572839893 0.0814298755411469 0.0771191113084585 0.0729173321173709 0.0690794999217597 0.063483578733385 0.0567462081040115 0.0493154311954061
79 0.267304232920238 0.237794150854684 0.214719242390546 0.195935431274972 0.180210760603471 0.16676966236972 0.155097167330556 0.144823484530962 0.135689375812387 0.127495022901937 0.12008828474175 0.113030564400378 0.107868836002315 0.103541041503839 0.0991482934051362 0.0947133708958617 0.0902601203496333 0.0858208572839891 0.0814298755411467 0.0771191113084585 0.0729173321173709 0.0690794999217595 0.0634835787333851 0.0567462081040115 0.0493154311954062
80 0.314137954577401 0.292181609056379 0.273042788632383 0.256153608600362 0.241099346753172 0.227565677023081 0.215313971295789 0.204146846252056 0.193917125425856 0.184498952208212 0.175790254425128 0.167319150167642 0.161017011705759 0.155663530028243 0.150164773467435 0.144546732145658 0.138838035837583 0.133079701936866 0.12731720710532 0.121594822561602 0.115954295040115 0.110747414507593 0.103059500855938 0.0936479779269845 0.0830604813693586
81 0.314137954577402 0.29218160905638 0.273042788632383 0.256153608600363 0.241099346753172 0.22756567702308 0.215313971295789 0.204146846252056 0.193917125425856 0.184498952208212 0.175790254425128 0.167319150167642 0.161017011705759 0.155663530028243 0.150164773467435 0.144546732145658 0.138838035837583 0.133079701936866 0.12731720710532 0.121594822561602 0.115954295040115 0.110747414507593 0.103059500855938 0.0936479779269846 0.0830604813693585
82 0.314137954577401 0.292181609056379 0.273042788632383 0.256153608600362 0.241099346753173 0.22756567702308 0.215313971295789 0.204146846252056 0.193917125425856 0.184498952208212 0.175790254425128 0.167319150167642 0.161017011705759 0.155663530028243 0.150164773467436 0.144546732145658 0.138838035837583 0.133079701936866 0.12731720710532 0.121594822561602 0.115954295040115 0.110747414507593 0.103059500855938 0.0936479779269846 0.0830604813693585
83 0.314137954577402 0.29218160905638 0.273042788632383 0.256153608600363 0.241099346753172 0.227565677023081 0.215313971295789 0.204146846252056 0.193917125425856 0.184498952208212 0.175790254425128 0.167319150167642 0.161017011705759 0.155663530028243 0.150164773467435 0.144546732145658 0.138838035837583 0.133079701936866 0.12731720710532 0.121594822561602 0.115954295040115 0.110747414507593 0.103059500855938 0.0936479779269846 0.0830604813693587
84 0.314137954577401 0.292181609056379 0.273042788632383 0.256153608600362 0.241099346753172 0.22756567702308 0.215313971295789 0.204146846252056 0.193917125425856 0.184498952208212 0.175790254425128 0.167319150167642 0.161017011705759 0.155663530028243 0.150164773467435 0.144546732145658 0.138838035837583 0.133079701936866 0.12731720710532 0.121594822561602 0.115954295040115 0.110747414507593 0.103059500855938 0.0936479779269844 0.0830604813693585
85 0.418867903486594 0.394928712017519 0.373643317765287 0.354525206667942 0.337211338947803 0.321420359728052 0.306935601346594 0.29357207344815 0.281192160712729 0.269674728626743 0.258920414377984 0.248360878225023 0.240440530886895 0.233668315862431 0.226669361819118 0.21947276715465 0.212111645156333 0.204635992569289 0.197102911436716 0.189569410807793 0.182090666377081 0.175138775674253 0.164786753354112 0.15196424178261 0.137327635761058
86 0.418867903486594 0.394928712017519 0.373643317765287 0.354525206667941 0.337211338947803 0.321420359728052 0.306935601346593 0.29357207344815 0.281192160712729 0.269674728626743 0.258920414377984 0.248360878225023 0.240440530886895 0.233668315862432 0.226669361819118 0.21947276715465 0.212111645156334 0.20463599256929 0.197102911436716 0.189569410807793 0.182090666377081 0.175138775674252 0.164786753354112 0.15196424178261 0.137327635761058
87 0.418867903486594 0.394928712017518 0.373643317765287 0.354525206667942 0.337211338947803 0.321420359728052 0.306935601346594 0.29357207344815 0.281192160712729 0.269674728626743 0.258920414377984 0.248360878225024 0.240440530886895 0.233668315862431 0.226669361819118 0.21947276715465 0.212111645156333 0.204635992569289 0.197102911436716 0.189569410807793 0.182090666377081 0.175138775674253 0.164786753354112 0.15196424178261 0.137327635761058
88 0.418867903486595 0.394928712017519 0.373643317765287 0.354525206667941 0.337211338947804 0.321420359728052 0.306935601346593 0.29357207344815 0.281192160712729 0.269674728626743 0.258920414377984 0.248360878225024 0.240440530886895 0.233668315862432 0.226669361819119 0.21947276715465 0.212111645156334 0.20463599256929 0.197102911436716 0.189569410807793 0.182090666377081 0.175138775674253 0.164786753354112 0.15196424178261 0.137327635761058
89 0.418867903486594 0.394928712017519 0.373643317765287 0.354525206667942 0.337211338947803 0.321420359728052 0.306935601346594 0.29357207344815 0.281192160712729 0.269674728626743 0.258920414377984 0.248360878225023 0.240440530886895 0.233668315862431 0.226669361819118 0.21947276715465 0.212111645156333 0.204635992569289 0.197102911436716 0.189569410807793 0.182090666377081 0.175138775674253 0.164786753354112 0.15196424178261 0.137327635761058
90 0.542183982068498 0.51830064528079 0.496591906779019 0.476706065062622 0.458374543027888 0.441383665275886 0.425566673746055 0.410774588593383 0.39689806550472 0.383836702888159 0.371507135634204 0.359273715418999 0.350014163225062 0.342039374756625 0.333741346109003 0.325148798191387 0.316295993718937 0.307238634413354 0.298042729484366 0.288776129062334 0.279506426446682 0.270825791816574 0.25778303022689 0.241428998963991 0.222481119707942
91 0.542183982068499 0.51830064528079 0.49659190677902 0.476706065062623 0.458374543027888 0.441383665275886 0.425566673746055 0.410774588593384 0.39689806550472 0.383836702888159 0.371507135634204 0.359273715419 0.350014163225061 0.342039374756625 0.333741346109003 0.325148798191387 0.316295993718937 0.307238634413354 0.298042729484365 0.288776129062334 0.279506426446683 0.270825791816574 0.25778303022689 0.241428998963991 0.222481119707942
92 0.542183982068498 0.518300645280789 0.496591906779019 0.476706065062621 0.458374543027887 0.441383665275886 0.425566673746055 0.410774588593383 0.39689806550472 0.383836702888159 0.371507135634203 0.359273715418999 0.350014163225062 0.342039374756624 0.333741346109003 0.325148798191386 0.316295993718937 0.307238634413354 0.298042729484365 0.288776129062334 0.279506426446682 0.270825791816574 0.257783030226889 0.241428998963991 0.222481119707942
93 0.542183982068498 0.51830064528079 0.496591906779019 0.476706065062623 0.458374543027888 0.441383665275886 0.425566673746055 0.410774588593383 0.39689806550472 0.383836702888159 0.371507135634204 0.359273715419 0.350014163225062 0.342039374756625 0.333741346109003 0.325148798191387 0.316295993718938 0.307238634413355 0.298042729484366 0.288776129062334 0.279506426446683 0.270825791816574 0.25778303022689 0.241428998963991 0.222481119707942
94 0.542183982068498 0.51830064528079 0.496591906779019 0.476706065062622 0.458374543027888 0.441383665275886 0.425566673746055 0.410774588593384 0.39689806550472 0.383836702888159 0.371507135634204 0.359273715418999 0.350014163225061 0.342039374756625 0.333741346109003 0.325148798191387 0.316295993718937 0.307238634413354 0.298042729484365 0.288776129062334 0.279506426446682 0.270825791816574 0.257783030226889 0.241428998963991 0.222481119707942
95 0.632060376526236 0.611700477116903 0.593080083332318 0.57594374219957 0.560093361218847 0.545368456431688 0.531642235014661 0.518798324781091 0.506751127822501 0.495420149005359 0.484737717638401 0.474157597460906 0.466165632800818 0.459295966160292 0.452162969715486 0.44479511918204 0.437225911334676 0.429507252029889 0.42169957825278 0.413864346183188 0.406062009118317 0.398790310062414 0.387933220421157 0.374447651652274 0.35902083832226
96 0.632060376526236 0.611700477116903 0.593080083332317 0.57594374219957 0.560093361218847 0.545368456431688 0.531642235014661 0.518798324781091 0.506751127822501 0.49542014900536 0.484737717638401 0.474157597460906 0.466165632800818 0.459295966160292 0.452162969715487 0.44479511918204 0.437225911334676 0.429507252029889 0.421699578252779 0.413864346183187 0.406062009118317 0.398790310062414 0.387933220421157 0.374447651652275 0.35902083832226
97 0.632060376526236 0.611700477116903 0.593080083332318 0.57594374219957 0.560093361218847 0.545368456431687 0.531642235014662 0.518798324781091 0.5067511278225 0.495420149005359 0.484737717638401 0.474157597460905 0.466165632800818 0.459295966160292 0.452162969715486 0.44479511918204 0.437225911334676 0.429507252029889 0.421699578252779 0.413864346183188 0.406062009118316 0.398790310062415 0.387933220421158 0.374447651652274 0.35902083832226
98 0.632060376526236 0.611700477116903 0.593080083332317 0.575943742199569 0.560093361218848 0.545368456431688 0.531642235014661 0.518798324781091 0.506751127822501 0.495420149005359 0.484737717638401 0.474157597460907 0.466165632800818 0.459295966160292 0.452162969715487 0.44479511918204 0.437225911334676 0.429507252029889 0.42169957825278 0.413864346183188 0.406062009118317 0.398790310062414 0.387933220421157 0.374447651652275 0.35902083832226
99 0.632060376526236 0.611700477116903 0.593080083332318 0.57594374219957 0.560093361218847 0.545368456431688 0.531642235014661 0.518798324781091 0.506751127822501 0.49542014900536 0.484737717638402 0.474157597460905 0.466165632800818 0.459295966160292 0.452162969715487 0.44479511918204 0.437225911334675 0.429507252029889 0.42169957825278 0.413864346183188 0.406062009118317 0.398790310062414 0.387933220421157 0.374447651652275 0.35902083832226
100 0.632060376526236 0.611700477116905 0.593080083332317 0.57594374219957 0.560093361218847 0.545368456431688 0.531642235014662 0.518798324781091 0.506751127822501 0.495420149005359 0.484737717638401 0.474157597460907 0.466165632800817 0.459295966160292 0.452162969715486 0.44479511918204 0.437225911334676 0.429507252029889 0.421699578252779 0.413864346183188 0.406062009118316 0.398790310062414 0.387933220421158 0.374447651652275 0.35902083832226
101 0.632060376526236 0.611700477116903 0.593080083332317 0.575943742199569 0.560093361218848 0.545368456431688 0.531642235014661 0.518798324781091 0.506751127822501 0.495420149005359 0.484737717638401 0.474157597460905 0.466165632800819 0.459295966160292 0.452162969715487 0.44479511918204 0.437225911334676 0.429507252029889 0.42169957825278 0.413864346183187 0.406062009118317 0.398790310062414 0.387933220421157 0.374447651652275 0.35902083832226
102 0.632060376526236 0.611700477116903 0.593080083332317 0.575943742199571 0.560093361218847 0.545368456431688 0.531642235014661 0.518798324781091 0.506751127822501 0.49542014900536 0.484737717638401 0.474157597460907 0.466165632800817 0.459295966160292 0.452162969715486 0.44479511918204 0.437225911334675 0.429507252029889 0.42169957825278 0.413864346183188 0.406062009118316 0.398790310062414 0.387933220421157 0.374447651652274 0.35902083832226
103 0.632060376526238 0.611700477116903 0.593080083332318 0.575943742199569 0.560093361218847 0.545368456431688 0.531642235014662 0.518798324781091 0.506751127822501 0.495420149005359 0.484737717638402 0.474157597460905 0.466165632800819 0.459295966160292 0.452162969715487 0.44479511918204 0.437225911334676 0.429507252029889 0.42169957825278 0.413864346183187 0.406062009118316 0.398790310062414 0.387933220421157 0.374447651652274 0.35902083832226
104 0.632060376526236 0.611700477116903 0.593080083332317 0.575943742199571 0.560093361218847 0.545368456431686 0.53164223501466 0.518798324781091 0.506751127822501 0.495420149005359 0.484737717638401 0.474157597460907 0.466165632800817 0.459295966160292 0.452162969715487 0.44479511918204 0.437225911334676 0.429507252029889 0.42169957825278 0.413864346183187 0.406062009118317 0.398790310062414 0.387933220421158 0.374447651652275 0.35902083832226
105 0.632060376526236 0.611700477116903 0.593080083332318 0.575943742199569 0.560093361218847 0.545368456431689 0.531642235014662 0.518798324781091 0.506751127822501 0.49542014900536 0.484737717638402 0.474157597460905 0.466165632800819 0.459295966160292 0.452162969715487 0.44479511918204 0.437225911334675 0.429507252029889 0.421699578252779 0.413864346183187 0.406062009118316 0.398790310062414 0.387933220421158 0.374447651652275 0.35902083832226
106 0.632060376526236 0.611700477116903 0.593080083332317 0.575943742199569 0.560093361218847 0.545368456431686 0.53164223501466 0.518798324781091 0.506751127822499 0.495420149005359 0.484737717638401 0.474157597460907 0.466165632800817 0.459295966160293 0.452162969715486 0.44479511918204 0.437225911334676 0.429507252029889 0.42169957825278 0.413864346183188 0.406062009118316 0.398790310062415 0.387933220421158 0.374447651652275 0.35902083832226
107 0.632060376526236 0.611700477116903 0.593080083332317 0.575943742199571 0.560093361218847 0.545368456431689 0.531642235014662 0.518798324781092 0.506751127822501 0.495420149005359 0.484737717638401 0.474157597460905 0.466165632800818 0.459295966160292 0.452162969715487 0.44479511918204 0.437225911334676 0.42950725202989 0.42169957825278 0.413864346183188 0.406062009118317 0.398790310062413 0.387933220421157 0.374447651652275 0.359020838322261
108 0.632060376526236 0.611700477116903 0.593080083332317 0.575943742199569 0.560093361218849 0.545368456431686 0.531642235014662 0.518798324781092 0.506751127822501 0.495420149005358 0.484737717638401 0.474157597460907 0.466165632800818 0.459295966160292 0.452162969715487 0.44479511918204 0.437225911334675 0.429507252029888 0.421699578252779 0.413864346183187 0.406062009118316 0.398790310062415 0.387933220421158 0.374447651652275 0.359020838322259
109 0.632060376526236 0.611700477116903 0.593080083332317 0.575943742199569 0.560093361218847 0.545368456431688 0.531642235014662 0.518798324781091 0.506751127822501 0.49542014900536 0.484737717638401 0.474157597460905 0.466165632800818 0.459295966160292 0.452162969715486 0.44479511918204 0.437225911334675 0.42950725202989 0.42169957825278 0.413864346183187 0.406062009118316 0.398790310062413 0.387933220421157 0.374447651652274 0.359020838322259
110 0.632060376526236 0.611700477116903 0.593080083332318 0.575943742199571 0.560093361218847 0.545368456431688 0.53164223501466 0.518798324781091 0.506751127822501 0.49542014900536 0.484737717638403 0.474157597460907 0.466165632800818 0.459295966160293 0.452162969715487 0.44479511918204 0.437225911334677 0.429507252029888 0.42169957825278 0.413864346183187 0.406062009118317 0.398790310062415 0.387933220421158 0.374447651652275 0.359020838322261
111 0.632060376526236 0.611700477116903 0.593080083332318 0.575943742199571 0.560093361218847 0.545368456431688 0.53164223501466 0.518798324781092 0.506751127822501 0.49542014900536 0.484737717638399 0.474157597460905 0.466165632800817 0.45929596616029 0.452162969715487 0.44479511918204 0.437225911334675 0.42950725202989 0.42169957825278 0.413864346183187 0.406062009118316 0.398790310062413 0.387933220421158 0.374447651652275 0.359020838322259
112 0.632060376526236 0.611700477116903 0.593080083332317 0.575943742199569 0.560093361218847 0.545368456431688 0.531642235014662 0.518798324781092 0.506751127822501 0.49542014900536 0.484737717638403 0.474157597460907 0.466165632800819 0.459295966160294 0.452162969715485 0.44479511918204 0.437225911334675 0.429507252029888 0.42169957825278 0.413864346183189 0.406062009118317 0.398790310062415 0.387933220421157 0.374447651652275 0.359020838322261
113 0.632060376526236 0.611700477116903 0.593080083332317 0.575943742199569 0.560093361218847 0.545368456431686 0.531642235014662 0.518798324781091 0.506751127822501 0.495420149005358 0.484737717638401 0.474157597460905 0.466165632800819 0.45929596616029 0.452162969715489 0.44479511918204 0.437225911334677 0.42950725202989 0.421699578252779 0.413864346183187 0.406062009118316 0.398790310062413 0.387933220421158 0.374447651652275 0.359020838322259
114 0.632060376526236 0.611700477116903 0.593080083332317 0.575943742199571 0.560093361218847 0.545368456431689 0.531642235014662 0.518798324781091 0.506751127822501 0.495420149005358 0.484737717638401 0.474157597460907 0.466165632800817 0.459295966160294 0.452162969715485 0.44479511918204 0.437225911334675 0.429507252029888 0.42169957825278 0.413864346183187 0.406062009118317 0.398790310062415 0.387933220421157 0.374447651652275 0.359020838322259
115 0.632060376526236 0.611700477116903 0.593080083332318 0.575943742199571 0.560093361218847 0.545368456431686 0.53164223501466 0.518798324781092 0.506751127822501 0.49542014900536 0.484737717638403 0.474157597460905 0.466165632800817 0.45929596616029 0.452162969715487 0.44479511918204 0.437225911334675 0.42950725202989 0.42169957825278 0.413864346183187 0.406062009118316 0.398790310062413 0.387933220421158 0.374447651652275 0.359020838322261
116 0.632060376526236 0.611700477116903 0.593080083332317 0.575943742199568 0.560093361218847 0.545368456431689 0.531642235014662 0.518798324781092 0.506751127822501 0.49542014900536 0.484737717638399 0.474157597460907 0.466165632800819 0.459295966160294 0.452162969715487 0.44479511918204 0.437225911334677 0.429507252029888 0.421699578252779 0.413864346183187 0.406062009118316 0.398790310062415 0.387933220421158 0.374447651652275 0.359020838322259
117 0.632060376526236 0.611700477116903 0.593080083332318 0.575943742199571 0.560093361218847 0.545368456431686 0.53164223501466 0.518798324781089 0.506751127822501 0.49542014900536 0.484737717638403 0.474157597460905 0.466165632800819 0.45929596616029 0.452162969715487 0.44479511918204 0.437225911334675 0.42950725202989 0.421699578252779 0.413864346183189 0.406062009118317 0.398790310062413 0.387933220421157 0.374447651652274 0.359020838322259
118 0.632060376526236 0.611700477116906 0.593080083332317 0.575943742199571 0.560093361218847 0.545368456431689 0.531642235014662 0.518798324781092 0.506751127822501 0.49542014900536 0.484737717638401 0.474157597460907 0.466165632800817 0.459295966160294 0.452162969715487 0.44479511918204 0.437225911334675 0.42950725202989 0.421699578252781 0.413864346183187 0.406062009118317 0.398790310062415 0.387933220421158 0.374447651652275 0.359020838322261
119 0.632060376526236 0.611700477116903 0.593080083332317 0.575943742199568 0.560093361218847 0.545368456431686 0.531642235014662 0.518798324781092 0.506751127822501 0.495420149005356 0.484737717638401 0.474157597460905 0.466165632800817 0.459295966160292 0.452162969715485 0.44479511918204 0.437225911334677 0.429507252029888 0.421699578252781 0.413864346183187 0.406062009118315 0.398790310062415 0.387933220421157 0.374447651652275 0.359020838322259
120 0.632060376526236 0.611700477116903 0.593080083332317 0.575943742199571 0.560093361218847 0.545368456431689 0.53164223501466 0.518798324781092 0.506751127822501 0.49542014900536 0.484737717638401 0.474157597460907 0.466165632800817 0.459295966160292 0.452162969715489 0.44479511918204 0.437225911334675 0.42950725202989 0.421699578252779 0.413864346183187 0.406062009118317 0.398790310062413 0.387933220421158 0.374447651652275 0.359020838322261
121 0.632060376526236 0.611700477116903 0.593080083332317 0.575943742199571 0.560093361218851 0.545368456431686 0.531642235014662 0.518798324781089 0.506751127822501 0.49542014900536 0.484737717638401 0.474157597460907 0.46616563280082 0.459295966160292 0.452162969715485 0.44479511918204 0.437225911334675 0.429507252029888 0.421699578252779 0.413864346183187 0.406062009118317 0.398790310062415 0.387933220421158 0.374447651652274 0.359020838322259
122 0.632060376526236 0.611700477116903 0.59308008333232 0.575943742199568 0.560093361218844 0.545368456431686 0.531642235014662 0.518798324781092 0.506751127822501 0.49542014900536 0.484737717638401 0.474157597460905 0.466165632800817 0.459295966160292 0.452162969715489 0.44479511918204 0.437225911334677 0.42950725202989 0.421699578252781 0.413864346183187 0.406062009118315 0.398790310062413 0.387933220421158 0.374447651652276 0.359020838322259
123 0.632060376526236 0.611700477116903 0.593080083332314 0.575943742199571 0.560093361218851 0.545368456431689 0.53164223501466 0.518798324781092 0.506751127822501 0.49542014900536 0.484737717638403 0.474157597460905 0.466165632800817 0.459295966160292 0.452162969715485 0.44479511918204 0.437225911334675 0.429507252029888 0.421699578252779 0.413864346183189 0.406062009118317 0.398790310062415 0.387933220421158 0.374447651652274 0.359020838322261
124 0.632060376526236 0.611700477116903 0.59308008333232 0.575943742199571 0.560093361218844 0.545368456431686 0.531642235014662 0.518798324781092 0.506751127822501 0.49542014900536 0.484737717638401 0.474157597460907 0.466165632800817 0.459295966160292 0.452162969715485 0.44479511918204 0.437225911334675 0.42950725202989 0.421699578252779 0.413864346183187 0.406062009118317 0.398790310062413 0.387933220421158 0.374447651652274 0.359020838322259
125 0.632060376526236 0.611700477116903 0.593080083332317 0.575943742199571 0.560093361218851 0.545368456431689 0.531642235014659 0.518798324781089 0.506751127822501 0.495420149005356 0.484737717638401 0.474157597460907 0.46616563280082 0.459295966160292 0.452162969715489 0.44479511918204 0.437225911334677 0.429507252029888 0.421699578252781 0.413864346183187 0.406062009118315 0.398790310062415 0.387933220421155 0.374447651652276 0.359020838322259
126 0.632060376526236 0.611700477116903 0.593080083332317 0.575943742199568 0.560093361218844 0.545368456431686 0.531642235014665 0.518798324781092 0.506751127822501 0.49542014900536 0.484737717638401 0.474157597460905 0.466165632800817 0.459295966160292 0.452162969715485 0.44479511918204 0.437225911334675 0.42950725202989 0.421699578252779 0.413864346183187 0.406062009118317 0.398790310062413 0.387933220421158 0.374447651652274 0.359020838322261
127 0.632060376526239 0.611700477116903 0.593080083332317 0.575943742199571 0.560093361218851 0.545368456431689 0.531642235014659 0.518798324781092 0.506751127822501 0.49542014900536 0.484737717638401 0.474157597460905 0.466165632800817 0.459295966160292 0.452162969715489 0.44479511918204 0.437225911334675 0.42950725202989 0.421699578252779 0.413864346183187 0.406062009118317 0.398790310062415 0.387933220421158 0.374447651652276 0.359020838322259
128 0.632060376526234 0.611700477116903 0.593080083332317 0.575943742199571 0.560093361218844 0.545368456431686 0.531642235014662 0.518798324781092 0.506751127822501 0.49542014900536 0.484737717638401 0.474157597460907 0.466165632800817 0.459295966160292 0.452162969715485 0.44479511918204 0.437225911334677 0.429507252029888 0.421699578252781 0.413864346183187 0.406062009118315 0.398790310062413 0.387933220421158 0.374447651652274 0.359020838322261
129 0.632060376526239 0.611700477116903 0.59308008333232 0.575943742199568 0.560093361218851 0.545368456431689 0.531642235014662 0.518798324781089 0.506751127822501 0.49542014900536 0.484737717638401 0.474157597460907 0.466165632800817 0.459295966160292 0.452162969715489 0.44479511918204 0.437225911334675 0.42950725202989 0.421699578252779 0.413864346183189 0.406062009118317 0.398790310062415 0.387933220421155 0.374447651652276 0.359020838322259
130 0.632060376526234 0.611700477116903 0.593080083332317 0.575943742199571 0.560093361218844 0.545368456431686 0.531642235014659 0.518798324781092 0.506751127822501 0.49542014900536 0.484737717638403 0.474157597460905 0.46616563280082 0.459295966160292 0.452162969715485 0.44479511918204 0.437225911334675 0.429507252029888 0.421699578252781 0.413864346183187 0.406062009118317 0.398790310062413 0.387933220421158 0.374447651652274 0.359020838322261
131 0.632060376526239 0.611700477116903 0.593080083332317 0.575943742199571 0.560093361218851 0.545368456431689 0.531642235014665 0.518798324781092 0.506751127822501 0.495420149005356 0.484737717638401 0.474157597460905 0.466165632800817 0.459295966160292 0.452162969715485 0.44479511918204 0.437225911334677 0.42950725202989 0.421699578252779 0.413864346183187 0.406062009118315 0.398790310062415 0.387933220421158 0.374447651652276 0.359020838322259
132 0.632060376526234 0.611700477116903 0.593080083332317 0.575943742199571 0.560093361218847 0.545368456431686 0.531642235014659 0.518798324781092 0.506751127822501 0.49542014900536 0.484737717638403 0.474157597460907 0.466165632800817 0.459295966160292 0.452162969715489 0.44479511918204 0.437225911334675 0.429507252029888 0.421699578252779 0.413864346183187 0.406062009118317 0.398790310062413 0.387933220421158 0.374447651652274 0.359020838322259
133 0.632060376526239 0.611700477116903 0.593080083332317 0.575943742199568 0.560093361218847 0.545368456431686 0.531642235014662 0.518798324781089 0.506751127822501 0.49542014900536 0.484737717638399 0.474157597460907 0.466165632800817 0.459295966160292 0.452162969715485 0.44479511918204 0.437225911334675 0.42950725202989 0.421699578252781 0.413864346183187 0.406062009118317 0.398790310062415 0.387933220421158 0.374447651652274 0.359020838322261
134 0.632060376526234 0.611700477116903 0.593080083332317 0.575943742199571 0.560093361218847 0.545368456431689 0.531642235014662 0.518798324781092 0.506751127822501 0.49542014900536 0.484737717638399 0.474157597460903 0.46616563280082 0.459295966160292 0.452162969715489 0.44479511918204 0.437225911334675 0.429507252029888 0.421699578252779 0.413864346183189 0.406062009118317 0.398790310062413 0.387933220421155 0.374447651652276 0.359020838322259
135 0.632060376526239 0.611700477116903 0.593080083332317 0.575943742199571 0.560093361218847 0.545368456431689 0.531642235014662 0.518798324781092 0.506751127822497 0.49542014900536 0.484737717638403 0.474157597460905 0.466165632800817 0.459295966160292 0.452162969715485 0.44479511918204 0.437225911334677 0.42950725202989 0.421699578252779 0.413864346183187 0.406062009118315 0.398790310062415 0.387933220421158 0.374447651652274 0.359020838322259
136 0.632060376526234 0.611700477116903 0.59308008333232 0.575943742199571 0.560093361218847 0.545368456431686 0.531642235014662 0.518798324781092 0.506751127822501 0.49542014900536 0.484737717638403 0.474157597460909 0.466165632800817 0.459295966160292 0.452162969715485 0.44479511918204 0.437225911334675 0.429507252029888 0.421699578252781 0.413864346183187 0.406062009118317 0.398790310062413 0.387933220421158 0.374447651652276 0.359020838322261
137 0.632060376526239 0.611700477116903 0.593080083332317 0.575943742199568 0.560093361218847 0.545368456431686 0.531642235014659 0.518798324781089 0.506751127822501 0.495420149005356 0.484737717638403 0.474157597460905 0.466165632800817 0.459295966160294 0.452162969715489 0.44479511918204 0.437225911334675 0.42950725202989 0.421699578252779 0.413864346183187 0.406062009118317 0.398790310062415 0.387933220421158 0.374447651652274 0.359020838322259
138 0.632060376526234 0.611700477116903 0.593080083332317 0.575943742199571 0.560093361218847 0.545368456431689 0.531642235014665 0.518798324781092 0.506751127822501 0.49542014900536 0.484737717638399 0.474157597460905 0.46616563280082 0.45929596616029 0.452162969715485 0.44479511918204 0.437225911334677 0.429507252029888 0.421699578252779 0.413864346183187 0.406062009118315 0.398790310062413 0.387933220421158 0.374447651652276 0.359020838322259
139 0.632060376526239 0.611700477116903 0.593080083332317 0.575943742199571 0.560093361218847 0.545368456431686 0.531642235014659 0.518798324781092 0.506751127822501 0.49542014900536 0.484737717638399 0.474157597460905 0.466165632800817 0.45929596616029 0.452162969715489 0.44479511918204 0.437225911334675 0.42950725202989 0.421699578252781 0.413864346183187 0.406062009118317 0.398790310062415 0.387933220421158 0.374447651652274 0.359020838322261
140 0.632060376526234 0.611700477116903 0.593080083332317 0.575943742199568 0.560093361218847 0.545368456431689 0.531642235014659 0.518798324781089 0.506751127822504 0.49542014900536 0.484737717638403 0.474157597460909 0.466165632800817 0.459295966160294 0.452162969715485 0.44479511918204 0.437225911334675 0.429507252029888 0.421699578252779 0.413864346183189 0.406062009118317 0.398790310062413 0.387933220421155 0.374447651652274 0.359020838322259
141 0.632060376526239 0.611700477116903 0.593080083332317 0.575943742199571 0.560093361218847 0.545368456431686 0.531642235014665 0.518798324781092 0.506751127822501 0.49542014900536 0.484737717638403 0.474157597460905 0.466165632800817 0.459295966160294 0.452162969715489 0.44479511918204 0.437225911334675 0.42950725202989 0.421699578252781 0.413864346183187 0.406062009118315 0.398790310062415 0.387933220421158 0.374447651652276 0.359020838322261
142 0.632060376526234 0.611700477116903 0.59308008333232 0.575943742199571 0.560093361218847 0.545368456431689 0.531642235014659 0.518798324781092 0.506751127822497 0.49542014900536 0.484737717638403 0.474157597460905 0.466165632800817 0.45929596616029 0.452162969715485 0.44479511918204 0.437225911334677 0.429507252029888 0.421699578252779 0.413864346183187 0.406062009118317 0.398790310062415 0.387933220421158 0.374447651652274 0.359020838322259
143 0.632060376526239 0.611700477116903 0.593080083332317 0.575943742199568 0.560093361218847 0.545368456431686 0.531642235014665 0.518798324781092 0.506751127822501 0.49542014900536 0.484737717638395 0.474157597460905 0.46616563280082 0.459295966160294 0.452162969715485 0.44479511918204 0.437225911334673 0.429507252029888 0.421699578252779 0.413864346183187 0.406062009118317 0.398790310062413 0.387933220421158 0.374447651652276 0.359020838322259
144 0.632060376526234 0.611700477116903 0.593080083332317 0.575943742199571 0.560093361218847 0.545368456431689 0.531642235014659 0.518798324781092 0.506751127822501 0.495420149005356 0.484737717638403 0.474157597460905 0.466165632800817 0.459295966160294 0.452162969715489 0.44479511918204 0.437225911334677 0.429507252029892 0.421699578252781 0.413864346183187 0.406062009118315 0.398790310062415 0.387933220421158 0.374447651652274 0.359020838322261
145 0.632060376526239 0.611700477116903 0.593080083332317 0.575943742199571 0.560093361218847 0.545368456431686 0.531642235014659 0.518798324781089 0.506751127822501 0.49542014900536 0.484737717638403 0.474157597460909 0.466165632800817 0.45929596616029 0.452162969715485 0.44479511918204 0.437225911334677 0.429507252029888 0.421699578252781 0.413864346183189 0.406062009118317 0.398790310062413 0.387933220421155 0.374447651652276 0.359020838322259
146 0.632060376526234 0.611700477116903 0.593080083332317 0.575943742199571 0.560093361218847 0.545368456431689 0.531642235014665 0.518798324781092 0.506751127822501 0.49542014900536 0.484737717638403 0.474157597460905 0.466165632800817 0.45929596616029 0.452162969715489 0.44479511918204 0.437225911334673 0.429507252029888 0.421699578252777 0.413864346183189 0.406062009118317 0.398790310062415 0.387933220421158 0.374447651652274 0.359020838322261
147 0.632060376526239 0.611700477116903 0.593080083332317 0.575943742199568 0.560093361218847 0.545368456431686 0.531642235014659 0.518798324781092 0.506751127822501 0.49542014900536 0.484737717638403 0.474157597460905 0.466165632800817 0.45929596616029 0.452162969715485 0.44479511918204 0.437225911334677 0.429507252029888 0.421699578252781 0.413864346183187 0.406062009118313 0.398790310062413 0.387933220421158 0.374447651652274 0.359020838322259
148 0.632060376526234 0.611700477116903 0.593080083332317 0.575943742199571 0.560093361218851 0.545368456431686 0.531642235014665 0.518798324781089 0.506751127822501 0.49542014900536 0.484737717638395 0.474157597460909 0.46616563280082 0.459295966160298 0.452162969715489 0.44479511918204 0.437225911334677 0.429507252029892 0.421699578252781 0.413864346183187 0.406062009118319 0.398790310062415 0.387933220421158 0.374447651652276 0.359020838322259
149 0.632060376526239 0.611700477116903 0.59308008333232 0.575943742199571 0.560093361218847 0.545368456431689 0.531642235014659 0.518798324781092 0.506751127822501 0.49542014900536 0.484737717638403 0.474157597460905 0.466165632800817 0.45929596616029 0.452162969715485 0.44479511918204 0.437225911334673 0.429507252029888 0.421699578252777 0.413864346183187 0.406062009118319 0.398790310062415 0.387933220421158 0.374447651652274 0.359020838322261
150 1 1 1 1 1 1 1 1 1 1 1 1 1 1 1 1 1 1 1 1 1 1 1 1 1
