age 1 2 3 4 5 6 7 8 9 10 11 12 13 14 15 16 17 18 19 20 21 22 23 24 25
0 0.36555423844 0.33399320224 0.30556192556 0.27973706576 0.25611698592 0.23438684388 0.21429140352 0.19562843868 0.17822242928 0.1619379948 0.1466483618 0.13225692184 0.11879343772 0.106044486757669 0.0939416967135468 0.0823129486691771 0.0711686085327363 0.0605192244453957 0.0503626941331667 0.0406936289199651 0.0311712796505586 0.0228232832429368 0.0153005529583272 0.00905749344075879 0.00445507701608072
1 0.0730708408567992 0.0655730140895324 0.0589698938091427 0.0530902780857595 0.0478068939693791 0.0430227371187256 0.0386614508827951 0.0346635409696152 0.0309791376822672 0.0275697874478816 0.0244010287908241 0.021446369154852 0.018592721803167 0.0154087214291524 0.0128558500059051 0.0105605538165562 0.00848485965145131 0.00659433003361511 0.00485678800954266 0.00324487973647034 0.00195858735652864 0.00117547261414421 0.00061100841975582 0.000259258261081222 8.12944691431019e-05
2 0.0730708408567992 0.0655730140895323 0.0589698938091427 0.0530902780857595 0.0478068939693791 0.0430227371187256 0.038661450882795 0.0346635409696152 0.0309791376822673 0.0275697874478816 0.0244010287908241 0.021446369154852 0.0185927218031671 0.0154087214291524 0.0128558500059051 0.0105605538165562 0.00848485965145131 0.00659433003361512 0.00485678800954266 0.00324487973647033 0.00195858735652864 0.00117547261414421 0.000611008419755819 0.000259258261081222 8.12944691431027e-05
3 0.0730708408567992 0.0655730140895324 0.0589698938091426 0.0530902780857595 0.0478068939693791 0.0430227371187256 0.038661450882795 0.0346635409696152 0.0309791376822673 0.0275697874478816 0.0244010287908241 0.021446369154852 0.0185927218031671 0.0154087214291524 0.0128558500059051 0.0105605538165562 0.00848485965145131 0.00659433003361511 0.00485678800954266 0.00324487973647033 0.00195858735652864 0.00117547261414421 0.000611008419755822 0.000259258261081224 8.12944691431027e-05
4 0.0730708408567992 0.0655730140895323 0.0589698938091427 0.0530902780857595 0.0478068939693791 0.0430227371187256 0.0386614508827951 0.0346635409696152 0.0309791376822672 0.0275697874478815 0.0244010287908241 0.021446369154852 0.018592721803167 0.0154087214291524 0.0128558500059051 0.0105605538165562 0.00848485965145131 0.00659433003361511 0.00485678800954266 0.00324487973647034 0.00195858735652864 0.00117547261414421 0.000611008419755819 0.000259258261081222 8.12944691431019e-05
5 0.0150843299205731 0.01368237452522 0.0124262332564849 0.0112907607376291 0.0102567759926801 0.00930932567117188 0.00843636362574589 0.00762837361113928 0.00687716621110881 0.00617641567754735 0.00552026753273664 0.0049042430601127 0.00432931747793818 0.0037314139824552 0.00318946524172055 0.0026882199108785 0.00222401797393204 0.00179326915145604 0.00139210775427097 0.00101695461065931 0.00068483115806088 0.000446494399472521 0.000257989235910389 0.000125712862505314 4.75255315367082e-05
6 0.015084329920573 0.0136823745252202 0.0124262332564849 0.0112907607376291 0.0102567759926802 0.00930932567117188 0.00843636362574589 0.00762837361113928 0.00687716621110881 0.00617641567754735 0.0055202675327367 0.00490424306011273 0.00432931747793818 0.00373141398245523 0.00318946524172055 0.0026882199108785 0.00222401797393206 0.00179326915145604 0.00139210775427097 0.0010169546106593 0.00068483115806088 0.000446494399472518 0.000257989235910386 0.000125712862505312 4.75255315367082e-05
7 0.0150843299205731 0.01368237452522 0.0124262332564849 0.0112907607376292 0.0102567759926801 0.00930932567117194 0.00843636362574595 0.00762837361113928 0.00687716621110876 0.00617641567754729 0.00552026753273664 0.0049042430601127 0.00432931747793816 0.0037314139824552 0.00318946524172058 0.00268821991087853 0.00222401797393204 0.00179326915145604 0.00139210775427099 0.00101695461065931 0.000684831158060887 0.000446494399472521 0.000257989235910389 0.000125712862505314 4.75255315367082e-05
8 0.015084329920573 0.0136823745252202 0.0124262332564849 0.0112907607376291 0.0102567759926802 0.00930932567117188 0.00843636362574589 0.00762837361113928 0.00687716621110881 0.00617641567754735 0.0055202675327367 0.00490424306011273 0.00432931747793818 0.00373141398245523 0.00318946524172055 0.0026882199108785 0.00222401797393206 0.00179326915145604 0.00139210775427097 0.0010169546106593 0.00068483115806088 0.000446494399472518 0.000257989235910386 0.000125712862505312 4.75255315367082e-05
9 0.0150843299205731 0.01368237452522 0.0124262332564849 0.0112907607376291 0.0102567759926801 0.00930932567117188 0.00843636362574589 0.00762837361113928 0.00687716621110881 0.00617641567754735 0.00552026753273664 0.0049042430601127 0.00432931747793818 0.0037314139824552 0.00318946524172055 0.0026882199108785 0.00222401797393204 0.00179326915145604 0.00139210775427097 0.00101695461065931 0.00068483115806088 0.000446494399472521 0.000257989235910389 0.000125712862505314 4.75255315367082e-05
10 0.0117162959937591 0.0106328572496574 0.00966090485542183 0.00878135042955354 0.00797961178556925 0.00724430559549055 0.00656624798613663 0.00593817846523491 0.0053538367157573 0.00480838818226065 0.00429734679994646 0.0038172833076255 0.00336571327000035 0.0028756421600537 0.00246613570040977 0.00208478654336303 0.0017293371040382 0.00139756112373166 0.00108698053373715 0.000795279864046482 0.000550329139984329 0.000363608847629712 0.000213702844056343 0.000106476949670584 4.14827735598525e-05
11 0.0117162959937591 0.0106328572496574 0.00966090485542172 0.00878135042955343 0.00797961178556936 0.00724430559549055 0.00656624798613663 0.00593817846523486 0.0053538367157573 0.00480838818226065 0.0042973467999464 0.00381728330762556 0.00336571327000033 0.00287564216005373 0.00246613570040977 0.00208478654336306 0.0017293371040382 0.00139756112373166 0.00108698053373715 0.000795279864046482 0.000550329139984322 0.000363608847629712 0.000213702844056343 0.000106476949670584 4.14827735598534e-05
12 0.0117162959937589 0.0106328572496575 0.00966090485542183 0.00878135042955354 0.00797961178556925 0.0072443055954905 0.00656624798613669 0.00593817846523491 0.00535383671575735 0.0048083881822606 0.00429734679994646 0.0038172833076255 0.00336571327000035 0.0028756421600537 0.00246613570040974 0.00208478654336303 0.00172933710403821 0.00139756112373167 0.00108698053373715 0.000795279864046489 0.000550329139984329 0.000363608847629712 0.000213702844056347 0.000106476949670583 4.14827735598525e-05
13 0.0117162959937591 0.0106328572496574 0.00966090485542172 0.00878135042955343 0.00797961178556936 0.00724430559549061 0.00656624798613663 0.00593817846523486 0.0053538367157573 0.00480838818226065 0.0042973467999464 0.00381728330762556 0.00336571327000033 0.00287564216005373 0.00246613570040977 0.00208478654336306 0.00172933710403818 0.00139756112373166 0.00108698053373715 0.000795279864046482 0.000550329139984322 0.000363608847629715 0.000213702844056343 0.000106476949670584 4.14827735598534e-05
14 0.0117162959937591 0.0106328572496574 0.00966090485542183 0.00878135042955354 0.00797961178556925 0.0072443055954905 0.00656624798613663 0.00593817846523491 0.0053538367157573 0.00480838818226065 0.00429734679994646 0.0038172833076255 0.00336571327000035 0.0028756421600537 0.00246613570040977 0.00208478654336303 0.00172933710403821 0.00139756112373166 0.00108698053373715 0.000795279864046482 0.000550329139984329 0.000363608847629708 0.000213702844056343 0.000106476949670584 4.14827735598525e-05
15 0.0152586029464319 0.0138672751508173 0.0126206065692263 0.0114936567593794 0.0104674001514558 0.00952700390288452 0.00866051836767858 0.00785850330353613 0.00711283419363161 0.00641723546039505 0.00576589857539971 0.00515438007771597 0.00458365020786571 0.00408317895279521 0.00352823984108511 0.00301118559268936 0.00252955844113911 0.002080854105033 0.00166210779760666 0.00127043714665192 0.000886902806950735 0.000593364590062603 0.000358325640762351 0.00018501543214102 7.56511157735049e-05
16 0.0152586029464318 0.0138672751508172 0.0126206065692263 0.0114936567593794 0.0104674001514558 0.00952700390288463 0.00866051836767858 0.00785850330353613 0.00711283419363161 0.00641723546039499 0.00576589857539971 0.00515438007771603 0.00458365020786571 0.00408317895279521 0.00352823984108508 0.00301118559268936 0.00252955844113911 0.002080854105033 0.00166210779760666 0.0012704371466519 0.000886902806950742 0.000593364590062603 0.000358325640762347 0.000185015432141022 7.56511157735049e-05
17 0.0152586029464319 0.0138672751508173 0.0126206065692263 0.0114936567593794 0.0104674001514559 0.00952700390288452 0.00866051836767858 0.00785850330353613 0.00711283419363167 0.00641723546039505 0.00576589857539971 0.00515438007771597 0.00458365020786568 0.00408317895279519 0.00352823984108511 0.00301118559268933 0.00252955844113911 0.00208085410503298 0.00166210779760666 0.00127043714665192 0.000886902806950735 0.000593364590062596 0.000358325640762351 0.00018501543214102 7.56511157735049e-05
18 0.0152586029464318 0.0138672751508172 0.0126206065692263 0.0114936567593794 0.0104674001514558 0.00952700390288463 0.00866051836767853 0.00785850330353613 0.00711283419363161 0.00641723546039499 0.00576589857539971 0.00515438007771603 0.00458365020786571 0.00408317895279521 0.00352823984108508 0.00301118559268936 0.00252955844113911 0.002080854105033 0.00166210779760666 0.0012704371466519 0.000886902806950742 0.000593364590062603 0.000358325640762347 0.000185015432141022 7.56511157735049e-05
19 0.0152586029464319 0.0138672751508173 0.0126206065692263 0.0114936567593794 0.0104674001514558 0.00952700390288452 0.00866051836767864 0.00785850330353613 0.00711283419363161 0.00641723546039505 0.00576589857539971 0.00515438007771597 0.00458365020786571 0.00408317895279521 0.00352823984108511 0.00301118559268936 0.00252955844113911 0.002080854105033 0.00166210779760666 0.00127043714665192 0.000886902806950735 0.000593364590062603 0.000358325640762351 0.00018501543214102 7.56511157735049e-05
20 0.0190949067713281 0.0173625676698868 0.0158124077720586 0.0144127728006438 0.0131395552560569 0.0119739880676777 0.0109009767394995 0.00990860662103506 0.00898664499174377 0.00812718639283616 0.00732293389312959 0.00656830124642421 0.00586439704604265 0.00531268791353673 0.00461223208751191 0.00395850636776701 0.00334891827242053 0.00278077699289045 0.00225074113190379 0.00175548399916904 0.00127132898001927 0.000833778604352442 0.000512249329438099 0.00027055165551715 0.000114080688295113
21 0.0190949067713281 0.0173625676698868 0.0158124077720586 0.0144127728006437 0.013139555256057 0.0119739880676777 0.0109009767394995 0.00990860662103506 0.00898664499174377 0.00812718639283616 0.00732293389312965 0.00656830124642421 0.00586439704604265 0.00531268791353673 0.00461223208751193 0.00395850636776701 0.00334891827242053 0.00278077699289043 0.00225074113190379 0.00175548399916904 0.00127132898001926 0.000833778604352442 0.000512249329438099 0.00027055165551715 0.000114080688295113
22 0.0190949067713279 0.017362567669887 0.0158124077720586 0.0144127728006438 0.0131395552560569 0.0119739880676778 0.0109009767394994 0.009908606621035 0.00898664499174377 0.00812718639283621 0.00732293389312959 0.00656830124642421 0.0058643970460426 0.00531268791353675 0.00461223208751191 0.00395850636776704 0.00334891827242053 0.00278077699289045 0.00225074113190377 0.00175548399916902 0.00127132898001927 0.000833778604352442 0.000512249329438099 0.000270551655517152 0.000114080688295112
23 0.0190949067713281 0.0173625676698868 0.0158124077720586 0.0144127728006437 0.013139555256057 0.0119739880676777 0.0109009767394995 0.00990860662103511 0.00898664499174377 0.00812718639283616 0.00732293389312965 0.00656830124642421 0.00586439704604265 0.00531268791353673 0.00461223208751193 0.00395850636776701 0.00334891827242053 0.00278077699289043 0.00225074113190379 0.00175548399916904 0.00127132898001926 0.000833778604352442 0.000512249329438099 0.00027055165551715 0.000114080688295113
24 0.0190949067713281 0.0173625676698868 0.0158124077720586 0.0144127728006438 0.0131395552560569 0.0119739880676777 0.0109009767394995 0.009908606621035 0.00898664499174377 0.00812718639283616 0.00732293389312959 0.00656830124642421 0.00586439704604265 0.00531268791353673 0.00461223208751191 0.00395850636776701 0.00334891827242053 0.00278077699289045 0.00225074113190379 0.00175548399916904 0.00127132898001927 0.000833778604352442 0.000512249329438099 0.00027055165551715 0.000114080688295113
25 0.0214226255095542 0.0194827274708246 0.017748248352333 0.0161833249656516 0.0147606725385267 0.0134590702445778 0.0122614672565813 0.0111544119163713 0.0101263661175123 0.00916841517580363 0.00827234429456544 0.00743186189898964 0.00664814266198565 0.00603936560607992 0.00527034977505311 0.00454834105786789 0.00387140677555639 0.00323749998366854 0.0026438000449471 0.00208740862234534 0.00154237541044603 0.00103500925469021 0.00065078868930013 0.00035434715406857 0.000155707628050299
26 0.0214226255095542 0.0194827274708246 0.017748248352333 0.0161833249656515 0.0147606725385267 0.0134590702445779 0.0122614672565813 0.0111544119163714 0.0101263661175123 0.00916841517580358 0.00827234429456549 0.00743186189898964 0.00664814266198565 0.00603936560607992 0.00527034977505311 0.00454834105786789 0.00387140677555639 0.00323749998366851 0.00264380004494708 0.00208740862234534 0.00154237541044603 0.00103500925469021 0.000650788689300126 0.000354347154068568 0.000155707628050299
27 0.021422625509554 0.0194827274708246 0.0177482483523331 0.0161833249656516 0.0147606725385267 0.0134590702445778 0.0122614672565813 0.0111544119163713 0.0101263661175123 0.00916841517580363 0.00827234429456544 0.00743186189898959 0.00664814266198565 0.00603936560607992 0.00527034977505314 0.00454834105786789 0.00387140677555637 0.00323749998366854 0.0026438000449471 0.00208740862234533 0.00154237541044603 0.00103500925469021 0.00065078868930013 0.00035434715406857 0.000155707628050299
28 0.0214226255095542 0.0194827274708246 0.017748248352333 0.0161833249656515 0.0147606725385267 0.0134590702445779 0.0122614672565813 0.0111544119163714 0.0101263661175123 0.00916841517580358 0.00827234429456549 0.00743186189898964 0.00664814266198565 0.00603936560607992 0.00527034977505311 0.00454834105786789 0.00387140677555639 0.00323749998366851 0.0026438000449471 0.00208740862234534 0.00154237541044602 0.00103500925469021 0.000650788689300126 0.000354347154068568 0.000155707628050299
29 0.0214226255095542 0.0194827274708246 0.017748248352333 0.0161833249656516 0.0147606725385267 0.0134590702445778 0.0122614672565813 0.0111544119163713 0.0101263661175123 0.00916841517580363 0.00827234429456544 0.00743186189898964 0.00664814266198565 0.00603936560607992 0.00527034977505311 0.00454834105786789 0.00387140677555639 0.00323749998366854 0.00264380004494708 0.00208740862234534 0.00154237541044603 0.00103500925469021 0.00065078868930013 0.00035434715406857 0.000155707628050299
30 0.0242714705853347 0.0220685795237255 0.0201009924771908 0.0183273775252044 0.0167163314315625 0.0152434595354384 0.0138891862862427 0.012638079060697 0.0114769218503693 0.0103955028419723 0.00938443156503405 0.0084365124404156 0.00755298470237199 0.00682487308857189 0.00599058377445351 0.00520047095756229 0.0044536128549276 0.00374900675722009 0.00308478115259761 0.00245890187656816 0.00184311636867345 0.0012940363650331 0.000837166322063719 0.000473197424508244 0.000218743222655926
31 0.0242714705853347 0.0220685795237255 0.0201009924771908 0.0183273775252044 0.0167163314315625 0.0152434595354385 0.0138891862862426 0.0126380790606972 0.0114769218503693 0.0103955028419722 0.0093844315650341 0.0084365124404156 0.00755298470237193 0.00682487308857189 0.00599058377445348 0.00520047095756229 0.00445361285492763 0.00374900675722009 0.00308478115259762 0.00245890187656817 0.00184311636867345 0.0012940363650331 0.000837166322063715 0.000473197424508244 0.000218743222655927
32 0.0242714705853345 0.0220685795237255 0.0201009924771908 0.0183273775252044 0.0167163314315624 0.0152434595354384 0.0138891862862427 0.012638079060697 0.0114769218503693 0.0103955028419723 0.00938443156503405 0.0084365124404156 0.00755298470237199 0.00682487308857183 0.00599058377445348 0.00520047095756229 0.0044536128549276 0.00374900675722006 0.00308478115259762 0.00245890187656816 0.00184311636867343 0.00129403636503309 0.000837166322063719 0.000473197424508247 0.000218743222655926
33 0.0242714705853347 0.0220685795237255 0.0201009924771908 0.0183273775252044 0.0167163314315625 0.0152434595354385 0.0138891862862426 0.0126380790606972 0.0114769218503693 0.0103955028419723 0.0093844315650341 0.0084365124404156 0.00755298470237193 0.00682487308857189 0.00599058377445354 0.00520047095756229 0.00445361285492763 0.00374900675722009 0.00308478115259759 0.00245890187656817 0.00184311636867345 0.0012940363650331 0.000837166322063719 0.000473197424508244 0.000218743222655926
34 0.0242714705853347 0.0220685795237255 0.0201009924771908 0.0183273775252044 0.0167163314315625 0.0152434595354384 0.0138891862862427 0.012638079060697 0.0114769218503693 0.0103955028419722 0.00938443156503405 0.0084365124404156 0.00755298470237199 0.00682487308857189 0.00599058377445348 0.00520047095756229 0.0044536128549276 0.00374900675722009 0.00308478115259762 0.00245890187656816 0.00184311636867345 0.0012940363650331 0.000837166322063715 0.000473197424508244 0.000218743222655927
35 0.0265491702453068 0.0241620981986774 0.0220315589781244 0.0201122968677131 0.018369960595651 0.0167778884157266 0.0153147053313008 0.0139635686735665 0.0127100712110786 0.0115430803584736 0.0104523738096267 0.00943011602404693 0.00847757865001802 0.00766652778652735 0.0068036345075492 0.0059757854319839 0.00518375873995931 0.00442836165347362 0.00370950214555626 0.00302683713117801 0.00235101534609899 0.00173332572458348 0.00117574932778841 0.000707192238136708 0.000355629400638225
36 0.0265491702453068 0.0241620981986771 0.0220315589781244 0.0201122968677131 0.0183699605956511 0.0167778884157267 0.0153147053313008 0.0139635686735665 0.0127100712110786 0.0115430803584736 0.0104523738096267 0.00943011602404687 0.00847757865001796 0.00766652778652735 0.0068036345075492 0.0059757854319839 0.00518375873995931 0.00442836165347362 0.00370950214555628 0.00302683713117801 0.00235101534609897 0.00173332572458348 0.00117574932778842 0.000707192238136711 0.000355629400638225
37 0.0265491702453066 0.0241620981986774 0.0220315589781246 0.0201122968677131 0.018369960595651 0.0167778884157266 0.0153147053313007 0.0139635686735664 0.0127100712110786 0.0115430803584737 0.0104523738096267 0.00943011602404693 0.00847757865001802 0.0076665277865274 0.0068036345075492 0.00597578543198393 0.00518375873995928 0.00442836165347362 0.00370950214555626 0.00302683713117802 0.00235101534609899 0.00173332572458348 0.00117574932778841 0.000707192238136708 0.000355629400638226
38 0.0265491702453068 0.0241620981986771 0.0220315589781244 0.020112296867713 0.0183699605956511 0.0167778884157267 0.0153147053313008 0.0139635686735665 0.0127100712110786 0.0115430803584736 0.0104523738096267 0.00943011602404687 0.00847757865001796 0.00766652778652735 0.0068036345075492 0.00597578543198387 0.00518375873995931 0.00442836165347362 0.00370950214555628 0.00302683713117801 0.00235101534609899 0.00173332572458348 0.00117574932778842 0.000707192238136711 0.000355629400638225
39 0.0265491702453068 0.0241620981986774 0.0220315589781244 0.0201122968677133 0.018369960595651 0.0167778884157266 0.0153147053313008 0.0139635686735665 0.0127100712110786 0.0115430803584736 0.0104523738096268 0.00943011602404693 0.00847757865001802 0.00766652778652735 0.0068036345075492 0.00597578543198393 0.00518375873995931 0.00442836165347362 0.00370950214555626 0.00302683713117801 0.00235101534609897 0.00173332572458348 0.00117574932778841 0.000707192238136708 0.000355629400638225
40 0.0282216542239394 0.0257459037840412 0.023537007039713 0.0215477875926484 0.0197424534469788 0.0180932365151035 0.0165778849920544 0.0151788697636092 0.0138812047069419 0.0126733098237656 0.0115445595048839 0.0104868078271975 0.00950133782869892 0.00864976999267566 0.00779750688968123 0.00696646323732806 0.00615916257632007 0.00537840290970013 0.00462621382078583 0.00390439745106159 0.00319652110260423 0.00247954100870816 0.00179086559409838 0.00116960465237652 0.000657545118602843
41 0.0282216542239396 0.0257459037840412 0.0235370070397128 0.0215477875926484 0.0197424534469789 0.0180932365151033 0.0165778849920543 0.0151788697636092 0.0138812047069419 0.0126733098237656 0.0115445595048839 0.0104868078271974 0.00950133782869892 0.0086497699926756 0.00779750688968129 0.00696646323732806 0.00615916257632007 0.00537840290970013 0.0046262138207858 0.00390439745106159 0.00319652110260423 0.00247954100870816 0.00179086559409839 0.00116960465237652 0.000657545118602845
42 0.0282216542239394 0.025745903784041 0.023537007039713 0.0215477875926481 0.0197424534469789 0.0180932365151035 0.0165778849920544 0.0151788697636093 0.0138812047069418 0.0126733098237656 0.0115445595048839 0.0104868078271975 0.00950133782869892 0.00864976999267566 0.00779750688968123 0.006966463237328 0.00615916257632007 0.0053784029097001 0.00462621382078583 0.00390439745106159 0.00319652110260424 0.00247954100870815 0.00179086559409838 0.00116960465237652 0.000657545118602843
43 0.0282216542239396 0.0257459037840412 0.0235370070397128 0.0215477875926484 0.0197424534469788 0.0180932365151033 0.0165778849920543 0.0151788697636092 0.0138812047069419 0.0126733098237656 0.0115445595048839 0.0104868078271974 0.00950133782869892 0.0086497699926756 0.00779750688968129 0.00696646323732806 0.00615916257632007 0.00537840290970013 0.0046262138207858 0.00390439745106159 0.00319652110260423 0.00247954100870817 0.00179086559409839 0.00116960465237652 0.000657545118602845
44 0.0282216542239394 0.0257459037840412 0.023537007039713 0.0215477875926484 0.0197424534469788 0.0180932365151035 0.0165778849920544 0.0151788697636092 0.0138812047069419 0.0126733098237656 0.0115445595048839 0.0104868078271975 0.00950133782869892 0.00864976999267566 0.00779750688968123 0.00696646323732806 0.00615916257632007 0.00537840290970013 0.00462621382078583 0.00390439745106159 0.00319652110260423 0.00247954100870815 0.00179086559409838 0.00116960465237652 0.000657545118602843
45 0.0298904753340182 0.0273951236152893 0.0251689435157518 0.023164322848666 0.0213451434732814 0.0196833873708744 0.0181566050993519 0.0167471130155968 0.0154397950373994 0.0142229707267095 0.0130859242600133 0.0120204402359205 0.0110278025870224 0.0101862907725995 0.00936035568115661 0.00854140974229546 0.00773312723614347 0.00693979807384837 0.0061652206678415 0.00541314434707691 0.00465701569771942 0.00381356477881727 0.00295256669897211 0.00211225596737937 0.001343445008343
46 0.0298904753340184 0.0273951236152893 0.025168943515752 0.023164322848666 0.0213451434732816 0.0196833873708743 0.0181566050993519 0.0167471130155968 0.0154397950373994 0.0142229707267095 0.0130859242600134 0.0120204402359205 0.0110278025870223 0.0101862907725995 0.00936035568115656 0.00854140974229546 0.00773312723614347 0.00693979807384837 0.0061652206678415 0.00541314434707694 0.00465701569771942 0.00381356477881727 0.00295256669897211 0.00211225596737937 0.001343445008343
47 0.0298904753340182 0.0273951236152895 0.0251689435157518 0.0231643228486657 0.0213451434732814 0.0196833873708743 0.0181566050993518 0.0167471130155967 0.0154397950373994 0.0142229707267096 0.0130859242600133 0.0120204402359205 0.0110278025870224 0.0101862907725995 0.00936035568115661 0.00854140974229546 0.00773312723614352 0.00693979807384837 0.00616522066784148 0.00541314434707691 0.00465701569771943 0.00381356477881729 0.00295256669897211 0.00211225596737937 0.001343445008343
48 0.0298904753340184 0.0273951236152893 0.025168943515752 0.023164322848666 0.0213451434732816 0.0196833873708745 0.0181566050993519 0.0167471130155968 0.0154397950373994 0.0142229707267095 0.0130859242600134 0.0120204402359205 0.0110278025870224 0.0101862907725995 0.00936035568115661 0.00854140974229546 0.00773312723614347 0.00693979807384837 0.0061652206678415 0.00541314434707694 0.00465701569771942 0.00381356477881727 0.00295256669897211 0.00211225596737937 0.001343445008343
49 0.0298904753340182 0.0273951236152893 0.0251689435157518 0.023164322848666 0.0213451434732814 0.0196833873708743 0.0181566050993519 0.0167471130155968 0.0154397950373994 0.0142229707267095 0.0130859242600133 0.0120204402359205 0.0110278025870223 0.0101862907725995 0.00936035568115656 0.00854140974229546 0.00773312723614347 0.00693979807384837 0.0061652206678415 0.00541314434707691 0.00465701569771942 0.00381356477881727 0.00295256669897211 0.00211225596737937 0.001343445008343
50 0.0386455488097487 0.0354631714320238 0.0326319009635598 0.0300886031872496 0.0277855681379708 0.0256859112420186 0.0237601842504276 0.0219852378891038 0.020341367734815 0.0188133489053833 0.0173872882182378 0.016052523427266 0.0148103474212998 0.0137521909540968 0.0127454600296588 0.011740335758918 0.0107416761899854 0.00975529925013538 0.00878660130147226 0.00784106797912441 0.00690386864128053 0.00579297644805721 0.00462790576103495 0.00345011779182207 0.00232069955337043
51 0.0386455488097487 0.0354631714320238 0.0326319009635598 0.0300886031872496 0.0277855681379708 0.0256859112420186 0.0237601842504276 0.0219852378891039 0.0203413677348149 0.0188133489053832 0.0173872882182378 0.016052523427266 0.0148103474212998 0.0137521909540968 0.0127454600296588 0.011740335758918 0.0107416761899853 0.00975529925013535 0.00878660130147223 0.00784106797912441 0.00690386864128052 0.00579297644805719 0.00462790576103494 0.00345011779182208 0.00232069955337043
52 0.0386455488097487 0.0354631714320241 0.0326319009635595 0.0300886031872498 0.0277855681379706 0.0256859112420184 0.0237601842504277 0.0219852378891038 0.020341367734815 0.0188133489053833 0.0173872882182379 0.016052523427266 0.0148103474212999 0.0137521909540968 0.0127454600296588 0.0117403357589179 0.0107416761899854 0.00975529925013541 0.00878660130147226 0.00784106797912441 0.00690386864128052 0.00579297644805721 0.00462790576103496 0.00345011779182207 0.00232069955337043
53 0.0386455488097487 0.0354631714320238 0.0326319009635598 0.0300886031872496 0.0277855681379708 0.0256859112420186 0.0237601842504275 0.0219852378891039 0.0203413677348149 0.0188133489053832 0.0173872882182378 0.016052523427266 0.0148103474212998 0.0137521909540968 0.0127454600296588 0.011740335758918 0.0107416761899854 0.00975529925013541 0.00878660130147223 0.00784106797912441 0.00690386864128055 0.00579297644805721 0.00462790576103496 0.00345011779182208 0.00232069955337043
54 0.0386455488097487 0.0354631714320238 0.0326319009635598 0.0300886031872496 0.0277855681379708 0.0256859112420186 0.0237601842504277 0.0219852378891038 0.020341367734815 0.0188133489053833 0.0173872882182378 0.016052523427266 0.0148103474212998 0.0137521909540968 0.0127454600296588 0.011740335758918 0.0107416761899853 0.00975529925013535 0.00878660130147226 0.00784106797912441 0.00690386864128052 0.00579297644805719 0.00462790576103494 0.00345011779182207 0.00232069955337043
55 0.0489350271169588 0.0450178133125305 0.0415432571656269 0.0384303145029699 0.0356180107601869 0.033059389470117 0.0307171107766993 0.0285618917790382 0.0265689207897877 0.0247190326095251 0.0229948360835531 0.0213829732094911 0.0198845973825662 0.018636011651028 0.0174410229473733 0.0162400628664828 0.0150392033633575 0.0138459040358884 0.0126673461004543 0.0115110154640687 0.0103335380201006 0.00889272987352411 0.00733899867074731 0.00571016075714723 0.00407043663123617
56 0.0489350271169588 0.0450178133125308 0.0415432571656271 0.0384303145029699 0.0356180107601866 0.033059389470117 0.0307171107766991 0.0285618917790384 0.0265689207897876 0.0247190326095251 0.0229948360835531 0.0213829732094911 0.0198845973825662 0.0186360116510281 0.0174410229473732 0.0162400628664828 0.0150392033633576 0.0138459040358884 0.0126673461004543 0.0115110154640687 0.0103335380201006 0.00889272987352413 0.00733899867074731 0.00571016075714723 0.00407043663123616
57 0.0489350271169584 0.0450178133125305 0.0415432571656269 0.0384303145029699 0.0356180107601869 0.0330593894701172 0.0307171107766993 0.0285618917790382 0.0265689207897877 0.0247190326095251 0.022994836083553 0.0213829732094912 0.0198845973825661 0.018636011651028 0.0174410229473732 0.0162400628664827 0.0150392033633575 0.0138459040358884 0.0126673461004543 0.0115110154640688 0.0103335380201006 0.00889272987352413 0.00733899867074729 0.00571016075714723 0.00407043663123617
58 0.0489350271169588 0.0450178133125308 0.0415432571656271 0.0384303145029699 0.0356180107601866 0.033059389470117 0.0307171107766991 0.0285618917790384 0.0265689207897876 0.0247190326095251 0.0229948360835531 0.0213829732094911 0.0198845973825662 0.0186360116510281 0.0174410229473733 0.0162400628664828 0.0150392033633576 0.0138459040358884 0.0126673461004543 0.0115110154640687 0.0103335380201006 0.0088927298735241 0.00733899867074731 0.00571016075714723 0.00407043663123617
59 0.0489350271169588 0.0450178133125305 0.0415432571656269 0.0384303145029699 0.0356180107601869 0.033059389470117 0.0307171107766993 0.0285618917790382 0.0265689207897877 0.0247190326095251 0.0229948360835531 0.0213829732094911 0.0198845973825662 0.018636011651028 0.0174410229473733 0.0162400628664828 0.0150392033633575 0.0138459040358884 0.0126673461004543 0.0115110154640687 0.0103335380201006 0.00889272987352413 0.00733899867074731 0.00571016075714723 0.00407043663123616
60 0.0724952597662382 0.066584406810596 0.0613849658327839 0.0567600176430061 0.0526079168753261 0.0488512886170357 0.0454293068380128 0.0422946159169209 0.0394075817768563 0.0367376469553935 0.0342574788662691 0.0319460594641467 0.0298034865330706 0.0280153837012419 0.0263421279330841 0.0246564456021145 0.0229669534341176 0.021284355909841 0.0196191031201031 0.0179821970392718 0.0163463065478585 0.0142605754484236 0.01197918807851 0.00954214490600986 0.00702489829334005
61 0.0724952597662382 0.0665844068105955 0.0613849658327841 0.0567600176430061 0.0526079168753259 0.0488512886170357 0.0454293068380128 0.0422946159169209 0.0394075817768563 0.0367376469553935 0.0342574788662691 0.0319460594641466 0.0298034865330707 0.0280153837012418 0.0263421279330841 0.0246564456021145 0.0229669534341175 0.021284355909841 0.0196191031201031 0.0179821970392718 0.0163463065478585 0.0142605754484236 0.0119791880785101 0.00954214490600985 0.00702489829334005
62 0.0724952597662386 0.066584406810596 0.0613849658327839 0.0567600176430061 0.0526079168753261 0.0488512886170357 0.045429306838013 0.0422946159169209 0.0394075817768565 0.0367376469553937 0.0342574788662691 0.0319460594641467 0.0298034865330706 0.0280153837012419 0.0263421279330843 0.0246564456021145 0.0229669534341176 0.021284355909841 0.0196191031201031 0.0179821970392718 0.0163463065478585 0.0142605754484236 0.0119791880785101 0.00954214490600986 0.00702489829334006
63 0.0724952597662382 0.0665844068105955 0.0613849658327839 0.0567600176430061 0.0526079168753261 0.0488512886170357 0.0454293068380128 0.0422946159169209 0.0394075817768563 0.0367376469553935 0.0342574788662691 0.0319460594641466 0.0298034865330707 0.0280153837012418 0.0263421279330841 0.0246564456021144 0.0229669534341176 0.021284355909841 0.0196191031201031 0.0179821970392718 0.0163463065478585 0.0142605754484236 0.0119791880785101 0.00954214490600985 0.00702489829334006
64 0.0724952597662382 0.066584406810596 0.0613849658327841 0.0567600176430061 0.0526079168753259 0.0488512886170357 0.0454293068380128 0.0422946159169209 0.0394075817768563 0.0367376469553935 0.0342574788662691 0.0319460594641467 0.0298034865330706 0.0280153837012419 0.0263421279330841 0.0246564456021145 0.0229669534341175 0.021284355909841 0.0196191031201031 0.0179821970392718 0.0163463065478585 0.0142605754484236 0.01197918807851 0.00954214490600986 0.00702489829334004
65 0.0960777845212428 0.0886091560237347 0.0820846131066908 0.0763148478079178 0.0711610238477429 0.0665185446105165 0.0623059904041956 0.0584603883608802 0.0549295485125508 0.0516733288428349 0.0486562113228129 0.0458508845363394 0.0432559841086111 0.0411947842657216 0.0391991700623345 0.0371751881280516 0.0351332186681251 0.0330865600789877 0.0310486240457251 0.0290338919772655 0.0269677916147656 0.0241913857761143 0.0210865706299545 0.0176330992538067 0.0138673550496718
66 0.0960777845212428 0.0886091560237347 0.0820846131066904 0.0763148478079175 0.0711610238477429 0.0665185446105167 0.0623059904041958 0.0584603883608802 0.0549295485125506 0.0516733288428349 0.0486562113228129 0.0458508845363393 0.043255984108611 0.0411947842657216 0.0391991700623346 0.0371751881280514 0.0351332186681251 0.0330865600789877 0.0310486240457251 0.0290338919772655 0.0269677916147656 0.0241913857761143 0.0210865706299545 0.0176330992538067 0.0138673550496717
67 0.0960777845212428 0.0886091560237347 0.0820846131066908 0.0763148478079178 0.0711610238477427 0.0665185446105165 0.0623059904041956 0.0584603883608804 0.0549295485125508 0.0516733288428347 0.0486562113228127 0.0458508845363395 0.0432559841086111 0.0411947842657214 0.0391991700623345 0.0371751881280516 0.0351332186681251 0.0330865600789878 0.0310486240457251 0.0290338919772655 0.0269677916147656 0.0241913857761143 0.0210865706299545 0.0176330992538066 0.0138673550496717
68 0.0960777845212428 0.0886091560237347 0.0820846131066904 0.0763148478079178 0.0711610238477429 0.0665185446105167 0.0623059904041958 0.0584603883608802 0.0549295485125508 0.0516733288428349 0.0486562113228129 0.0458508845363395 0.0432559841086111 0.0411947842657216 0.0391991700623345 0.0371751881280514 0.0351332186681251 0.0330865600789877 0.0310486240457251 0.0290338919772655 0.0269677916147657 0.0241913857761143 0.0210865706299545 0.0176330992538067 0.0138673550496718
69 0.0960777845212428 0.0886091560237347 0.0820846131066908 0.0763148478079178 0.0711610238477429 0.0665185446105165 0.0623059904041956 0.0584603883608802 0.0549295485125506 0.0516733288428349 0.0486562113228129 0.0458508845363393 0.043255984108611 0.0411947842657216 0.0391991700623345 0.0371751881280516 0.0351332186681251 0.0330865600789877 0.0310486240457251 0.0290338919772655 0.0269677916147656 0.0241913857761143 0.0210865706299545 0.0176330992538067 0.0138673550496718
70 0.1397319712055 0.12895452223262 0.119682622474881 0.111586556342373 0.104431601148202 0.0980452197463735 0.0922960742081535 0.0870841541198199 0.082328255990464 0.0779663538002528 0.0739447180311751 0.0702221188414617 0.0667927185321589 0.0641182670146703 0.0615354075642451 0.0589066264637579 0.0562452376622725 0.0535686278448885 0.0508946339216957 0.0482427930966714 0.0455151934681492 0.0416634466530867 0.0373050624966337 0.0323209900513202 0.0266778304039262
71 0.1397319712055 0.12895452223262 0.119682622474882 0.111586556342373 0.104431601148202 0.0980452197463735 0.0922960742081533 0.0870841541198197 0.082328255990464 0.0779663538002528 0.0739447180311751 0.0702221188414617 0.0667927185321589 0.0641182670146704 0.0615354075642451 0.058906626463758 0.0562452376622726 0.0535686278448886 0.0508946339216957 0.0482427930966714 0.0455151934681493 0.0416634466530868 0.0373050624966337 0.0323209900513202 0.0266778304039263
72 0.1397319712055 0.128954522232621 0.119682622474881 0.111586556342373 0.104431601148202 0.0980452197463731 0.0922960742081533 0.0870841541198199 0.082328255990464 0.077966353800253 0.0739447180311751 0.0702221188414619 0.0667927185321591 0.0641182670146704 0.0615354075642453 0.0589066264637579 0.0562452376622725 0.0535686278448885 0.0508946339216956 0.0482427930966714 0.0455151934681492 0.0416634466530867 0.0373050624966337 0.0323209900513202 0.0266778304039262
73 0.1397319712055 0.12895452223262 0.119682622474882 0.111586556342373 0.104431601148202 0.0980452197463735 0.0922960742081535 0.0870841541198197 0.082328255990464 0.0779663538002528 0.0739447180311751 0.0702221188414617 0.0667927185321589 0.0641182670146702 0.0615354075642451 0.0589066264637579 0.0562452376622725 0.0535686278448886 0.0508946339216957 0.0482427930966714 0.0455151934681492 0.0416634466530867 0.0373050624966337 0.0323209900513202 0.0266778304039263
74 0.1397319712055 0.12895452223262 0.119682622474881 0.111586556342373 0.104431601148202 0.0980452197463735 0.0922960742081535 0.0870841541198199 0.082328255990464 0.0779663538002528 0.0739447180311751 0.0702221188414617 0.0667927185321589 0.0641182670146704 0.0615354075642451 0.058906626463758 0.0562452376622725 0.0535686278448885 0.0508946339216957 0.0482427930966714 0.0455151934681492 0.0416634466530868 0.0373050624966337 0.0323209900513202 0.0266778304039262
75 0.198642392858931 0.183544557150984 0.17083931722399 0.159937577874155 0.150439255404782 0.142061039962236 0.134594062676889 0.127882899286292 0.121804645552781 0.116266516601793 0.111190127657211 0.106515649899886 0.102229421447415 0.098852906270564 0.0957118233484952 0.0925043933603991 0.0892464370709705 0.0859590401218923 0.0826641723009283 0.0793862422456938 0.0760041580354608 0.0710413447666425 0.0653353685377839 0.0586335058540212 0.050766263022091
76 0.198642392858931 0.183544557150983 0.17083931722399 0.159937577874155 0.150439255404782 0.142061039962236 0.134594062676889 0.127882899286291 0.121804645552781 0.116266516601793 0.111190127657211 0.106515649899886 0.102229421447415 0.098852906270564 0.0957118233484952 0.0925043933603989 0.0892464370709705 0.0859590401218922 0.0826641723009283 0.0793862422456939 0.0760041580354607 0.0710413447666425 0.065335368537784 0.0586335058540212 0.050766263022091
77 0.198642392858931 0.183544557150983 0.17083931722399 0.159937577874155 0.150439255404782 0.142061039962236 0.134594062676889 0.127882899286292 0.121804645552781 0.116266516601793 0.111190127657211 0.106515649899886 0.102229421447415 0.098852906270564 0.095711823348495 0.0925043933603991 0.0892464370709703 0.0859590401218922 0.0826641723009283 0.0793862422456938 0.0760041580354608 0.0710413447666424 0.0653353685377839 0.0586335058540212 0.050766263022091
78 0.198642392858931 0.183544557150984 0.17083931722399 0.159937577874155 0.150439255404782 0.142061039962236 0.134594062676889 0.127882899286292 0.121804645552782 0.116266516601793 0.111190127657211 0.106515649899886 0.102229421447415 0.0988529062705642 0.0957118233484952 0.0925043933603991 0.0892464370709705 0.0859590401218924 0.0826641723009283 0.0793862422456938 0.0760041580354608 0.0710413447666426 0.0653353685377839 0.0586335058540213 0.0507662630220911
79 0.198642392858931 0.183544557150983 0.17083931722399 0.159937577874155 0.150439255404782 0.142061039962236 0.134594062676889 0.127882899286291 0.121804645552781 0.116266516601793 0.111190127657211 0.106515649899886 0.102229421447415 0.098852906270564 0.0957118233484952 0.0925043933603989 0.0892464370709705 0.0859590401218922 0.0826641723009283 0.0793862422456939 0.0760041580354607 0.0710413447666424 0.065335368537784 0.0586335058540212 0.050766263022091
80 0.260137232106727 0.245818000799368 0.233166026278177 0.221869899083699 0.211696179522503 0.202465728640257 0.194036672404274 0.186298010729883 0.179156195683198 0.172538974537173 0.166381246196544 0.16063294826765 0.155296168121843 0.151047562495699 0.147059883077651 0.142952738832735 0.138744302842315 0.134460274199098 0.13012841986433 0.125780715325004 0.12125465414893 0.114538294913379 0.106703897624325 0.0973437208219684 0.086125841686679
81 0.260137232106727 0.245818000799368 0.233166026278177 0.221869899083699 0.211696179522503 0.202465728640257 0.194036672404274 0.186298010729883 0.179156195683198 0.172538974537173 0.166381246196544 0.16063294826765 0.155296168121843 0.151047562495699 0.147059883077651 0.142952738832736 0.138744302842315 0.134460274199098 0.13012841986433 0.125780715325005 0.12125465414893 0.114538294913379 0.106703897624325 0.0973437208219684 0.086125841686679
82 0.260137232106727 0.245818000799368 0.233166026278177 0.221869899083699 0.211696179522503 0.202465728640257 0.194036672404274 0.186298010729883 0.179156195683198 0.172538974537173 0.166381246196544 0.16063294826765 0.155296168121843 0.151047562495699 0.147059883077651 0.142952738832736 0.138744302842315 0.134460274199098 0.13012841986433 0.125780715325004 0.12125465414893 0.114538294913379 0.106703897624325 0.0973437208219684 0.086125841686679
83 0.260137232106727 0.245818000799368 0.233166026278177 0.221869899083699 0.211696179522503 0.202465728640257 0.194036672404274 0.186298010729883 0.179156195683198 0.172538974537173 0.166381246196544 0.16063294826765 0.155296168121844 0.151047562495699 0.147059883077651 0.142952738832735 0.138744302842315 0.134460274199098 0.13012841986433 0.125780715325004 0.12125465414893 0.114538294913379 0.106703897624325 0.0973437208219683 0.086125841686679
84 0.260137232106727 0.245818000799368 0.233166026278177 0.221869899083699 0.211696179522504 0.202465728640257 0.194036672404274 0.186298010729883 0.179156195683198 0.172538974537173 0.166381246196544 0.16063294826765 0.155296168121843 0.151047562495699 0.147059883077651 0.142952738832735 0.138744302842315 0.134460274199098 0.13012841986433 0.125780715325005 0.12125465414893 0.114538294913379 0.106703897624325 0.0973437208219685 0.086125841686679
85 0.36111041583507 0.344711495600485 0.330022510990096 0.316745402998859 0.304653317095481 0.293569766168907 0.283352864452684 0.273890713924973 0.265087193453557 0.256868167332939 0.249165113565507 0.241925699082045 0.235161804784506 0.229747131014069 0.224640451985921 0.219355549314117 0.213913310048595 0.208344751275469 0.202684164407395 0.196972054888625 0.190992095702988 0.18205344181572 0.171525203952091 0.158795194526079 0.143304618482569
86 0.36111041583507 0.344711495600485 0.330022510990096 0.316745402998859 0.304653317095481 0.293569766168907 0.283352864452684 0.273890713924973 0.265087193453557 0.25686816733294 0.249165113565507 0.241925699082045 0.235161804784505 0.229747131014069 0.224640451985921 0.219355549314117 0.213913310048594 0.208344751275469 0.202684164407395 0.196972054888626 0.190992095702988 0.18205344181572 0.171525203952091 0.158795194526079 0.143304618482569
87 0.36111041583507 0.344711495600484 0.330022510990096 0.316745402998859 0.304653317095481 0.293569766168907 0.283352864452684 0.273890713924973 0.265087193453556 0.25686816733294 0.249165113565507 0.241925699082045 0.235161804784506 0.229747131014069 0.224640451985921 0.219355549314117 0.213913310048595 0.208344751275469 0.202684164407395 0.196972054888625 0.190992095702988 0.18205344181572 0.171525203952091 0.158795194526079 0.143304618482569
88 0.361110415835071 0.344711495600485 0.330022510990096 0.316745402998859 0.304653317095481 0.293569766168907 0.283352864452684 0.273890713924973 0.265087193453557 0.256868167332939 0.249165113565507 0.241925699082045 0.235161804784505 0.229747131014069 0.224640451985921 0.219355549314117 0.213913310048595 0.208344751275469 0.202684164407395 0.196972054888626 0.190992095702988 0.18205344181572 0.171525203952091 0.158795194526079 0.143304618482569
89 0.36111041583507 0.344711495600485 0.330022510990096 0.316745402998859 0.304653317095481 0.293569766168907 0.283352864452684 0.273890713924973 0.265087193453556 0.256868167332939 0.249165113565507 0.241925699082045 0.235161804784506 0.229747131014069 0.224640451985921 0.219355549314117 0.213913310048594 0.208344751275469 0.202684164407395 0.196972054888625 0.190992095702988 0.18205344181572 0.171525203952091 0.158795194526079 0.143304618482569
90 0.486352447799299 0.469145023102598 0.453495083502288 0.439153980032052 0.425929185295118 0.413668571884164 0.402247595090905 0.39156727555198 0.381540406843133 0.372100133973163 0.36318241868925 0.354739011387169 0.346794990689442 0.340396793251171 0.33433064568731 0.328019923702997 0.321486085570341 0.314763232257818 0.307890153338189 0.300914097831843 0.293566905313113 0.282499311761295 0.269329782436038 0.253206992174824 0.233280829191331
91 0.486352447799299 0.469145023102599 0.453495083502288 0.439153980032053 0.425929185295118 0.413668571884164 0.402247595090905 0.391567275551979 0.381540406843133 0.372100133973163 0.36318241868925 0.354739011387169 0.346794990689441 0.340396793251171 0.33433064568731 0.328019923702997 0.321486085570342 0.314763232257818 0.307890153338189 0.300914097831843 0.293566905313113 0.282499311761295 0.269329782436038 0.253206992174824 0.233280829191331
92 0.4863524477993 0.469145023102598 0.453495083502288 0.439153980032052 0.425929185295118 0.413668571884163 0.402247595090906 0.39156727555198 0.381540406843133 0.372100133973163 0.363182418689249 0.354739011387169 0.346794990689442 0.340396793251171 0.33433064568731 0.328019923702997 0.321486085570341 0.314763232257818 0.307890153338189 0.300914097831843 0.293566905313113 0.282499311761295 0.269329782436038 0.253206992174823 0.23328082919133
93 0.486352447799299 0.469145023102599 0.453495083502288 0.439153980032052 0.425929185295118 0.413668571884164 0.402247595090905 0.391567275551979 0.381540406843133 0.372100133973163 0.36318241868925 0.354739011387169 0.346794990689441 0.340396793251171 0.33433064568731 0.328019923702997 0.321486085570341 0.314763232257818 0.307890153338189 0.300914097831843 0.293566905313113 0.282499311761295 0.269329782436038 0.253206992174824 0.233280829191331
94 0.486352447799299 0.469145023102598 0.453495083502288 0.439153980032052 0.425929185295118 0.413668571884164 0.402247595090905 0.39156727555198 0.381540406843133 0.372100133973163 0.36318241868925 0.354739011387169 0.346794990689442 0.340396793251171 0.33433064568731 0.328019923702997 0.321486085570341 0.314763232257818 0.307890153338189 0.300914097831843 0.293566905313113 0.282499311761295 0.269329782436038 0.253206992174824 0.23328082919133
95 0.586268548762478 0.571461651349027 0.557958912517107 0.54556279252699 0.534118634106326 0.523502965507968 0.513613616000359 0.504368762980403 0.49569552482676 0.48753774693005 0.479841089957237 0.472564416066576 0.465729324484563 0.460233312653161 0.455030839950093 0.449628027546479 0.444045219911188 0.43831362187193 0.432468376644011 0.426551643570414 0.420338982163754 0.411020019449364 0.399999316342759 0.386619474165649 0.370275176438571
96 0.586268548762477 0.571461651349027 0.557958912517107 0.54556279252699 0.534118634106326 0.523502965507968 0.513613616000359 0.504368762980402 0.495695524826759 0.48753774693005 0.479841089957237 0.472564416066576 0.465729324484564 0.46023331265316 0.455030839950093 0.449628027546479 0.444045219911188 0.438313621871931 0.432468376644011 0.426551643570414 0.420338982163754 0.411020019449365 0.399999316342759 0.386619474165649 0.370275176438571
97 0.586268548762478 0.571461651349027 0.557958912517106 0.54556279252699 0.534118634106326 0.523502965507967 0.513613616000359 0.504368762980403 0.49569552482676 0.487537746930049 0.479841089957237 0.472564416066576 0.465729324484563 0.460233312653161 0.455030839950093 0.449628027546479 0.444045219911188 0.43831362187193 0.432468376644011 0.426551643570414 0.420338982163754 0.411020019449365 0.399999316342759 0.386619474165649 0.370275176438572
98 0.586268548762477 0.571461651349027 0.557958912517107 0.54556279252699 0.534118634106327 0.523502965507968 0.513613616000359 0.504368762980403 0.495695524826759 0.487537746930049 0.479841089957237 0.472564416066576 0.465729324484564 0.46023331265316 0.455030839950093 0.44962802754648 0.444045219911188 0.43831362187193 0.432468376644011 0.426551643570413 0.420338982163754 0.411020019449364 0.399999316342759 0.386619474165649 0.370275176438571
99 0.586268548762478 0.571461651349026 0.557958912517107 0.54556279252699 0.534118634106326 0.523502965507968 0.513613616000359 0.504368762980402 0.49569552482676 0.48753774693005 0.479841089957237 0.472564416066575 0.465729324484564 0.460233312653161 0.455030839950093 0.449628027546479 0.444045219911188 0.438313621871931 0.432468376644011 0.426551643570414 0.420338982163753 0.411020019449364 0.399999316342759 0.386619474165649 0.370275176438571
100 0.586268548762478 0.571461651349027 0.557958912517107 0.54556279252699 0.534118634106326 0.523502965507967 0.513613616000358 0.504368762980403 0.49569552482676 0.48753774693005 0.479841089957237 0.472564416066576 0.465729324484563 0.46023331265316 0.455030839950093 0.44962802754648 0.444045219911188 0.43831362187193 0.432468376644012 0.426551643570413 0.420338982163754 0.411020019449365 0.399999316342759 0.386619474165649 0.370275176438571
101 0.586268548762478 0.571461651349026 0.557958912517107 0.54556279252699 0.534118634106327 0.523502965507968 0.51361361600036 0.504368762980402 0.495695524826759 0.487537746930049 0.479841089957237 0.472564416066576 0.465729324484564 0.46023331265316 0.455030839950094 0.449628027546479 0.444045219911187 0.438313621871931 0.432468376644011 0.426551643570413 0.420338982163754 0.411020019449365 0.399999316342759 0.386619474165649 0.370275176438571
102 0.586268548762478 0.571461651349027 0.557958912517106 0.545562792526989 0.534118634106326 0.523502965507968 0.513613616000358 0.504368762980403 0.495695524826759 0.487537746930049 0.479841089957237 0.472564416066576 0.465729324484563 0.460233312653161 0.455030839950092 0.449628027546479 0.444045219911189 0.438313621871931 0.432468376644011 0.426551643570414 0.420338982163753 0.411020019449365 0.399999316342759 0.386619474165649 0.370275176438571
103 0.586268548762477 0.571461651349027 0.557958912517108 0.54556279252699 0.534118634106327 0.523502965507968 0.51361361600036 0.504368762980403 0.49569552482676 0.48753774693005 0.479841089957237 0.472564416066576 0.465729324484563 0.46023331265316 0.455030839950094 0.44962802754648 0.444045219911187 0.438313621871931 0.432468376644011 0.426551643570414 0.420338982163753 0.411020019449365 0.399999316342759 0.386619474165649 0.370275176438571
104 0.586268548762478 0.571461651349026 0.557958912517106 0.54556279252699 0.534118634106327 0.523502965507968 0.513613616000358 0.504368762980402 0.49569552482676 0.48753774693005 0.479841089957237 0.472564416066576 0.465729324484564 0.46023331265316 0.455030839950092 0.44962802754648 0.444045219911189 0.438313621871931 0.432468376644011 0.426551643570413 0.420338982163754 0.411020019449364 0.399999316342759 0.386619474165649 0.370275176438571
105 0.586268548762478 0.571461651349026 0.557958912517106 0.54556279252699 0.534118634106326 0.523502965507968 0.51361361600036 0.504368762980403 0.495695524826759 0.487537746930049 0.479841089957237 0.472564416066576 0.465729324484563 0.460233312653161 0.455030839950094 0.449628027546479 0.444045219911187 0.43831362187193 0.432468376644011 0.426551643570413 0.420338982163754 0.411020019449364 0.399999316342759 0.38661947416565 0.370275176438571
106 0.586268548762478 0.571461651349029 0.557958912517108 0.545562792526989 0.534118634106326 0.523502965507967 0.513613616000358 0.504368762980404 0.49569552482676 0.487537746930049 0.479841089957237 0.472564416066575 0.465729324484563 0.46023331265316 0.455030839950093 0.449628027546479 0.444045219911188 0.43831362187193 0.432468376644011 0.426551643570414 0.420338982163754 0.411020019449365 0.399999316342759 0.386619474165649 0.370275176438571
107 0.586268548762477 0.571461651349026 0.557958912517108 0.54556279252699 0.534118634106327 0.52350296550797 0.513613616000358 0.504368762980401 0.49569552482676 0.48753774693005 0.479841089957237 0.472564416066576 0.465729324484564 0.46023331265316 0.455030839950093 0.449628027546479 0.444045219911188 0.438313621871931 0.432468376644011 0.426551643570413 0.420338982163753 0.411020019449365 0.399999316342759 0.386619474165649 0.370275176438573
108 0.586268548762478 0.571461651349026 0.557958912517106 0.545562792526989 0.534118634106327 0.523502965507967 0.51361361600036 0.504368762980403 0.495695524826759 0.48753774693005 0.479841089957237 0.472564416066576 0.465729324484563 0.46023331265316 0.455030839950093 0.44962802754648 0.444045219911188 0.438313621871931 0.432468376644011 0.426551643570413 0.420338982163753 0.411020019449365 0.399999316342759 0.386619474165649 0.37027517643857
109 0.586268548762478 0.571461651349027 0.557958912517106 0.54556279252699 0.534118634106326 0.523502965507968 0.51361361600036 0.504368762980403 0.495695524826759 0.487537746930049 0.479841089957237 0.472564416066577 0.465729324484563 0.460233312653161 0.455030839950093 0.44962802754648 0.444045219911188 0.438313621871931 0.432468376644011 0.426551643570414 0.420338982163754 0.411020019449365 0.399999316342759 0.38661947416565 0.370275176438573
110 0.586268548762478 0.571461651349027 0.557958912517106 0.54556279252699 0.534118634106327 0.523502965507968 0.513613616000358 0.504368762980401 0.495695524826761 0.48753774693005 0.479841089957236 0.472564416066575 0.465729324484564 0.46023331265316 0.455030839950093 0.449628027546479 0.444045219911188 0.438313621871931 0.432468376644011 0.426551643570414 0.420338982163754 0.411020019449365 0.399999316342759 0.386619474165649 0.37027517643857
111 0.586268548762478 0.571461651349026 0.557958912517108 0.54556279252699 0.534118634106327 0.523502965507968 0.513613616000358 0.504368762980405 0.495695524826759 0.48753774693005 0.479841089957238 0.472564416066575 0.465729324484563 0.460233312653161 0.455030839950093 0.449628027546479 0.444045219911188 0.438313621871931 0.432468376644011 0.426551643570412 0.420338982163754 0.411020019449365 0.399999316342759 0.386619474165649 0.370275176438573
112 0.586268548762478 0.571461651349026 0.557958912517108 0.54556279252699 0.534118634106326 0.523502965507968 0.51361361600036 0.504368762980401 0.495695524826759 0.48753774693005 0.479841089957238 0.472564416066577 0.465729324484563 0.460233312653161 0.455030839950092 0.449628027546481 0.444045219911188 0.438313621871929 0.432468376644011 0.426551643570414 0.420338982163752 0.411020019449365 0.399999316342759 0.386619474165649 0.37027517643857
113 0.586268548762477 0.571461651349029 0.557958912517106 0.545562792526989 0.534118634106327 0.523502965507967 0.51361361600036 0.504368762980403 0.495695524826761 0.487537746930049 0.479841089957236 0.472564416066577 0.465729324484564 0.460233312653159 0.455030839950094 0.449628027546477 0.444045219911188 0.438313621871931 0.432468376644011 0.426551643570414 0.420338982163754 0.411020019449363 0.399999316342759 0.386619474165649 0.370275176438573
114 0.586268548762478 0.571461651349026 0.557958912517106 0.54556279252699 0.534118634106327 0.52350296550797 0.513613616000358 0.504368762980403 0.495695524826757 0.48753774693005 0.479841089957236 0.472564416066575 0.465729324484563 0.460233312653159 0.455030839950094 0.449628027546481 0.444045219911187 0.438313621871931 0.432468376644011 0.426551643570414 0.420338982163754 0.411020019449365 0.399999316342759 0.386619474165649 0.37027517643857
115 0.586268548762478 0.571461651349026 0.557958912517108 0.545562792526989 0.534118634106326 0.523502965507967 0.513613616000358 0.504368762980401 0.495695524826761 0.48753774693005 0.479841089957238 0.472564416066575 0.465729324484563 0.460233312653161 0.455030839950092 0.449628027546479 0.444045219911189 0.438313621871931 0.432468376644011 0.426551643570412 0.420338982163754 0.411020019449365 0.399999316342759 0.38661947416565 0.370275176438573
116 0.586268548762478 0.571461651349026 0.557958912517106 0.54556279252699 0.534118634106326 0.523502965507968 0.51361361600036 0.504368762980405 0.495695524826759 0.48753774693005 0.479841089957238 0.472564416066577 0.465729324484564 0.460233312653161 0.455030839950092 0.449628027546479 0.444045219911189 0.438313621871931 0.432468376644011 0.426551643570414 0.420338982163752 0.411020019449365 0.399999316342759 0.386619474165649 0.37027517643857
117 0.58626854876248 0.571461651349029 0.557958912517106 0.54556279252699 0.534118634106329 0.523502965507968 0.51361361600036 0.504368762980401 0.495695524826759 0.487537746930049 0.479841089957236 0.472564416066575 0.465729324484563 0.460233312653161 0.455030839950094 0.449628027546481 0.444045219911187 0.438313621871931 0.432468376644011 0.426551643570414 0.420338982163754 0.411020019449365 0.399999316342759 0.386619474165649 0.370275176438573
118 0.586268548762478 0.571461651349026 0.557958912517108 0.545562792526989 0.534118634106326 0.523502965507968 0.513613616000358 0.504368762980405 0.495695524826761 0.48753774693005 0.479841089957236 0.472564416066575 0.465729324484563 0.460233312653161 0.455030839950094 0.449628027546477 0.444045219911187 0.438313621871929 0.432468376644011 0.426551643570412 0.420338982163754 0.411020019449365 0.39999931634276 0.386619474165649 0.370275176438573
119 0.586268548762475 0.571461651349026 0.557958912517106 0.54556279252699 0.534118634106326 0.523502965507968 0.513613616000358 0.504368762980401 0.495695524826759 0.48753774693005 0.479841089957236 0.472564416066577 0.465729324484564 0.460233312653159 0.455030839950092 0.449628027546481 0.444045219911189 0.438313621871931 0.432468376644013 0.426551643570414 0.420338982163754 0.411020019449365 0.39999931634276 0.386619474165649 0.37027517643857
120 0.586268548762478 0.571461651349029 0.557958912517108 0.54556279252699 0.534118634106326 0.523502965507968 0.513613616000358 0.504368762980401 0.495695524826759 0.48753774693005 0.47984108995724 0.472564416066575 0.465729324484563 0.460233312653159 0.455030839950094 0.449628027546479 0.444045219911187 0.438313621871931 0.432468376644009 0.426551643570414 0.420338982163754 0.411020019449365 0.399999316342758 0.386619474165651 0.370275176438573
121 0.586268548762478 0.571461651349026 0.557958912517105 0.54556279252699 0.534118634106329 0.523502965507968 0.513613616000362 0.504368762980405 0.495695524826761 0.487537746930049 0.479841089957236 0.472564416066577 0.465729324484563 0.460233312653161 0.455030839950092 0.449628027546479 0.444045219911187 0.438313621871931 0.432468376644013 0.426551643570414 0.420338982163752 0.411020019449363 0.39999931634276 0.386619474165647 0.37027517643857
122 0.586268548762478 0.571461651349026 0.557958912517109 0.545562792526989 0.534118634106326 0.523502965507967 0.513613616000358 0.504368762980401 0.495695524826759 0.48753774693005 0.479841089957236 0.472564416066575 0.465729324484564 0.460233312653161 0.455030839950094 0.449628027546481 0.444045219911189 0.438313621871931 0.432468376644009 0.426551643570412 0.420338982163754 0.411020019449365 0.399999316342758 0.38661947416565 0.370275176438573
123 0.586268548762478 0.571461651349026 0.557958912517106 0.54556279252699 0.534118634106326 0.523502965507968 0.513613616000358 0.504368762980405 0.495695524826759 0.48753774693005 0.479841089957236 0.472564416066577 0.465729324484563 0.460233312653161 0.455030839950092 0.449628027546477 0.444045219911189 0.438313621871929 0.432468376644013 0.426551643570414 0.420338982163754 0.411020019449365 0.39999931634276 0.386619474165647 0.37027517643857
124 0.586268548762475 0.571461651349029 0.557958912517106 0.54556279252699 0.534118634106329 0.523502965507968 0.513613616000358 0.504368762980401 0.495695524826759 0.487537746930049 0.47984108995724 0.472564416066575 0.465729324484563 0.460233312653161 0.455030839950094 0.449628027546481 0.444045219911187 0.438313621871931 0.432468376644009 0.426551643570414 0.420338982163752 0.411020019449365 0.399999316342758 0.38661947416565 0.370275176438573
125 0.586268548762478 0.571461651349026 0.557958912517109 0.545562792526987 0.534118634106326 0.523502965507968 0.513613616000362 0.504368762980401 0.495695524826761 0.48753774693005 0.479841089957236 0.472564416066577 0.465729324484564 0.460233312653157 0.455030839950092 0.449628027546481 0.444045219911189 0.438313621871931 0.432468376644013 0.426551643570412 0.420338982163754 0.411020019449365 0.39999931634276 0.38661947416565 0.37027517643857
126 0.586268548762478 0.571461651349026 0.557958912517103 0.545562792526994 0.534118634106326 0.523502965507968 0.513613616000358 0.504368762980405 0.495695524826759 0.48753774693005 0.479841089957236 0.472564416066575 0.465729324484563 0.460233312653161 0.455030839950094 0.449628027546477 0.444045219911187 0.438313621871931 0.432468376644009 0.426551643570414 0.420338982163754 0.411020019449365 0.399999316342758 0.386619474165647 0.370275176438573
127 0.586268548762478 0.571461651349029 0.557958912517109 0.545562792526987 0.534118634106329 0.523502965507967 0.513613616000358 0.504368762980401 0.495695524826759 0.48753774693005 0.479841089957236 0.472564416066575 0.465729324484563 0.460233312653161 0.455030839950094 0.449628027546481 0.444045219911187 0.438313621871931 0.432468376644013 0.426551643570414 0.420338982163754 0.411020019449365 0.39999931634276 0.38661947416565 0.37027517643857
128 0.586268548762478 0.571461651349026 0.557958912517106 0.54556279252699 0.534118634106326 0.52350296550797 0.513613616000358 0.504368762980405 0.495695524826761 0.48753774693005 0.47984108995724 0.472564416066577 0.465729324484564 0.460233312653161 0.455030839950092 0.449628027546477 0.444045219911189 0.438313621871931 0.432468376644009 0.426551643570412 0.420338982163754 0.411020019449365 0.399999316342758 0.38661947416565 0.370275176438573
129 0.586268548762478 0.571461651349026 0.557958912517106 0.54556279252699 0.534118634106326 0.52350296550797 0.513613616000358 0.504368762980401 0.495695524826759 0.487537746930049 0.479841089957236 0.472564416066575 0.465729324484563 0.460233312653161 0.455030839950094 0.449628027546481 0.444045219911187 0.438313621871931 0.432468376644013 0.426551643570414 0.420338982163752 0.411020019449365 0.39999931634276 0.386619474165647 0.370275176438573
130 0.586268548762478 0.571461651349026 0.557958912517109 0.54556279252699 0.534118634106326 0.523502965507967 0.513613616000362 0.504368762980401 0.495695524826757 0.48753774693005 0.479841089957236 0.472564416066577 0.465729324484563 0.460233312653161 0.455030839950092 0.449628027546481 0.444045219911189 0.438313621871929 0.432468376644009 0.426551643570414 0.420338982163754 0.411020019449365 0.399999316342758 0.38661947416565 0.37027517643857
131 0.586268548762478 0.571461651349029 0.557958912517103 0.54556279252699 0.534118634106329 0.523502965507967 0.513613616000358 0.504368762980405 0.495695524826761 0.48753774693005 0.479841089957236 0.472564416066575 0.465729324484564 0.460233312653157 0.455030839950094 0.449628027546477 0.444045219911187 0.438313621871931 0.432468376644013 0.426551643570414 0.420338982163754 0.411020019449363 0.39999931634276 0.38661947416565 0.370275176438573
132 0.586268548762478 0.571461651349026 0.557958912517109 0.545562792526987 0.534118634106326 0.523502965507967 0.513613616000358 0.504368762980401 0.495695524826761 0.48753774693005 0.47984108995724 0.472564416066577 0.465729324484563 0.460233312653161 0.455030839950092 0.449628027546481 0.444045219911189 0.438313621871931 0.432468376644009 0.426551643570412 0.420338982163754 0.411020019449365 0.399999316342758 0.386619474165647 0.37027517643857
133 0.586268548762478 0.571461651349026 0.557958912517106 0.545562792526994 0.534118634106326 0.52350296550797 0.513613616000358 0.504368762980405 0.495695524826761 0.487537746930049 0.479841089957236 0.472564416066575 0.465729324484563 0.460233312653161 0.455030839950094 0.449628027546481 0.444045219911187 0.438313621871931 0.432468376644013 0.426551643570414 0.420338982163752 0.411020019449365 0.39999931634276 0.38661947416565 0.370275176438573
134 0.586268548762478 0.571461651349026 0.557958912517106 0.545562792526987 0.534118634106329 0.52350296550797 0.513613616000362 0.504368762980401 0.495695524826757 0.487537746930052 0.479841089957236 0.472564416066577 0.465729324484564 0.460233312653161 0.455030839950092 0.449628027546477 0.444045219911189 0.438313621871931 0.432468376644009 0.426551643570414 0.420338982163754 0.411020019449365 0.399999316342758 0.386619474165647 0.37027517643857
135 0.586268548762478 0.571461651349029 0.557958912517106 0.545562792526994 0.534118634106326 0.523502965507967 0.513613616000358 0.504368762980401 0.495695524826761 0.487537746930049 0.479841089957236 0.472564416066577 0.465729324484563 0.460233312653161 0.455030839950094 0.449628027546481 0.444045219911187 0.438313621871931 0.432468376644013 0.426551643570412 0.420338982163754 0.411020019449365 0.39999931634276 0.38661947416565 0.370275176438573
136 0.586268548762478 0.571461651349026 0.557958912517109 0.545562792526987 0.534118634106326 0.523502965507967 0.513613616000358 0.504368762980405 0.495695524826757 0.487537746930052 0.47984108995724 0.472564416066574 0.465729324484563 0.460233312653161 0.455030839950092 0.449628027546477 0.444045219911189 0.438313621871929 0.432468376644009 0.426551643570414 0.420338982163754 0.411020019449365 0.399999316342758 0.38661947416565 0.37027517643857
137 0.586268548762478 0.571461651349026 0.557958912517106 0.545562792526987 0.534118634106329 0.52350296550797 0.513613616000358 0.504368762980401 0.495695524826761 0.487537746930049 0.479841089957236 0.472564416066577 0.465729324484564 0.460233312653157 0.455030839950094 0.449628027546481 0.444045219911187 0.438313621871931 0.432468376644013 0.426551643570414 0.420338982163754 0.411020019449365 0.39999931634276 0.386619474165647 0.370275176438573
138 0.586268548762478 0.571461651349026 0.557958912517106 0.545562792526994 0.534118634106326 0.523502965507967 0.513613616000362 0.504368762980405 0.495695524826761 0.487537746930049 0.479841089957236 0.472564416066574 0.465729324484564 0.460233312653161 0.455030839950092 0.449628027546481 0.444045219911189 0.438313621871931 0.432468376644009 0.426551643570414 0.420338982163752 0.411020019449363 0.399999316342758 0.38661947416565 0.37027517643857
139 0.586268548762478 0.571461651349029 0.557958912517106 0.545562792526987 0.534118634106326 0.52350296550797 0.513613616000358 0.504368762980401 0.495695524826761 0.487537746930052 0.479841089957236 0.472564416066577 0.465729324484561 0.460233312653161 0.455030839950095 0.449628027546477 0.444045219911187 0.438313621871931 0.432468376644013 0.426551643570412 0.420338982163754 0.411020019449365 0.39999931634276 0.386619474165647 0.370275176438573
140 0.586268548762478 0.571461651349026 0.557958912517106 0.545562792526994 0.534118634106329 0.523502965507967 0.513613616000358 0.504368762980405 0.495695524826757 0.487537746930049 0.47984108995724 0.472564416066577 0.465729324484564 0.460233312653161 0.455030839950088 0.449628027546481 0.444045219911187 0.438313621871931 0.432468376644009 0.426551643570414 0.420338982163754 0.411020019449365 0.399999316342758 0.38661947416565 0.37027517643857
141 0.586268548762478 0.571461651349026 0.557958912517109 0.545562792526987 0.534118634106326 0.52350296550797 0.513613616000358 0.504368762980401 0.495695524826757 0.487537746930049 0.479841089957236 0.472564416066577 0.465729324484564 0.460233312653161 0.455030839950095 0.449628027546477 0.444045219911189 0.438313621871931 0.432468376644013 0.426551643570414 0.420338982163754 0.411020019449365 0.39999931634276 0.38661947416565 0.370275176438573
142 0.586268548762478 0.571461651349029 0.557958912517106 0.545562792526987 0.534118634106326 0.523502965507967 0.513613616000358 0.504368762980405 0.495695524826761 0.487537746930052 0.479841089957236 0.472564416066577 0.465729324484561 0.460233312653161 0.455030839950095 0.449628027546481 0.444045219911189 0.438313621871931 0.432468376644013 0.426551643570412 0.420338982163754 0.411020019449365 0.39999931634276 0.386619474165647 0.370275176438573
143 0.586268548762472 0.571461651349026 0.557958912517106 0.545562792526994 0.534118634106329 0.523502965507967 0.513613616000358 0.504368762980401 0.495695524826761 0.487537746930049 0.479841089957236 0.472564416066574 0.465729324484564 0.460233312653157 0.455030839950088 0.449628027546481 0.444045219911189 0.438313621871931 0.432468376644009 0.426551643570414 0.420338982163752 0.411020019449365 0.399999316342758 0.38661947416565 0.37027517643857
144 0.586268548762478 0.571461651349026 0.557958912517106 0.545562792526987 0.534118634106326 0.52350296550797 0.513613616000362 0.504368762980401 0.495695524826761 0.487537746930052 0.479841089957236 0.472564416066577 0.465729324484564 0.460233312653161 0.455030839950095 0.449628027546477 0.444045219911185 0.438313621871931 0.432468376644013 0.426551643570414 0.420338982163754 0.411020019449365 0.39999931634276 0.386619474165647 0.370275176438573
145 0.586268548762478 0.571461651349026 0.557958912517106 0.545562792526994 0.534118634106326 0.523502965507967 0.513613616000358 0.504368762980405 0.495695524826761 0.487537746930049 0.47984108995724 0.472564416066577 0.465729324484564 0.460233312653161 0.455030839950092 0.449628027546481 0.444045219911189 0.438313621871931 0.432468376644009 0.426551643570416 0.420338982163754 0.411020019449365 0.399999316342758 0.38661947416565 0.37027517643857
146 0.586268548762478 0.571461651349029 0.557958912517109 0.545562792526987 0.534118634106326 0.52350296550797 0.513613616000358 0.504368762980401 0.495695524826754 0.487537746930052 0.479841089957236 0.472564416066574 0.465729324484561 0.460233312653161 0.455030839950092 0.449628027546477 0.444045219911185 0.438313621871931 0.432468376644013 0.426551643570412 0.420338982163756 0.411020019449365 0.39999931634276 0.38661947416565 0.370275176438573
147 0.586268548762478 0.571461651349026 0.557958912517106 0.545562792526994 0.534118634106329 0.523502965507967 0.513613616000358 0.504368762980405 0.495695524826761 0.487537746930049 0.479841089957236 0.472564416066577 0.465729324484564 0.460233312653161 0.455030839950095 0.449628027546481 0.444045219911189 0.438313621871931 0.432468376644009 0.426551643570412 0.420338982163752 0.411020019449363 0.399999316342758 0.386619474165647 0.37027517643857
148 0.586268548762478 0.571461651349026 0.557958912517106 0.545562792526987 0.534118634106326 0.52350296550797 0.513613616000362 0.504368762980401 0.495695524826761 0.487537746930049 0.47984108995724 0.472564416066577 0.465729324484561 0.460233312653161 0.455030839950088 0.449628027546481 0.444045219911189 0.438313621871931 0.432468376644013 0.426551643570416 0.420338982163752 0.411020019449363 0.39999931634276 0.38661947416565 0.370275176438573
149 0.586268548762478 0.571461651349026 0.557958912517106 0.545562792526987 0.534118634106326 0.523502965507967 0.513613616000358 0.504368762980401 0.495695524826761 0.487537746930052 0.479841089957236 0.472564416066577 0.465729324484564 0.460233312653161 0.455030839950095 0.449628027546481 0.444045219911189 0.438313621871927 0.432468376644009 0.426551643570412 0.420338982163756 0.411020019449367 0.399999316342758 0.38661947416565 0.37027517643857
150 1 1 1 1 1 1 1 1 1 1 1 1 1 1 1 1 1 1 1 1 1 1 1 1 1
