age 1 2 3 4 5 6 7 8 9 10 11 12 13 14 15 16 17 18 19 20 21 22 23 24 25
0 0.50546186212 0.46488458144 0.42788624548 0.39392865152 0.36258058272 0.33350144152 0.30640937784 0.28107904944 0.25731061152 0.23494866752 0.214000207888499 0.194798872135909 0.176258388138627 0.158375988770863 0.141164247094317 0.124626712469823 0.108752083313702 0.093558484916395 0.0790355834721119 0.0651785935691912 0.0514602866217899 0.0388810606780831 0.0275353474169434 0.01779960341108 0.0101074297889817
1 0.0685670709832104 0.0619337381310783 0.0560057503679034 0.050661549088662 0.0458068994684067 0.0413689306196682 0.0372889679013586 0.0335206799430342 0.0300243918683771 0.0267691619183159 0.0233145868830664 0.0202251170329849 0.0174207041906201 0.0148657668441771 0.012529680036454 0.0103833898371568 0.0083992397291978 0.00655674422145135 0.00483547505728518 0.00321938042465439 0.00220572607381697 0.00139815491939756 0.000798160644276588 0.000393063272739923 0.000156904478705547
2 0.0685670709832104 0.0619337381310783 0.0560057503679035 0.0506615490886619 0.0458068994684066 0.0413689306196682 0.0372889679013586 0.0335206799430341 0.030024391868377 0.0267691619183159 0.0233145868830664 0.0202251170329849 0.01742070419062 0.0148657668441771 0.0125296800364539 0.0103833898371569 0.0083992397291978 0.00655674422145135 0.00483547505728518 0.0032193804246544 0.00220572607381697 0.00139815491939755 0.000798160644276591 0.000393063272739923 0.000156904478705547
3 0.0685670709832104 0.0619337381310783 0.0560057503679035 0.0506615490886619 0.0458068994684066 0.0413689306196682 0.0372889679013586 0.0335206799430342 0.0300243918683771 0.0267691619183159 0.0233145868830664 0.0202251170329849 0.01742070419062 0.0148657668441771 0.0125296800364539 0.0103833898371569 0.0083992397291978 0.00655674422145135 0.0048354750572852 0.0032193804246544 0.00220572607381697 0.00139815491939756 0.000798160644276588 0.000393063272739926 0.000156904478705547
4 0.0685670709832104 0.0619337381310783 0.0560057503679034 0.050661549088662 0.0458068994684067 0.0413689306196683 0.0372889679013586 0.0335206799430342 0.0300243918683771 0.0267691619183159 0.0233145868830664 0.0202251170329849 0.0174207041906201 0.0148657668441771 0.012529680036454 0.0103833898371568 0.0083992397291978 0.00655674422145135 0.00483547505728518 0.00321938042465439 0.00220572607381697 0.00139815491939756 0.000798160644276588 0.000393063272739923 0.000156904478705547
5 0.0142892518031049 0.0130335374940397 0.0118941216877338 0.0108529553196547 0.00989567498529295 0.00901097909120575 0.00818957068102638 0.00742403032474296 0.00670783535735762 0.00603590180972436 0.00533440850590548 0.00473469888197911 0.00417147686694068 0.00364209507298987 0.00314438328437051 0.00267596590848142 0.00223418611970683 0.00181739740282492 0.00142340232413787 0.00105044452322923 0.000797065032081655 0.000550482141509335 0.000349106138265324 0.000196312740025965 9.30574507502021e-05
6 0.0142892518031048 0.0130335374940397 0.0118941216877338 0.0108529553196547 0.00989567498529284 0.00901097909120575 0.00818957068102627 0.00742403032474291 0.00670783535735762 0.00603590180972442 0.00533440850590542 0.00473469888197911 0.00417147686694074 0.00364209507298984 0.00314438328437054 0.00267596590848142 0.00223418611970683 0.00181739740282492 0.00142340232413787 0.00105044452322923 0.000797065032081655 0.000550482141509335 0.000349106138265324 0.000196312740025965 9.30574507502004e-05
7 0.0142892518031048 0.0130335374940396 0.0118941216877339 0.0108529553196549 0.00989567498529295 0.00901097909120586 0.00818957068102638 0.00742403032474296 0.00670783535735762 0.00603590180972436 0.00533440850590548 0.00473469888197917 0.00417147686694068 0.00364209507298987 0.00314438328437051 0.0026759659084814 0.0022341861197068 0.00181739740282495 0.00142340232413788 0.00105044452322924 0.000797065032081648 0.000550482141509335 0.000349106138265324 0.000196312740025968 9.30574507502021e-05
8 0.014289251803105 0.0130335374940397 0.0118941216877338 0.0108529553196547 0.00989567498529284 0.00901097909120575 0.00818957068102627 0.00742403032474291 0.00670783535735762 0.00603590180972442 0.00533440850590542 0.00473469888197911 0.00417147686694074 0.00364209507298984 0.00314438328437054 0.00267596590848142 0.00223418611970683 0.00181739740282492 0.00142340232413787 0.00105044452322923 0.000797065032081662 0.000550482141509335 0.000349106138265324 0.000196312740025965 9.30574507502004e-05
9 0.0142892518031048 0.0130335374940397 0.0118941216877338 0.0108529553196547 0.00989567498529295 0.00901097909120575 0.00818957068102638 0.00742403032474296 0.00670783535735762 0.00603590180972436 0.00533440850590548 0.00473469888197911 0.00417147686694068 0.00364209507298987 0.00314438328437051 0.00267596590848142 0.00223418611970683 0.00181739740282492 0.00142340232413787 0.00105044452322923 0.000797065032081648 0.000550482141509335 0.000349106138265324 0.000196312740025965 9.30574507502021e-05
10 0.00654370761326705 0.00601425065930957 0.00553247345406937 0.00509111171888975 0.00468436118842067 0.00430764420566956 0.00395718186433061 0.00362995487353762 0.00332329542800537 0.00303512668161885 0.00278184113971227 0.00253503760434495 0.0022965460533701 0.0020663620164548 0.00184468245006241 0.00163159094502318 0.0014269806180966 0.00123112284873019 0.00104391915658762 0.000865337676548866 0.000693193950273342 0.000527082505488085 0.000376246529806661 0.000245694933289101 0.000141382385221123
11 0.00654370761326727 0.00601425065930968 0.00553247345406937 0.00509111171888975 0.00468436118842056 0.00430764420566967 0.00395718186433061 0.0036299548735375 0.00332329542800537 0.00303512668161891 0.00278184113971227 0.00253503760434495 0.0022965460533701 0.00206636201645485 0.00184468245006241 0.00163159094502318 0.0014269806180966 0.00123112284873019 0.00104391915658762 0.000865337676548852 0.000693193950273328 0.000527082505488078 0.000376246529806654 0.000245694933289098 0.000141382385221123
12 0.00654370761326705 0.00601425065930957 0.00553247345406926 0.00509111171888975 0.00468436118842067 0.00430764420566956 0.00395718186433072 0.00362995487353762 0.00332329542800543 0.00303512668161885 0.00278184113971233 0.00253503760434501 0.0022965460533701 0.0020663620164548 0.00184468245006241 0.00163159094502315 0.00142698061809657 0.00123112284873016 0.00104391915658762 0.000865337676548866 0.000693193950273342 0.000527082505488085 0.000376246529806661 0.000245694933289101 0.000141382385221122
13 0.00654370761326727 0.00601425065930968 0.00553247345406937 0.00509111171888975 0.00468436118842056 0.00430764420566967 0.00395718186433061 0.0036299548735375 0.00332329542800537 0.00303512668161891 0.00278184113971227 0.00253503760434495 0.0022965460533701 0.00206636201645485 0.00184468245006241 0.00163159094502318 0.0014269806180966 0.00123112284873019 0.00104391915658762 0.000865337676548852 0.000693193950273328 0.000527082505488078 0.000376246529806654 0.000245694933289098 0.000141382385221123
14 0.00654370761326705 0.00601425065930957 0.00553247345406937 0.00509111171888975 0.00468436118842067 0.00430764420566956 0.00395718186433061 0.00362995487353762 0.00332329542800537 0.00303512668161885 0.00278184113971227 0.00253503760434495 0.0022965460533701 0.0020663620164548 0.00184468245006241 0.00163159094502318 0.0014269806180966 0.00123112284873019 0.00104391915658762 0.000865337676548866 0.000693193950273342 0.000527082505488085 0.000376246529806661 0.000245694933289101 0.000141382385221123
15 0.00986963581959488 0.00909742100207854 0.0083954080428963 0.0077528356411231 0.0071611166875285 0.00661348382784128 0.00610435696738799 0.00562927929168999 0.00518431948297978 0.00476641568285982 0.00441013309316405 0.00406108378728213 0.00372041950318132 0.0033884977038234 0.00306600368706652 0.00275349202656628 0.00245125428050704 0.0021601442419503 0.00188045727273474 0.00161255666114482 0.00132186028037834 0.00104215849957476 0.000777868842312379 0.00053748133723 0.000332828547323491
16 0.00986963581959488 0.00909742100207843 0.0083954080428963 0.0077528356411231 0.0071611166875285 0.00661348382784139 0.0061043569673881 0.0056292792916901 0.00518431948297978 0.00476641568285988 0.00441013309316405 0.00406108378728213 0.00372041950318126 0.0033884977038234 0.00306600368706652 0.00275349202656625 0.00245125428050707 0.0021601442419503 0.00188045727273475 0.00161255666114481 0.00132186028037835 0.00104215849957476 0.000777868842312379 0.00053748133723 0.000332828547323492
17 0.0098696358195951 0.00909742100207843 0.0083954080428963 0.00775283564112321 0.00716111668752861 0.00661348382784128 0.00610435696738799 0.00562927929168999 0.00518431948297972 0.00476641568285982 0.00441013309316405 0.00406108378728208 0.00372041950318132 0.00338849770382346 0.00306600368706652 0.00275349202656628 0.00245125428050704 0.0021601442419503 0.00188045727273474 0.00161255666114482 0.00132186028037834 0.00104215849957477 0.000777868842312386 0.000537481337230004 0.000332828547323491
18 0.00986963581959488 0.00909742100207854 0.0083954080428963 0.0077528356411231 0.0071611166875285 0.00661348382784139 0.0061043569673881 0.0056292792916901 0.00518431948297978 0.00476641568285988 0.00441013309316405 0.00406108378728213 0.00372041950318126 0.0033884977038234 0.00306600368706652 0.00275349202656625 0.00245125428050707 0.0021601442419503 0.00188045727273475 0.00161255666114481 0.00132186028037835 0.00104215849957476 0.000777868842312379 0.00053748133723 0.000332828547323492
19 0.00986963581959488 0.00909742100207854 0.0083954080428963 0.0077528356411231 0.0071611166875285 0.00661348382784128 0.00610435696738799 0.00562927929168999 0.00518431948297978 0.00476641568285982 0.00441013309316405 0.00406108378728213 0.00372041950318132 0.0033884977038234 0.00306600368706652 0.00275349202656628 0.00245125428050704 0.0021601442419503 0.00188045727273474 0.00161255666114482 0.00132186028037834 0.00104215849957476 0.000777868842312379 0.00053748133723 0.000332828547323491
20 0.0145673654420029 0.0134151265714157 0.0123691872275015 0.0114130934388151 0.0105337435242459 0.0097208250804806 0.00896585061044516 0.00826204543600098 0.00760344949360045 0.00698541800121596 0.00643891984123753 0.00592437370230674 0.00542273533841641 0.00493447882798714 0.00446055706104105 0.00400172732810985 0.00355835933989201 0.00313164714740898 0.00272196649132302 0.00232979553283108 0.00189946499322675 0.00149422401364821 0.00111233089854765 0.000766070269840972 0.000472414040586279
21 0.0145673654420027 0.0134151265714157 0.0123691872275014 0.0114130934388149 0.0105337435242459 0.0097208250804806 0.00896585061044505 0.00826204543600109 0.0076034494936004 0.00698541800121596 0.00643891984123758 0.00592437370230674 0.00542273533841636 0.00493447882798714 0.00446055706104108 0.00400172732810985 0.00355835933989204 0.00313164714740901 0.00272196649132301 0.00232979553283109 0.00189946499322673 0.00149422401364822 0.00111233089854765 0.000766070269840972 0.000472414040586279
22 0.0145673654420029 0.0134151265714155 0.0123691872275015 0.0114130934388151 0.010533743524246 0.0097208250804806 0.00896585061044516 0.00826204543600098 0.0076034494936004 0.00698541800121601 0.00643891984123753 0.00592437370230674 0.00542273533841641 0.00493447882798708 0.00446055706104108 0.00400172732810988 0.00355835933989201 0.00313164714740898 0.00272196649132301 0.00232979553283108 0.00189946499322675 0.00149422401364821 0.00111233089854764 0.000766070269840969 0.00047241404058628
23 0.0145673654420027 0.0134151265714157 0.0123691872275014 0.0114130934388149 0.0105337435242459 0.0097208250804806 0.00896585061044505 0.00826204543600109 0.00760344949360051 0.00698541800121596 0.00643891984123758 0.00592437370230674 0.00542273533841636 0.00493447882798714 0.00446055706104102 0.00400172732810985 0.00355835933989204 0.00313164714740901 0.00272196649132304 0.00232979553283109 0.00189946499322673 0.00149422401364822 0.00111233089854765 0.000766070269840972 0.000472414040586279
24 0.0145673654420029 0.0134151265714157 0.0123691872275015 0.0114130934388151 0.0105337435242459 0.0097208250804806 0.00896585061044516 0.00826204543600098 0.0076034494936004 0.00698541800121596 0.00643891984123753 0.00592437370230674 0.00542273533841641 0.00493447882798714 0.00446055706104108 0.00400172732810985 0.00355835933989201 0.00313164714740898 0.00272196649132301 0.00232979553283108 0.00189946499322675 0.00149422401364821 0.00111233089854765 0.000766070269840972 0.000472414040586279
25 0.0149359955816193 0.0137476798114606 0.0126691436640633 0.0116833786781212 0.0107768444464219 0.00993888454395416 0.00916072989171583 0.00843538150247601 0.00775668352145065 0.00711983833065627 0.00655089438237403 0.00602609480508441 0.0055141624228636 0.0050155903976674 0.00453136492935337 0.00406227724037309 0.00360872654666173 0.00317195952017984 0.0027523894353503 0.00235053682085595 0.00193841467760853 0.00152609921897438 0.00113719622996245 0.000784189620219381 0.000484386821302182
26 0.0149359955816193 0.0137476798114606 0.0126691436640634 0.0116833786781211 0.0107768444464219 0.00993888454395416 0.00916072989171583 0.00843538150247612 0.00775668352145065 0.00711983833065621 0.00655089438237398 0.00602609480508441 0.00551416242286354 0.0050155903976674 0.00453136492935337 0.00406227724037307 0.00360872654666173 0.00317195952017981 0.0027523894353503 0.00235053682085595 0.00193841467760853 0.00152609921897438 0.00113719622996244 0.000784189620219381 0.000484386821302182
27 0.0149359955816193 0.0137476798114603 0.0126691436640633 0.0116833786781212 0.0107768444464218 0.00993888454395427 0.00916072989171583 0.00843538150247601 0.00775668352145065 0.00711983833065621 0.00655089438237403 0.00602609480508447 0.0055141624228636 0.0050155903976674 0.00453136492935337 0.00406227724037309 0.0036087265466617 0.00317195952017984 0.00275238943535033 0.00235053682085595 0.00193841467760854 0.0015260992189744 0.00113719622996245 0.000784189620219378 0.000484386821302179
28 0.0149359955816193 0.0137476798114606 0.0126691436640633 0.0116833786781211 0.0107768444464219 0.00993888454395416 0.00916072989171583 0.00843538150247612 0.00775668352145065 0.00711983833065627 0.00655089438237398 0.00602609480508441 0.00551416242286354 0.0050155903976674 0.00453136492935337 0.00406227724037307 0.00360872654666173 0.00317195952017981 0.0027523894353503 0.00235053682085595 0.00193841467760853 0.00152609921897438 0.00113719622996244 0.000784189620219381 0.000484386821302182
29 0.0149359955816193 0.0137476798114606 0.0126691436640633 0.0116833786781212 0.0107768444464219 0.00993888454395416 0.00916072989171583 0.00843538150247601 0.00775668352145065 0.00711983833065627 0.00655089438237403 0.00602609480508441 0.0055141624228636 0.0050155903976674 0.00453136492935337 0.00406227724037309 0.00360872654666173 0.00317195952017984 0.0027523894353503 0.00235053682085595 0.00193841467760853 0.00152609921897438 0.00113719622996245 0.000784189620219381 0.000484386821302182
30 0.0168246303859622 0.0154742158860883 0.0142493337142766 0.01313045286876 0.0121020393242699 0.0111518744994473 0.0102699119422659 0.00944813552079425 0.00867950272929728 0.00795852369665954 0.00730827984745672 0.00671698450414024 0.00614048656346147 0.00557930282588571 0.00503450321405805 0.00450693689186203 0.00399701233505621 0.00350609207812759 0.00303460414165385 0.00258310091197262 0.00213973232153818 0.0016815904407249 0.00125034754538653 0.000859882451562229 0.000529296089742281
31 0.0168246303859624 0.0154742158860883 0.0142493337142766 0.01313045286876 0.0121020393242699 0.0111518744994473 0.0102699119422659 0.00944813552079425 0.00867950272929728 0.00795852369665954 0.00730827984745677 0.00671698450414024 0.00614048656346142 0.00557930282588571 0.0050345032140581 0.00450693689186203 0.00399701233505623 0.00350609207812756 0.00303460414165385 0.00258310091197262 0.00213973232153819 0.0016815904407249 0.00125034754538652 0.000859882451562229 0.000529296089742281
32 0.0168246303859622 0.0154742158860885 0.0142493337142763 0.01313045286876 0.0121020393242698 0.0111518744994473 0.0102699119422658 0.00944813552079425 0.00867950272929728 0.00795852369665965 0.00730827984745672 0.00671698450414019 0.00614048656346147 0.00557930282588577 0.00503450321405805 0.00450693689186203 0.00399701233505621 0.00350609207812759 0.00303460414165388 0.00258310091197265 0.00213973232153818 0.00168159044072489 0.00125034754538653 0.000859882451562229 0.000529296089742277
33 0.0168246303859624 0.0154742158860883 0.0142493337142766 0.01313045286876 0.0121020393242699 0.0111518744994473 0.0102699119422659 0.00944813552079425 0.00867950272929728 0.00795852369665954 0.00730827984745677 0.00671698450414024 0.00614048656346142 0.00557930282588571 0.0050345032140581 0.00450693689186203 0.00399701233505623 0.00350609207812756 0.00303460414165385 0.00258310091197262 0.00213973232153819 0.0016815904407249 0.00125034754538652 0.000859882451562229 0.000529296089742281
34 0.0168246303859622 0.0154742158860883 0.0142493337142766 0.01313045286876 0.0121020393242699 0.0111518744994473 0.0102699119422659 0.00944813552079425 0.00867950272929728 0.00795852369665954 0.00730827984745672 0.00671698450414024 0.00614048656346147 0.00557930282588571 0.00503450321405805 0.00450693689186203 0.00399701233505621 0.00350609207812759 0.00303460414165385 0.00258310091197262 0.00213973232153818 0.0016815904407249 0.00125034754538653 0.000859882451562229 0.000529296089742281
35 0.0207262042832257 0.0190533650034444 0.0175379541145147 0.0161552701216971 0.0148857041522551 0.0137138503741305 0.0126270623931772 0.0116152559687226 0.0106695915803687 0.00978317583140293 0.00896576064463027 0.00824861934006993 0.00754851505935539 0.00686614386597717 0.00620288878563011 0.00555987865891203 0.00493771567530868 0.00433817366317929 0.00376188977290153 0.00320965094155345 0.00268296841381465 0.00211899854760012 0.00158532090828707 0.00109885003407744 0.000683375226900371
36 0.0207262042832259 0.0190533650034442 0.0175379541145144 0.0161552701216971 0.014885704152255 0.0137138503741304 0.0126270623931771 0.0116152559687227 0.0106695915803687 0.00978317583140293 0.00896576064463027 0.00824861934006993 0.00754851505935533 0.00686614386597712 0.00620288878563005 0.00555987865891198 0.00493771567530868 0.00433817366317929 0.00376188977290156 0.00320965094155342 0.00268296841381465 0.00211899854760012 0.00158532090828707 0.00109885003407744 0.000683375226900375
37 0.0207262042832257 0.0190533650034444 0.0175379541145147 0.0161552701216969 0.0148857041522551 0.0137138503741305 0.0126270623931772 0.0116152559687226 0.0106695915803687 0.00978317583140282 0.00896576064463038 0.00824861934006999 0.00754851505935539 0.00686614386597717 0.00620288878563011 0.00555987865891203 0.00493771567530866 0.00433817366317929 0.00376188977290153 0.00320965094155345 0.00268296841381465 0.00211899854760012 0.00158532090828707 0.00109885003407744 0.000683375226900371
38 0.0207262042832259 0.0190533650034442 0.0175379541145144 0.0161552701216971 0.014885704152255 0.0137138503741304 0.0126270623931771 0.0116152559687227 0.0106695915803687 0.00978317583140293 0.00896576064463027 0.00824861934006993 0.00754851505935533 0.00686614386597712 0.00620288878563005 0.00555987865891198 0.00493771567530868 0.00433817366317929 0.00376188977290156 0.00320965094155342 0.00268296841381465 0.00211899854760012 0.00158532090828707 0.00109885003407744 0.000683375226900375
39 0.0207262042832257 0.0190533650034444 0.0175379541145147 0.0161552701216971 0.0148857041522551 0.0137138503741305 0.0126270623931772 0.0116152559687226 0.0106695915803687 0.00978317583140293 0.00896576064463027 0.00824861934006993 0.00754851505935539 0.00686614386597717 0.00620288878563011 0.00555987865891203 0.00493771567530868 0.00433817366317929 0.00376188977290153 0.00320965094155345 0.00268296841381465 0.00211899854760012 0.00158532090828707 0.00109885003407744 0.000683375226900371
40 0.0254126066878089 0.0234012514277099 0.0215816311716418 0.0199233887617131 0.0184024757135106 0.0170000225561787 0.0157005669647784 0.0144917882625096 0.0133629121033981 0.0123055334449891 0.0113298108232779 0.0104979484088111 0.00968025816389117 0.00887800732918257 0.00809334615707669 0.00732820072182477 0.00658392289253529 0.00586330263390803 0.00516778424934141 0.00449897477387607 0.00384554545498747 0.00311415448881999 0.00240285838874679 0.00173192982266524 0.00113324863287685
41 0.0254126066878089 0.0234012514277097 0.0215816311716421 0.0199233887617131 0.0184024757135104 0.0170000225561787 0.0157005669647784 0.0144917882625095 0.013362912103398 0.0123055334449891 0.0113298108232778 0.010497948408811 0.00968025816389111 0.00887800732918263 0.00809334615707669 0.00732820072182483 0.00658392289253529 0.00586330263390805 0.00516778424934141 0.00449897477387607 0.00384554545498746 0.00311415448881999 0.0024028583887468 0.00173192982266523 0.00113324863287684
42 0.0254126066878087 0.0234012514277099 0.0215816311716418 0.0199233887617131 0.0184024757135106 0.0170000225561788 0.0157005669647782 0.0144917882625096 0.0133629121033981 0.0123055334449892 0.0113298108232779 0.0104979484088111 0.00968025816389117 0.00887800732918257 0.00809334615707663 0.00732820072182477 0.00658392289253524 0.00586330263390803 0.00516778424934141 0.0044989747738761 0.00384554545498749 0.00311415448882 0.00240285838874679 0.00173192982266524 0.00113324863287685
43 0.0254126066878089 0.0234012514277097 0.0215816311716421 0.0199233887617131 0.0184024757135104 0.0170000225561787 0.0157005669647784 0.0144917882625095 0.013362912103398 0.0123055334449891 0.0113298108232778 0.0104979484088111 0.00968025816389111 0.00887800732918263 0.00809334615707669 0.00732820072182483 0.00658392289253529 0.00586330263390805 0.00516778424934141 0.00449897477387607 0.00384554545498749 0.00311415448881999 0.0024028583887468 0.00173192982266524 0.00113324863287685
44 0.0254126066878089 0.0234012514277099 0.0215816311716418 0.0199233887617131 0.0184024757135106 0.0170000225561787 0.0157005669647784 0.0144917882625096 0.0133629121033981 0.0123055334449891 0.0113298108232779 0.010497948408811 0.00968025816389117 0.00887800732918257 0.00809334615707669 0.00732820072182477 0.00658392289253529 0.00586330263390803 0.00516778424934141 0.00449897477387607 0.00384554545498746 0.00311415448881999 0.00240285838874679 0.00173192982266523 0.00113324863287684
45 0.0305958609237363 0.0283024207672384 0.0262299708184001 0.0243432516993291 0.0226143817912265 0.0210215089217667 0.0195467538265587 0.0181758793842543 0.0168964601685743 0.0156988010009012 0.0146053616061367 0.0136995724768123 0.0127995404874984 0.0119072143559466 0.0110256711576403 0.0101578945164723 0.00930634263010916 0.0084752264952051 0.0076672933243581 0.00688550119671442 0.00607283141250807 0.00511766537831747 0.00414731994539077 0.0031808315224464 0.00225615411103049
46 0.0305958609237365 0.0283024207672384 0.0262299708184001 0.0243432516993293 0.0226143817912263 0.0210215089217668 0.0195467538265587 0.0181758793842543 0.0168964601685744 0.0156988010009012 0.0146053616061367 0.0136995724768125 0.0127995404874986 0.0119072143559467 0.0110256711576403 0.0101578945164723 0.0093063426301091 0.00847522649520505 0.0076672933243581 0.00688550119671444 0.00607283141250807 0.00511766537831747 0.00414731994539077 0.0031808315224464 0.00225615411103049
47 0.0305958609237363 0.0283024207672384 0.0262299708184004 0.0243432516993291 0.0226143817912265 0.0210215089217666 0.0195467538265586 0.0181758793842543 0.0168964601685743 0.0156988010009013 0.0146053616061366 0.0136995724768123 0.0127995404874984 0.0119072143559466 0.0110256711576403 0.0101578945164723 0.00930634263010916 0.0084752264952051 0.00766729332435813 0.00688550119671442 0.0060728314125081 0.00511766537831745 0.00414731994539078 0.0031808315224464 0.00225615411103048
48 0.0305958609237365 0.0283024207672384 0.0262299708184001 0.0243432516993293 0.0226143817912263 0.0210215089217666 0.0195467538265587 0.0181758793842543 0.0168964601685744 0.0156988010009012 0.0146053616061367 0.0136995724768125 0.0127995404874986 0.0119072143559467 0.0110256711576403 0.0101578945164723 0.0093063426301091 0.00847522649520505 0.0076672933243581 0.00688550119671444 0.00607283141250807 0.00511766537831748 0.00414731994539077 0.0031808315224464 0.00225615411103049
49 0.0305958609237363 0.0283024207672384 0.0262299708184001 0.0243432516993291 0.0226143817912265 0.0210215089217668 0.0195467538265587 0.0181758793842543 0.0168964601685743 0.0156988010009012 0.0146053616061367 0.0136995724768123 0.0127995404874984 0.0119072143559466 0.0110256711576403 0.0101578945164723 0.00930634263010916 0.0084752264952051 0.0076672933243581 0.00688550119671442 0.00607283141250807 0.00511766537831745 0.00414731994539077 0.0031808315224464 0.00225615411103049
50 0.0370979100538623 0.0345611020456553 0.0322710559796652 0.0301881293979341 0.0282810258706169 0.0265252425571443 0.0249007588280501 0.0233916422740612 0.0219840124191023 0.0206670371267866 0.0194748297257084 0.0185210289247761 0.0175627322456004 0.016602269881432 0.0156433570846178 0.0146898062633488 0.0137450302027274 0.0128145603047926 0.0119024584079834 0.0110131267595235 0.0100364791058929 0.00882110087701331 0.0075282568878587 0.00616449161965858 0.00476027232079733
51 0.0370979100538621 0.0345611020456553 0.032271055979665 0.0301881293979341 0.0282810258706171 0.0265252425571443 0.0249007588280502 0.0233916422740612 0.0219840124191023 0.0206670371267866 0.0194748297257085 0.0185210289247761 0.0175627322456004 0.0166022698814319 0.0156433570846178 0.0146898062633488 0.0137450302027274 0.0128145603047926 0.0119024584079834 0.0110131267595235 0.0100364791058929 0.00882110087701331 0.0075282568878587 0.00616449161965858 0.00476027232079733
52 0.0370979100538623 0.0345611020456553 0.0322710559796652 0.0301881293979343 0.0282810258706169 0.0265252425571443 0.0249007588280502 0.0233916422740613 0.0219840124191022 0.0206670371267866 0.0194748297257084 0.0185210289247761 0.0175627322456003 0.0166022698814319 0.0156433570846178 0.0146898062633489 0.0137450302027273 0.0128145603047926 0.0119024584079834 0.0110131267595235 0.0100364791058929 0.00882110087701331 0.00752825688785869 0.00616449161965857 0.00476027232079733
53 0.0370979100538623 0.0345611020456553 0.032271055979665 0.0301881293979341 0.0282810258706171 0.0265252425571443 0.0249007588280502 0.0233916422740612 0.0219840124191023 0.0206670371267866 0.0194748297257085 0.0185210289247761 0.0175627322456004 0.0166022698814319 0.0156433570846178 0.0146898062633488 0.0137450302027274 0.0128145603047926 0.0119024584079834 0.0110131267595235 0.0100364791058929 0.00882110087701331 0.0075282568878587 0.00616449161965858 0.00476027232079733
54 0.0370979100538621 0.0345611020456553 0.0322710559796652 0.0301881293979341 0.0282810258706169 0.0265252425571443 0.0249007588280502 0.0233916422740612 0.0219840124191023 0.0206670371267866 0.0194748297257084 0.0185210289247761 0.0175627322456004 0.0166022698814319 0.0156433570846178 0.0146898062633488 0.0137450302027274 0.0128145603047926 0.0119024584079834 0.0110131267595235 0.0100364791058929 0.00882110087701331 0.0075282568878587 0.00616449161965858 0.00476027232079733
55 0.0473989471542457 0.0444183998483577 0.0417327775325694 0.0392940970041528 0.0370645931991024 0.0350147579926324 0.0331205424388859 0.0313628315145039 0.0297250254628855 0.0281941678299062 0.02681277422978 0.0257356345762647 0.0246464682432687 0.0235479040080643 0.0224442655183022 0.0213401250463332 0.0202397230819261 0.0191499056634136 0.0180759426349739 0.0170236112841919 0.0158232938493358 0.0142824636217448 0.0125955175045652 0.0107508252914136 0.00876167474525363
56 0.0473989471542455 0.0444183998483577 0.0417327775325694 0.0392940970041528 0.0370645931991024 0.0350147579926324 0.0331205424388859 0.0313628315145036 0.0297250254628855 0.0281941678299063 0.02681277422978 0.0257356345762647 0.0246464682432688 0.0235479040080643 0.0224442655183022 0.0213401250463333 0.0202397230819261 0.0191499056634136 0.0180759426349739 0.0170236112841919 0.0158232938493358 0.0142824636217448 0.0125955175045652 0.0107508252914136 0.00876167474525363
57 0.0473989471542459 0.0444183998483577 0.0417327775325696 0.039294097004153 0.0370645931991024 0.0350147579926326 0.0331205424388856 0.0313628315145039 0.0297250254628855 0.0281941678299062 0.0268127742297801 0.0257356345762647 0.0246464682432687 0.0235479040080643 0.0224442655183021 0.0213401250463332 0.0202397230819261 0.0191499056634136 0.0180759426349738 0.0170236112841919 0.0158232938493358 0.0142824636217447 0.0125955175045652 0.0107508252914135 0.00876167474525361
58 0.0473989471542459 0.0444183998483577 0.0417327775325694 0.0392940970041528 0.0370645931991024 0.0350147579926324 0.0331205424388859 0.0313628315145036 0.0297250254628855 0.0281941678299063 0.02681277422978 0.0257356345762647 0.0246464682432688 0.0235479040080643 0.0224442655183022 0.0213401250463332 0.0202397230819261 0.0191499056634136 0.0180759426349739 0.0170236112841919 0.0158232938493359 0.0142824636217448 0.0125955175045652 0.0107508252914136 0.00876167474525363
59 0.0473989471542455 0.0444183998483577 0.0417327775325694 0.0392940970041528 0.0370645931991024 0.0350147579926324 0.0331205424388859 0.0313628315145039 0.0297250254628855 0.0281941678299062 0.02681277422978 0.0257356345762647 0.0246464682432687 0.0235479040080643 0.0224442655183022 0.0213401250463332 0.0202397230819261 0.0191499056634136 0.0180759426349739 0.0170236112841919 0.0158232938493358 0.0142824636217448 0.0125955175045652 0.0107508252914135 0.00876167474525363
60 0.0645129364699549 0.0606448761253849 0.0571726721971714 0.0540302382641269 0.0511658978668407 0.0485394487005005 0.046118299458206 0.0438766154259382 0.0417921048812765 0.0398473690604394 0.0381381869417503 0.0367884730334859 0.0354203242558931 0.0340369952764127 0.0326439293748564 0.0312469523495744 0.0298515377408469 0.0284665357628378 0.0270988710387715 0.0257561740585073 0.0241776997235095 0.0221321219369153 0.0198599523342889 0.0173295846333231 0.0145357780899969
61 0.0645129364699549 0.0606448761253847 0.0571726721971712 0.0540302382641269 0.051165897866841 0.0485394487005005 0.0461182994582063 0.043876615425938 0.0417921048812765 0.0398473690604392 0.0381381869417504 0.036788473033486 0.0354203242558931 0.0340369952764126 0.0326439293748565 0.0312469523495745 0.0298515377408468 0.0284665357628379 0.0270988710387716 0.0257561740585073 0.0241776997235096 0.0221321219369153 0.0198599523342889 0.0173295846333231 0.0145357780899969
62 0.0645129364699545 0.0606448761253847 0.0571726721971712 0.0540302382641271 0.0511658978668407 0.0485394487005005 0.046118299458206 0.0438766154259382 0.0417921048812767 0.0398473690604394 0.0381381869417504 0.0367884730334859 0.0354203242558929 0.0340369952764127 0.0326439293748564 0.0312469523495744 0.0298515377408469 0.0284665357628379 0.0270988710387715 0.0257561740585073 0.0241776997235095 0.0221321219369153 0.0198599523342888 0.0173295846333232 0.0145357780899969
63 0.0645129364699549 0.0606448761253852 0.0571726721971714 0.0540302382641269 0.051165897866841 0.0485394487005005 0.0461182994582063 0.0438766154259382 0.0417921048812765 0.0398473690604394 0.0381381869417502 0.036788473033486 0.0354203242558931 0.0340369952764127 0.0326439293748565 0.0312469523495745 0.0298515377408469 0.0284665357628378 0.0270988710387715 0.0257561740585073 0.0241776997235096 0.0221321219369153 0.0198599523342889 0.0173295846333231 0.0145357780899969
64 0.0645129364699549 0.0606448761253847 0.0571726721971714 0.0540302382641269 0.0511658978668407 0.0485394487005005 0.046118299458206 0.043876615425938 0.0417921048812765 0.0398473690604392 0.0381381869417504 0.0367884730334859 0.0354203242558931 0.0340369952764126 0.0326439293748564 0.0312469523495744 0.0298515377408468 0.0284665357628379 0.0270988710387716 0.0257561740585073 0.0241776997235095 0.0221321219369153 0.0198599523342888 0.0173295846333231 0.0145357780899969
65 0.0944079525008883 0.0887484413254151 0.0837078775921521 0.079177223130885 0.0750724489604157 0.0713288462376696 0.0678945577094218 0.0647287453188037 0.0617966246607301 0.0590710825596087 0.0567136986113425 0.0548453218467519 0.0529514935012438 0.0510367358021536 0.0491086086382238 0.0471752095926999 0.0452441565845802 0.0433277463186467 0.041435613557446 0.0395783690390425 0.0373450762835941 0.0344542753099456 0.0312215594020469 0.027589530358666 0.0235312212964321
66 0.0944079525008887 0.0887484413254147 0.0837078775921521 0.079177223130885 0.0750724489604157 0.0713288462376694 0.0678945577094218 0.0647287453188037 0.0617966246607301 0.0590710825596089 0.0567136986113425 0.0548453218467521 0.0529514935012437 0.0510367358021537 0.0491086086382239 0.0471752095926998 0.0452441565845802 0.0433277463186466 0.0414356135574461 0.0395783690390426 0.0373450762835941 0.0344542753099456 0.0312215594020469 0.027589530358666 0.0235312212964321
67 0.0944079525008883 0.0887484413254151 0.0837078775921517 0.0791772231308854 0.0750724489604157 0.0713288462376696 0.0678945577094221 0.0647287453188037 0.0617966246607301 0.0590710825596087 0.0567136986113423 0.0548453218467519 0.0529514935012437 0.0510367358021537 0.0491086086382238 0.0471752095926999 0.0452441565845802 0.0433277463186467 0.041435613557446 0.0395783690390426 0.0373450762835941 0.0344542753099456 0.0312215594020469 0.027589530358666 0.0235312212964322
68 0.0944079525008887 0.0887484413254147 0.0837078775921521 0.079177223130885 0.0750724489604159 0.0713288462376696 0.0678945577094218 0.0647287453188037 0.0617966246607301 0.0590710825596089 0.0567136986113425 0.0548453218467521 0.0529514935012439 0.0510367358021534 0.0491086086382238 0.0471752095926998 0.0452441565845802 0.0433277463186466 0.041435613557446 0.0395783690390426 0.0373450762835941 0.0344542753099457 0.0312215594020469 0.0275895303586661 0.0235312212964322
69 0.0944079525008883 0.0887484413254151 0.0837078775921521 0.079177223130885 0.0750724489604155 0.0713288462376694 0.0678945577094218 0.0647287453188037 0.0617966246607301 0.0590710825596087 0.0567136986113425 0.0548453218467519 0.0529514935012437 0.0510367358021537 0.0491086086382238 0.0471752095926999 0.0452441565845802 0.0433277463186467 0.041435613557446 0.0395783690390426 0.0373450762835941 0.0344542753099456 0.0312215594020469 0.027589530358666 0.0235312212964321
70 0.137522590263509 0.129464551769408 0.122368631795455 0.116051947847586 0.110376768107341 0.1052387814562 0.100555827811404 0.0962639076498476 0.0923094600644595 0.0886509040383503 0.0855848088168718 0.0831166057266314 0.0806136056707713 0.0780817407210434 0.0755309862687117 0.0729720629194313 0.0704150915087496 0.0678764259164147 0.0653689328635005 0.0629068034664315 0.0598460535566271 0.0558831208605091 0.0514042953923712 0.046302940834136 0.0404982820540101
71 0.137522590263509 0.129464551769408 0.122368631795455 0.116051947847586 0.110376768107341 0.1052387814562 0.100555827811404 0.0962639076498478 0.0923094600644595 0.0886509040383503 0.0855848088168718 0.0831166057266314 0.0806136056707711 0.0780817407210434 0.0755309862687117 0.0729720629194312 0.0704150915087496 0.0678764259164147 0.0653689328635004 0.0629068034664316 0.0598460535566271 0.0558831208605092 0.0514042953923713 0.046302940834136 0.04049828205401
72 0.137522590263509 0.129464551769409 0.122368631795455 0.116051947847586 0.110376768107341 0.1052387814562 0.100555827811404 0.0962639076498478 0.0923094600644593 0.0886509040383503 0.0855848088168716 0.0831166057266312 0.0806136056707713 0.0780817407210434 0.0755309862687115 0.0729720629194312 0.0704150915087496 0.0678764259164146 0.0653689328635005 0.0629068034664315 0.0598460535566271 0.0558831208605091 0.0514042953923712 0.0463029408341359 0.0404982820540101
73 0.137522590263509 0.129464551769408 0.122368631795455 0.116051947847586 0.110376768107341 0.1052387814562 0.100555827811404 0.0962639076498476 0.0923094600644597 0.0886509040383505 0.0855848088168718 0.0831166057266314 0.0806136056707713 0.0780817407210434 0.0755309862687117 0.0729720629194312 0.0704150915087496 0.0678764259164147 0.0653689328635004 0.0629068034664315 0.0598460535566271 0.0558831208605091 0.0514042953923713 0.046302940834136 0.0404982820540101
74 0.137522590263509 0.129464551769408 0.122368631795455 0.116051947847586 0.110376768107341 0.1052387814562 0.100555827811404 0.0962639076498476 0.0923094600644593 0.0886509040383503 0.0855848088168718 0.0831166057266314 0.0806136056707711 0.0780817407210434 0.0755309862687117 0.0729720629194312 0.0704150915087496 0.0678764259164147 0.0653689328635005 0.0629068034664315 0.0598460535566271 0.0558831208605091 0.0514042953923713 0.046302940834136 0.04049828205401
75 0.20480720035752 0.192494358705908 0.181887067864372 0.172613387271371 0.164406558866181 0.15707171292276 0.150460501197609 0.144460028856595 0.138978668071265 0.133946084254341 0.129727007818861 0.126418347912964 0.123067264528784 0.11968166186498 0.116274806960716 0.112860907345581 0.109453321647525 0.106073662615411 0.102738841437995 0.0994674877738463 0.0953382580278477 0.0899584519536155 0.083833611562748 0.0767885366316531 0.0686627813837895
76 0.20480720035752 0.192494358705908 0.181887067864372 0.17261338727137 0.164406558866182 0.157071712922759 0.150460501197609 0.144460028856595 0.138978668071265 0.133946084254341 0.129727007818861 0.126418347912964 0.123067264528784 0.11968166186498 0.116274806960716 0.112860907345581 0.109453321647525 0.106073662615411 0.102738841437996 0.0994674877738465 0.0953382580278478 0.0899584519536155 0.0838336115627479 0.0767885366316532 0.0686627813837894
77 0.20480720035752 0.192494358705908 0.181887067864372 0.172613387271371 0.164406558866181 0.15707171292276 0.150460501197609 0.144460028856594 0.138978668071265 0.133946084254341 0.129727007818861 0.126418347912964 0.123067264528784 0.11968166186498 0.116274806960716 0.11286090734558 0.109453321647525 0.106073662615411 0.102738841437995 0.0994674877738463 0.0953382580278476 0.0899584519536156 0.0838336115627479 0.0767885366316531 0.0686627813837895
78 0.20480720035752 0.192494358705907 0.181887067864372 0.172613387271371 0.164406558866182 0.15707171292276 0.150460501197609 0.144460028856595 0.138978668071265 0.133946084254341 0.129727007818861 0.126418347912964 0.123067264528784 0.11968166186498 0.116274806960716 0.112860907345581 0.109453321647525 0.106073662615411 0.102738841437995 0.0994674877738463 0.095338258027848 0.0899584519536156 0.083833611562748 0.0767885366316532 0.0686627813837895
79 0.20480720035752 0.192494358705908 0.181887067864372 0.17261338727137 0.164406558866181 0.157071712922759 0.150460501197609 0.144460028856595 0.138978668071265 0.133946084254341 0.129727007818861 0.126418347912964 0.123067264528784 0.11968166186498 0.116274806960716 0.112860907345581 0.109453321647525 0.106073662615411 0.102738841437995 0.0994674877738463 0.0953382580278476 0.0899584519536154 0.083833611562748 0.0767885366316531 0.0686627813837894
80 0.264278254859991 0.252930829097142 0.242744119229459 0.233525162413284 0.225122756968473 0.217419089837211 0.210318533406173 0.203745209488972 0.197633603462793 0.19193254316829 0.187086840952577 0.183244559466653 0.179315212083275 0.175306777041412 0.171234019255286 0.16711344291667 0.162961158788828 0.158804082300533 0.154664236587786 0.150566541086412 0.145342373054341 0.138448871056224 0.130480003122294 0.121153312036319 0.110178851540809
81 0.264278254859991 0.252930829097143 0.242744119229459 0.233525162413285 0.225122756968473 0.217419089837211 0.210318533406173 0.203745209488972 0.197633603462793 0.19193254316829 0.187086840952577 0.183244559466653 0.179315212083275 0.175306777041412 0.171234019255286 0.16711344291667 0.162961158788828 0.158804082300533 0.154664236587786 0.150566541086412 0.145342373054341 0.138448871056224 0.130480003122294 0.121153312036319 0.110178851540809
82 0.26427825485999 0.252930829097142 0.242744119229459 0.233525162413285 0.225122756968473 0.217419089837211 0.210318533406173 0.203745209488972 0.197633603462793 0.19193254316829 0.187086840952577 0.183244559466653 0.179315212083275 0.175306777041412 0.171234019255286 0.16711344291667 0.162961158788827 0.158804082300533 0.154664236587786 0.150566541086412 0.145342373054341 0.138448871056224 0.130480003122294 0.121153312036319 0.110178851540809
83 0.264278254859991 0.252930829097143 0.242744119229459 0.233525162413284 0.225122756968473 0.217419089837211 0.210318533406173 0.203745209488972 0.197633603462793 0.19193254316829 0.187086840952577 0.183244559466653 0.179315212083275 0.175306777041412 0.171234019255286 0.16711344291667 0.162961158788828 0.158804082300533 0.154664236587786 0.150566541086412 0.145342373054341 0.138448871056224 0.130480003122294 0.121153312036319 0.110178851540809
84 0.264278254859991 0.252930829097142 0.242744119229459 0.233525162413285 0.225122756968473 0.217419089837211 0.210318533406173 0.203745209488972 0.197633603462793 0.19193254316829 0.187086840952577 0.183244559466653 0.179315212083275 0.175306777041412 0.171234019255286 0.16711344291667 0.162961158788828 0.158804082300533 0.154664236587786 0.150566541086412 0.145342373054341 0.138448871056224 0.130480003122294 0.121153312036319 0.110178851540809
85 0.363761918153936 0.350840601608816 0.339115740602263 0.328400591860699 0.318546717511249 0.30943743579184 0.300976858077128 0.293088529879904 0.285705294784411 0.278774858809686 0.272851031621378 0.268131933513447 0.263285610137218 0.2583203815424 0.253253139561877 0.248103227476126 0.242889823948633 0.237646106986394 0.232399650254749 0.227182233239446 0.220494815571914 0.211608030873802 0.201244031380209 0.188985932902482 0.174376807923504
86 0.363761918153936 0.350840601608815 0.339115740602263 0.328400591860699 0.31854671751125 0.30943743579184 0.300976858077128 0.293088529879904 0.285705294784411 0.278774858809685 0.272851031621378 0.268131933513447 0.263285610137218 0.2583203815424 0.253253139561877 0.248103227476126 0.242889823948633 0.237646106986394 0.232399650254749 0.227182233239446 0.220494815571914 0.211608030873802 0.201244031380209 0.188985932902483 0.174376807923505
87 0.363761918153936 0.350840601608816 0.339115740602263 0.328400591860698 0.318546717511249 0.30943743579184 0.300976858077128 0.293088529879904 0.285705294784411 0.278774858809685 0.272851031621378 0.268131933513447 0.263285610137218 0.2583203815424 0.253253139561877 0.248103227476125 0.242889823948633 0.237646106986394 0.232399650254749 0.227182233239446 0.220494815571914 0.211608030873802 0.201244031380208 0.188985932902482 0.174376807923504
88 0.363761918153936 0.350840601608815 0.339115740602264 0.328400591860699 0.31854671751125 0.30943743579184 0.300976858077128 0.293088529879904 0.285705294784411 0.278774858809686 0.272851031621378 0.268131933513447 0.263285610137218 0.2583203815424 0.253253139561877 0.248103227476126 0.242889823948633 0.237646106986395 0.232399650254749 0.227182233239446 0.220494815571914 0.211608030873802 0.201244031380209 0.188985932902482 0.174376807923504
89 0.363761918153936 0.350840601608816 0.339115740602263 0.328400591860699 0.318546717511249 0.30943743579184 0.300976858077128 0.293088529879904 0.285705294784411 0.278774858809685 0.272851031621378 0.268131933513447 0.263285610137218 0.2583203815424 0.253253139561877 0.248103227476125 0.242889823948633 0.237646106986394 0.232399650254749 0.227182233239446 0.220494815571914 0.211608030873802 0.201244031380209 0.188985932902483 0.174376807923504
90 0.486359944307012 0.472830746088609 0.460406046242202 0.448926546110143 0.438263450939202 0.428314593925423 0.418994755800098 0.410235730780207 0.40197623340147 0.39416890099567 0.387453497018083 0.382075892175887 0.376527394645141 0.37081537801508 0.364957259473855 0.358973633854717 0.352885305552437 0.346729974183993 0.340539489723205 0.334351364340857 0.32637283972232 0.315687948333672 0.303106567233206 0.288055462666337 0.269870552586081
91 0.486359944307013 0.47283074608861 0.460406046242201 0.448926546110143 0.438263450939203 0.428314593925422 0.418994755800098 0.410235730780206 0.40197623340147 0.39416890099567 0.387453497018083 0.382075892175887 0.376527394645141 0.37081537801508 0.364957259473855 0.358973633854717 0.352885305552437 0.346729974183993 0.340539489723205 0.334351364340857 0.32637283972232 0.315687948333672 0.303106567233206 0.288055462666337 0.269870552586081
92 0.486359944307012 0.472830746088609 0.460406046242201 0.448926546110142 0.438263450939203 0.428314593925422 0.418994755800098 0.410235730780207 0.40197623340147 0.394168900995671 0.387453497018083 0.382075892175886 0.376527394645141 0.37081537801508 0.364957259473855 0.358973633854717 0.352885305552437 0.346729974183993 0.340539489723205 0.334351364340857 0.32637283972232 0.315687948333671 0.303106567233206 0.288055462666338 0.269870552586081
93 0.486359944307013 0.47283074608861 0.460406046242202 0.448926546110143 0.438263450939202 0.428314593925423 0.418994755800098 0.410235730780207 0.40197623340147 0.39416890099567 0.387453497018083 0.382075892175887 0.376527394645141 0.37081537801508 0.364957259473855 0.358973633854717 0.352885305552437 0.346729974183993 0.340539489723205 0.334351364340857 0.32637283972232 0.315687948333672 0.303106567233206 0.288055462666338 0.269870552586081
94 0.486359944307012 0.472830746088609 0.460406046242201 0.448926546110142 0.438263450939203 0.428314593925422 0.418994755800098 0.410235730780206 0.40197623340147 0.39416890099567 0.387453497018083 0.382075892175887 0.376527394645141 0.37081537801508 0.364957259473855 0.358973633854717 0.352885305552437 0.346729974183993 0.340539489723205 0.334351364340857 0.32637283972232 0.315687948333671 0.303106567233206 0.288055462666337 0.269870552586081
95 0.584271324854185 0.572596748781358 0.561852003615554 0.551908628088978 0.542661782753157 0.534027761556855 0.525936178915993 0.518330421438252 0.5111591583921 0.504382614397019 0.498556567566804 0.493893614180298 0.489085320122103 0.48413888846486 0.479070304711067 0.473898358476799 0.468642050529943 0.463334945443998 0.458005466600161 0.452686775287493 0.44584347775025 0.436706901781311 0.425995181272405 0.41325644778391 0.39799227778376
96 0.584271324854185 0.572596748781358 0.561852003615554 0.551908628088978 0.542661782753157 0.534027761556855 0.525936178915993 0.518330421438253 0.511159158392099 0.504382614397019 0.498556567566804 0.493893614180298 0.489085320122103 0.484138888464861 0.479070304711067 0.473898358476798 0.468642050529943 0.463334945443999 0.458005466600161 0.452686775287493 0.44584347775025 0.436706901781311 0.425995181272406 0.41325644778391 0.397992277783759
97 0.584271324854185 0.572596748781358 0.561852003615554 0.551908628088978 0.542661782753158 0.534027761556855 0.525936178915993 0.518330421438252 0.511159158392099 0.504382614397019 0.498556567566803 0.493893614180298 0.489085320122103 0.484138888464861 0.479070304711067 0.473898358476799 0.468642050529943 0.463334945443998 0.458005466600161 0.452686775287492 0.44584347775025 0.43670690178131 0.425995181272405 0.41325644778391 0.397992277783759
98 0.584271324854185 0.572596748781358 0.561852003615554 0.551908628088978 0.542661782753157 0.534027761556856 0.525936178915992 0.518330421438253 0.5111591583921 0.504382614397019 0.498556567566804 0.493893614180298 0.489085320122102 0.48413888846486 0.479070304711067 0.473898358476798 0.468642050529944 0.463334945443998 0.458005466600161 0.452686775287493 0.44584347775025 0.436706901781311 0.425995181272406 0.413256447783911 0.397992277783759
99 0.584271324854185 0.572596748781358 0.561852003615554 0.551908628088978 0.542661782753157 0.534027761556855 0.525936178915993 0.518330421438252 0.5111591583921 0.504382614397019 0.498556567566804 0.493893614180298 0.489085320122103 0.484138888464861 0.479070304711068 0.473898358476798 0.468642050529943 0.463334945443998 0.458005466600161 0.452686775287492 0.44584347775025 0.436706901781311 0.425995181272405 0.41325644778391 0.397992277783759
100 0.584271324854185 0.572596748781358 0.561852003615555 0.551908628088978 0.542661782753158 0.534027761556855 0.525936178915993 0.518330421438252 0.511159158392099 0.504382614397019 0.498556567566804 0.493893614180298 0.489085320122103 0.484138888464861 0.479070304711067 0.473898358476799 0.468642050529943 0.463334945443998 0.458005466600161 0.452686775287493 0.445843477750251 0.43670690178131 0.425995181272405 0.413256447783911 0.39799227778376
101 0.584271324854184 0.572596748781358 0.561852003615555 0.551908628088978 0.542661782753157 0.534027761556856 0.525936178915992 0.518330421438253 0.511159158392099 0.504382614397019 0.498556567566804 0.493893614180298 0.489085320122102 0.48413888846486 0.479070304711067 0.473898358476798 0.468642050529944 0.463334945443999 0.458005466600161 0.452686775287492 0.445843477750249 0.436706901781311 0.425995181272405 0.41325644778391 0.397992277783759
102 0.584271324854185 0.572596748781358 0.561852003615554 0.551908628088978 0.542661782753157 0.534027761556855 0.525936178915994 0.518330421438253 0.5111591583921 0.504382614397019 0.498556567566804 0.493893614180298 0.489085320122102 0.484138888464862 0.479070304711068 0.473898358476798 0.468642050529943 0.463334945443998 0.458005466600161 0.452686775287492 0.445843477750251 0.436706901781311 0.425995181272405 0.413256447783911 0.397992277783759
103 0.584271324854185 0.572596748781358 0.561852003615554 0.551908628088978 0.542661782753157 0.534027761556855 0.525936178915992 0.518330421438252 0.5111591583921 0.504382614397019 0.498556567566804 0.493893614180298 0.489085320122103 0.48413888846486 0.479070304711067 0.473898358476799 0.468642050529943 0.463334945443998 0.458005466600161 0.452686775287493 0.445843477750251 0.436706901781311 0.425995181272405 0.413256447783911 0.397992277783759
104 0.584271324854185 0.572596748781358 0.561852003615554 0.55190862808898 0.542661782753157 0.534027761556855 0.525936178915994 0.518330421438252 0.511159158392099 0.504382614397019 0.498556567566804 0.493893614180298 0.489085320122103 0.484138888464861 0.479070304711067 0.473898358476798 0.468642050529944 0.463334945443999 0.458005466600161 0.452686775287493 0.445843477750249 0.436706901781311 0.425995181272406 0.41325644778391 0.397992277783759
105 0.584271324854185 0.572596748781358 0.561852003615554 0.551908628088976 0.542661782753157 0.534027761556855 0.525936178915992 0.518330421438254 0.511159158392099 0.504382614397019 0.498556567566804 0.493893614180298 0.489085320122102 0.484138888464861 0.479070304711068 0.473898358476798 0.468642050529943 0.463334945443998 0.458005466600161 0.452686775287492 0.445843477750251 0.43670690178131 0.425995181272405 0.41325644778391 0.397992277783759
106 0.584271324854184 0.572596748781358 0.561852003615554 0.55190862808898 0.542661782753159 0.534027761556855 0.525936178915992 0.518330421438252 0.5111591583921 0.504382614397018 0.498556567566803 0.493893614180298 0.489085320122103 0.48413888846486 0.479070304711067 0.473898358476799 0.468642050529943 0.463334945443998 0.458005466600161 0.452686775287492 0.445843477750251 0.436706901781312 0.425995181272405 0.413256447783912 0.397992277783759
107 0.584271324854187 0.572596748781358 0.561852003615554 0.551908628088976 0.542661782753156 0.534027761556855 0.525936178915994 0.518330421438252 0.5111591583921 0.50438261439702 0.498556567566803 0.493893614180298 0.489085320122102 0.484138888464862 0.479070304711067 0.473898358476798 0.468642050529944 0.463334945443998 0.458005466600161 0.452686775287493 0.445843477750249 0.43670690178131 0.425995181272406 0.41325644778391 0.397992277783759
108 0.584271324854184 0.572596748781358 0.561852003615554 0.55190862808898 0.542661782753159 0.534027761556855 0.525936178915992 0.518330421438252 0.511159158392098 0.50438261439702 0.498556567566804 0.493893614180299 0.489085320122103 0.48413888846486 0.479070304711067 0.473898358476798 0.468642050529942 0.463334945443998 0.458005466600161 0.452686775287492 0.445843477750251 0.436706901781311 0.425995181272405 0.41325644778391 0.397992277783759
109 0.584271324854185 0.572596748781358 0.561852003615554 0.551908628088976 0.542661782753157 0.534027761556855 0.525936178915992 0.518330421438252 0.5111591583921 0.504382614397018 0.498556567566804 0.493893614180298 0.489085320122103 0.48413888846486 0.479070304711067 0.473898358476799 0.468642050529944 0.463334945443998 0.458005466600161 0.452686775287493 0.445843477750251 0.436706901781311 0.425995181272405 0.413256447783911 0.397992277783759
110 0.584271324854185 0.572596748781358 0.561852003615554 0.55190862808898 0.542661782753157 0.534027761556855 0.525936178915994 0.518330421438252 0.5111591583921 0.504382614397018 0.498556567566804 0.493893614180298 0.489085320122103 0.484138888464862 0.479070304711068 0.473898358476799 0.468642050529944 0.463334945443998 0.458005466600161 0.452686775287492 0.445843477750249 0.436706901781311 0.425995181272405 0.413256447783911 0.397992277783759
111 0.584271324854185 0.572596748781358 0.561852003615554 0.551908628088976 0.542661782753157 0.534027761556855 0.525936178915994 0.518330421438252 0.5111591583921 0.50438261439702 0.498556567566804 0.493893614180299 0.489085320122103 0.48413888846486 0.479070304711068 0.473898358476798 0.468642050529942 0.463334945443998 0.458005466600161 0.452686775287492 0.445843477750251 0.436706901781311 0.425995181272405 0.41325644778391 0.397992277783759
112 0.584271324854185 0.572596748781358 0.561852003615554 0.55190862808898 0.542661782753157 0.534027761556855 0.525936178915992 0.518330421438254 0.5111591583921 0.50438261439702 0.498556567566804 0.493893614180298 0.489085320122101 0.484138888464862 0.479070304711068 0.473898358476799 0.468642050529944 0.463334945443998 0.458005466600161 0.452686775287494 0.445843477750251 0.436706901781311 0.425995181272405 0.41325644778391 0.397992277783759
113 0.584271324854184 0.572596748781357 0.561852003615554 0.551908628088976 0.542661782753159 0.534027761556857 0.525936178915992 0.518330421438252 0.511159158392098 0.504382614397018 0.498556567566804 0.493893614180298 0.489085320122103 0.48413888846486 0.479070304711066 0.473898358476799 0.468642050529944 0.463334945444 0.458005466600161 0.452686775287491 0.445843477750249 0.436706901781311 0.425995181272406 0.413256447783912 0.397992277783759
114 0.584271324854187 0.572596748781358 0.561852003615554 0.55190862808898 0.542661782753156 0.534027761556855 0.525936178915994 0.518330421438254 0.5111591583921 0.504382614397018 0.498556567566804 0.493893614180298 0.489085320122101 0.48413888846486 0.479070304711066 0.473898358476798 0.468642050529942 0.463334945443998 0.458005466600161 0.452686775287493 0.445843477750251 0.43670690178131 0.425995181272405 0.41325644778391 0.397992277783759
115 0.584271324854184 0.572596748781358 0.561852003615554 0.551908628088978 0.542661782753159 0.534027761556855 0.525936178915992 0.518330421438252 0.5111591583921 0.50438261439702 0.498556567566804 0.493893614180299 0.489085320122103 0.484138888464862 0.479070304711068 0.473898358476799 0.468642050529944 0.463334945443998 0.458005466600161 0.452686775287493 0.445843477750251 0.43670690178131 0.425995181272406 0.41325644778391 0.397992277783759
116 0.584271324854187 0.572596748781358 0.561852003615554 0.551908628088978 0.542661782753157 0.534027761556855 0.525936178915992 0.518330421438252 0.511159158392098 0.50438261439702 0.498556567566804 0.493893614180298 0.489085320122103 0.48413888846486 0.479070304711068 0.473898358476799 0.468642050529944 0.463334945443998 0.458005466600161 0.452686775287491 0.445843477750249 0.436706901781312 0.425995181272405 0.41325644778391 0.397992277783759
117 0.584271324854184 0.572596748781358 0.561852003615554 0.551908628088978 0.542661782753157 0.534027761556855 0.525936178915994 0.518330421438252 0.5111591583921 0.504382614397018 0.498556567566804 0.493893614180298 0.489085320122103 0.48413888846486 0.479070304711068 0.473898358476798 0.468642050529942 0.463334945443998 0.458005466600161 0.452686775287493 0.445843477750251 0.436706901781312 0.425995181272405 0.413256447783912 0.397992277783759
118 0.584271324854184 0.572596748781358 0.561852003615556 0.551908628088978 0.542661782753157 0.534027761556855 0.525936178915994 0.518330421438252 0.5111591583921 0.504382614397018 0.498556567566804 0.493893614180299 0.489085320122103 0.484138888464862 0.479070304711068 0.473898358476799 0.468642050529944 0.463334945443998 0.458005466600161 0.452686775287493 0.445843477750251 0.43670690178131 0.425995181272405 0.41325644778391 0.397992277783762
119 0.584271324854187 0.572596748781357 0.561852003615554 0.551908628088978 0.542661782753157 0.534027761556855 0.52593617891599 0.518330421438252 0.5111591583921 0.504382614397018 0.498556567566804 0.493893614180298 0.489085320122103 0.48413888846486 0.479070304711064 0.473898358476798 0.468642050529944 0.463334945443998 0.458005466600161 0.452686775287491 0.445843477750249 0.43670690178131 0.425995181272405 0.41325644778391 0.397992277783759
120 0.584271324854184 0.572596748781361 0.561852003615553 0.551908628088978 0.542661782753157 0.534027761556855 0.525936178915994 0.518330421438254 0.5111591583921 0.504382614397022 0.498556567566804 0.493893614180298 0.489085320122101 0.484138888464862 0.479070304711068 0.473898358476799 0.468642050529942 0.463334945443998 0.458005466600161 0.452686775287493 0.445843477750251 0.436706901781312 0.425995181272405 0.413256447783912 0.397992277783759
121 0.584271324854187 0.572596748781355 0.561852003615557 0.551908628088978 0.542661782753157 0.534027761556857 0.525936178915994 0.518330421438252 0.511159158392098 0.504382614397018 0.498556567566804 0.493893614180299 0.489085320122103 0.48413888846486 0.479070304711068 0.473898358476799 0.468642050529944 0.463334945444 0.458005466600161 0.452686775287493 0.445843477750249 0.436706901781312 0.425995181272405 0.41325644778391 0.397992277783759
122 0.584271324854184 0.572596748781361 0.561852003615551 0.551908628088978 0.542661782753159 0.534027761556855 0.52593617891599 0.518330421438252 0.5111591583921 0.504382614397018 0.498556567566804 0.493893614180298 0.489085320122103 0.48413888846486 0.479070304711068 0.473898358476798 0.468642050529942 0.463334945443998 0.458005466600161 0.452686775287491 0.445843477750251 0.43670690178131 0.425995181272405 0.41325644778391 0.397992277783759
123 0.584271324854184 0.572596748781355 0.561852003615557 0.55190862808898 0.542661782753156 0.534027761556855 0.525936178915994 0.518330421438252 0.5111591583921 0.504382614397018 0.498556567566804 0.493893614180298 0.489085320122103 0.484138888464862 0.479070304711068 0.473898358476799 0.468642050529944 0.463334945443998 0.458005466600161 0.452686775287495 0.445843477750251 0.43670690178131 0.425995181272405 0.41325644778391 0.397992277783759
124 0.584271324854187 0.572596748781361 0.561852003615551 0.551908628088976 0.542661782753159 0.534027761556855 0.525936178915994 0.518330421438254 0.511159158392098 0.504382614397022 0.498556567566804 0.493893614180298 0.489085320122101 0.48413888846486 0.479070304711068 0.473898358476799 0.468642050529944 0.463334945443998 0.458005466600161 0.452686775287491 0.445843477750251 0.43670690178131 0.425995181272405 0.413256447783912 0.397992277783759
125 0.584271324854184 0.572596748781355 0.561852003615557 0.551908628088976 0.542661782753159 0.534027761556855 0.525936178915994 0.518330421438252 0.5111591583921 0.504382614397018 0.498556567566804 0.493893614180299 0.489085320122103 0.484138888464862 0.479070304711064 0.473898358476798 0.468642050529942 0.463334945443998 0.458005466600161 0.452686775287491 0.445843477750249 0.436706901781314 0.425995181272405 0.41325644778391 0.397992277783759
126 0.584271324854187 0.572596748781361 0.561852003615551 0.55190862808898 0.542661782753156 0.534027761556855 0.52593617891599 0.518330421438252 0.5111591583921 0.504382614397018 0.498556567566804 0.493893614180298 0.489085320122103 0.48413888846486 0.479070304711068 0.473898358476799 0.468642050529944 0.463334945443998 0.458005466600161 0.452686775287495 0.445843477750251 0.43670690178131 0.425995181272405 0.41325644778391 0.397992277783759
127 0.584271324854184 0.572596748781355 0.561852003615557 0.55190862808898 0.542661782753156 0.534027761556855 0.525936178915994 0.518330421438252 0.5111591583921 0.504382614397018 0.498556567566804 0.493893614180298 0.489085320122103 0.48413888846486 0.479070304711068 0.473898358476799 0.468642050529944 0.463334945443998 0.458005466600161 0.452686775287491 0.445843477750251 0.43670690178131 0.425995181272405 0.41325644778391 0.397992277783759
128 0.584271324854187 0.572596748781361 0.561852003615551 0.551908628088976 0.542661782753159 0.534027761556855 0.525936178915994 0.518330421438252 0.5111591583921 0.504382614397022 0.498556567566804 0.493893614180299 0.489085320122103 0.484138888464862 0.479070304711068 0.473898358476798 0.468642050529942 0.463334945443998 0.458005466600161 0.452686775287491 0.445843477750249 0.43670690178131 0.425995181272405 0.413256447783912 0.397992277783759
129 0.584271324854184 0.572596748781355 0.561852003615557 0.551908628088976 0.542661782753159 0.534027761556855 0.52593617891599 0.518330421438252 0.5111591583921 0.504382614397018 0.498556567566804 0.493893614180298 0.489085320122101 0.48413888846486 0.479070304711068 0.473898358476799 0.468642050529944 0.463334945443998 0.458005466600161 0.452686775287495 0.445843477750251 0.43670690178131 0.425995181272405 0.41325644778391 0.397992277783759
130 0.584271324854184 0.572596748781361 0.561852003615551 0.55190862808898 0.542661782753156 0.534027761556855 0.525936178915994 0.518330421438256 0.511159158392096 0.504382614397018 0.498556567566804 0.493893614180298 0.489085320122103 0.484138888464862 0.479070304711068 0.473898358476799 0.468642050529944 0.463334945443998 0.458005466600161 0.452686775287491 0.445843477750251 0.436706901781314 0.425995181272405 0.41325644778391 0.397992277783759
131 0.584271324854187 0.572596748781355 0.561852003615557 0.55190862808898 0.542661782753159 0.534027761556855 0.525936178915994 0.518330421438249 0.511159158392103 0.504382614397018 0.498556567566804 0.493893614180296 0.489085320122105 0.48413888846486 0.479070304711064 0.473898358476798 0.468642050529942 0.463334945443998 0.458005466600161 0.452686775287495 0.445843477750249 0.43670690178131 0.425995181272405 0.41325644778391 0.397992277783759
132 0.584271324854184 0.572596748781358 0.561852003615551 0.551908628088976 0.542661782753156 0.534027761556858 0.52593617891599 0.518330421438256 0.511159158392096 0.504382614397022 0.498556567566804 0.493893614180301 0.489085320122103 0.48413888846486 0.479070304711068 0.473898358476799 0.468642050529944 0.463334945444 0.458005466600161 0.452686775287491 0.445843477750251 0.43670690178131 0.425995181272409 0.413256447783912 0.397992277783759
133 0.584271324854184 0.572596748781358 0.561852003615557 0.551908628088976 0.542661782753159 0.534027761556852 0.525936178915994 0.518330421438252 0.5111591583921 0.504382614397018 0.498556567566804 0.493893614180298 0.489085320122099 0.484138888464862 0.479070304711068 0.473898358476799 0.468642050529944 0.463334945443998 0.458005466600161 0.452686775287491 0.445843477750251 0.43670690178131 0.425995181272405 0.41325644778391 0.397992277783759
134 0.584271324854187 0.572596748781358 0.561852003615551 0.551908628088983 0.542661782753159 0.534027761556858 0.525936178915994 0.518330421438252 0.5111591583921 0.504382614397018 0.498556567566804 0.493893614180298 0.489085320122103 0.484138888464858 0.479070304711068 0.473898358476796 0.468642050529942 0.463334945443998 0.458005466600161 0.452686775287495 0.445843477750249 0.436706901781314 0.425995181272405 0.41325644778391 0.397992277783759
135 0.584271324854184 0.572596748781358 0.561852003615557 0.551908628088976 0.542661782753156 0.534027761556852 0.525936178915994 0.518330421438252 0.5111591583921 0.504382614397018 0.4985565675668 0.493893614180298 0.489085320122103 0.484138888464862 0.479070304711068 0.473898358476801 0.468642050529944 0.463334945443998 0.458005466600161 0.452686775287491 0.445843477750251 0.43670690178131 0.425995181272405 0.413256447783912 0.397992277783759
136 0.584271324854187 0.572596748781358 0.561852003615551 0.551908628088976 0.542661782753159 0.534027761556858 0.52593617891599 0.518330421438252 0.5111591583921 0.504382614397022 0.498556567566804 0.493893614180298 0.489085320122103 0.484138888464862 0.479070304711068 0.473898358476801 0.468642050529944 0.463334945443998 0.458005466600161 0.452686775287491 0.445843477750251 0.43670690178131 0.425995181272405 0.41325644778391 0.397992277783759
137 0.584271324854184 0.572596748781358 0.561852003615557 0.551908628088976 0.542661782753156 0.534027761556852 0.525936178915994 0.518330421438252 0.511159158392096 0.504382614397018 0.498556567566804 0.493893614180298 0.489085320122103 0.484138888464858 0.479070304711064 0.473898358476794 0.468642050529944 0.463334945443998 0.458005466600163 0.452686775287495 0.445843477750249 0.43670690178131 0.425995181272405 0.41325644778391 0.397992277783759
138 0.584271324854187 0.572596748781358 0.561852003615551 0.551908628088983 0.542661782753159 0.534027761556858 0.525936178915994 0.518330421438252 0.511159158392103 0.504382614397018 0.498556567566804 0.493893614180298 0.489085320122099 0.484138888464862 0.479070304711068 0.473898358476801 0.468642050529944 0.463334945443998 0.458005466600159 0.452686775287491 0.445843477750251 0.43670690178131 0.425995181272405 0.41325644778391 0.397992277783759
139 0.584271324854184 0.572596748781358 0.561852003615557 0.551908628088976 0.542661782753156 0.534027761556852 0.525936178915994 0.518330421438256 0.511159158392096 0.504382614397018 0.498556567566804 0.493893614180301 0.489085320122103 0.484138888464862 0.479070304711068 0.473898358476801 0.468642050529944 0.463334945443998 0.458005466600159 0.452686775287491 0.445843477750251 0.436706901781314 0.425995181272405 0.413256447783912 0.397992277783759
140 0.584271324854184 0.572596748781358 0.561852003615551 0.551908628088976 0.542661782753159 0.534027761556858 0.52593617891599 0.518330421438249 0.5111591583921 0.504382614397022 0.498556567566804 0.493893614180298 0.489085320122103 0.484138888464858 0.479070304711068 0.473898358476794 0.46864205052994 0.463334945443998 0.458005466600163 0.452686775287495 0.445843477750247 0.43670690178131 0.425995181272405 0.41325644778391 0.397992277783759
141 0.584271324854187 0.572596748781358 0.561852003615557 0.551908628088976 0.542661782753156 0.534027761556852 0.525936178915994 0.518330421438256 0.5111591583921 0.504382614397018 0.498556567566808 0.493893614180298 0.489085320122103 0.484138888464862 0.479070304711068 0.473898358476801 0.468642050529944 0.463334945443998 0.458005466600163 0.452686775287491 0.445843477750251 0.43670690178131 0.425995181272405 0.41325644778391 0.397992277783759
142 0.584271324854184 0.572596748781358 0.561852003615557 0.551908628088983 0.542661782753159 0.534027761556858 0.525936178915994 0.518330421438249 0.5111591583921 0.504382614397018 0.4985565675668 0.493893614180298 0.489085320122103 0.484138888464862 0.479070304711068 0.473898358476801 0.468642050529944 0.463334945443998 0.458005466600159 0.452686775287491 0.445843477750251 0.43670690178131 0.425995181272405 0.413256447783912 0.397992277783762
143 0.584271324854187 0.572596748781358 0.561852003615551 0.551908628088976 0.542661782753159 0.534027761556852 0.52593617891599 0.518330421438256 0.5111591583921 0.504382614397018 0.498556567566804 0.493893614180298 0.489085320122103 0.484138888464862 0.479070304711064 0.473898358476794 0.468642050529944 0.463334945443998 0.458005466600159 0.452686775287495 0.445843477750251 0.43670690178131 0.425995181272405 0.41325644778391 0.397992277783759
144 0.584271324854184 0.572596748781358 0.561852003615557 0.551908628088976 0.542661782753156 0.534027761556858 0.525936178915994 0.518330421438249 0.5111591583921 0.504382614397018 0.498556567566804 0.493893614180298 0.489085320122103 0.484138888464858 0.479070304711068 0.473898358476801 0.468642050529944 0.463334945443998 0.458005466600163 0.452686775287491 0.445843477750251 0.436706901781314 0.425995181272405 0.41325644778391 0.397992277783759
145 0.584271324854187 0.572596748781358 0.561852003615551 0.551908628088976 0.542661782753159 0.534027761556852 0.525936178915994 0.518330421438256 0.5111591583921 0.504382614397022 0.498556567566804 0.493893614180298 0.489085320122103 0.484138888464862 0.479070304711068 0.473898358476801 0.46864205052994 0.463334945443998 0.458005466600163 0.452686775287495 0.445843477750247 0.43670690178131 0.425995181272405 0.41325644778391 0.397992277783759
146 0.584271324854184 0.572596748781358 0.561852003615557 0.551908628088983 0.542661782753156 0.534027761556858 0.525936178915994 0.518330421438256 0.5111591583921 0.504382614397018 0.498556567566804 0.493893614180298 0.489085320122103 0.484138888464862 0.479070304711068 0.473898358476794 0.468642050529944 0.463334945443998 0.458005466600159 0.452686775287491 0.445843477750251 0.43670690178131 0.425995181272405 0.413256447783914 0.397992277783759
147 0.584271324854184 0.572596748781358 0.561852003615551 0.551908628088976 0.542661782753159 0.534027761556852 0.52593617891599 0.518330421438249 0.511159158392096 0.504382614397018 0.498556567566804 0.493893614180298 0.489085320122103 0.484138888464858 0.479070304711068 0.473898358476801 0.468642050529944 0.463334945443998 0.458005466600163 0.452686775287491 0.445843477750251 0.43670690178131 0.425995181272405 0.41325644778391 0.397992277783759
148 0.584271324854187 0.572596748781358 0.561852003615557 0.551908628088976 0.542661782753156 0.534027761556858 0.525936178915994 0.518330421438256 0.5111591583921 0.504382614397022 0.498556567566804 0.493893614180301 0.489085320122103 0.484138888464862 0.479070304711068 0.473898358476801 0.468642050529944 0.463334945444002 0.458005466600159 0.452686775287491 0.445843477750251 0.436706901781314 0.425995181272405 0.41325644778391 0.397992277783759
149 0.584271324854184 0.572596748781358 0.561852003615551 0.551908628088976 0.542661782753159 0.534027761556858 0.525936178915994 0.518330421438249 0.5111591583921 0.504382614397018 0.498556567566804 0.493893614180298 0.489085320122103 0.484138888464862 0.479070304711068 0.473898358476794 0.468642050529944 0.463334945443998 0.458005466600159 0.452686775287495 0.445843477750251 0.43670690178131 0.425995181272405 0.41325644778391 0.397992277783759
150 1 1 1 1 1 1 1 1 1 1 1 1 1 1 1 1 1 1 1 1 1 1 1 1 1
