age 1 2 3 4 5 6 7 8 9 10 11 12 13 14 15 16 17 18 19 20 21 22 23 24 25
0 0.42820278012 0.39364041468 0.36212743614 0.33320404227 0.30650094309 0.28173352137 0.25865605095 0.23708049993 0.21683822355 0.19779059208 0.179972158838766 0.163374018348053 0.14740747995834 0.132067249422889 0.117339345430989 0.103234717407354 0.0897275856386427 0.0768281887852695 0.064525418057966 0.0528006551150815 0.0409683932896536 0.0306183734073229 0.0213961442702327 0.0135989676294873 0.00755496990014271
1 0.0678677500036497 0.0612839499549488 0.0553994510592509 0.0500936429219995 0.0452728453380709 0.0408658621510841 0.0368135481091924 0.033070680559116 0.0295981932997333 0.0263643411431199 0.0229808045849888 0.0198215515227653 0.016980389103928 0.01441455207251 0.0120839566333944 0.00995653167895336 0.00799880527362626 0.00618704940487987 0.00449879279713563 0.00291493286488195 0.00191552283893672 0.00118373673945263 0.00065499068865821 0.000310041897105999 0.000117578009250949
2 0.0678677500036497 0.0612839499549489 0.055399451059251 0.0500936429219995 0.0452728453380709 0.040865862151084 0.0368135481091924 0.033070680559116 0.0295981932997334 0.0263643411431198 0.0229808045849888 0.0198215515227653 0.016980389103928 0.01441455207251 0.0120839566333944 0.00995653167895336 0.00799880527362624 0.00618704940487987 0.00449879279713562 0.00291493286488195 0.00191552283893673 0.00118373673945263 0.000654990688658206 0.000310041897105997 0.000117578009250951
3 0.0678677500036497 0.0612839499549489 0.055399451059251 0.0500936429219995 0.0452728453380709 0.0408658621510841 0.0368135481091924 0.0330706805591159 0.0295981932997333 0.0263643411431199 0.0229808045849888 0.0198215515227653 0.016980389103928 0.01441455207251 0.0120839566333944 0.00995653167895339 0.00799880527362626 0.00618704940487988 0.00449879279713563 0.00291493286488195 0.00191552283893672 0.00118373673945263 0.000654990688658206 0.000310041897105997 0.000117578009250949
4 0.0678677500036497 0.0612839499549488 0.055399451059251 0.0500936429219995 0.0452728453380709 0.0408658621510841 0.0368135481091924 0.033070680559116 0.0295981932997334 0.0263643411431199 0.0229808045849888 0.0198215515227653 0.016980389103928 0.01441455207251 0.0120839566333944 0.00995653167895336 0.00799880527362626 0.00618704940487987 0.00449879279713563 0.00291493286488195 0.00191552283893672 0.00118373673945263 0.00065499068865821 0.000310041897105999 0.000117578009250949
5 0.0149713063971024 0.0136320843071884 0.0124173268229919 0.0113076283220661 0.0102875199015002 0.00934510289114195 0.00847020548102145 0.00765503150518587 0.00689265948004909 0.00617741217548944 0.00544875475644152 0.00476149627394277 0.0041306562332141 0.0035503294160095 0.00301458407732296 0.00251875463080797 0.00205731914036843 0.00162654543673879 0.00122255996048622 0.000841891921769562 0.000582235274909735 0.000376156987301349 0.000219759575448773 0.000111389055632122 4.61507231672745e-05
6 0.0149713063971024 0.0136320843071885 0.0124173268229921 0.011307628322066 0.0102875199015002 0.00934510289114195 0.0084702054810215 0.00765503150518593 0.00689265948004909 0.0061774121754895 0.00544875475644152 0.00476149627394277 0.00413065623321408 0.00355032941600947 0.00301458407732296 0.00251875463080797 0.00205731914036843 0.00162654543673879 0.00122255996048622 0.000841891921769562 0.000582235274909742 0.000376156987301342 0.000219759575448773 0.000111389055632122 4.61507231672727e-05
7 0.0149713063971025 0.0136320843071884 0.0124173268229919 0.0113076283220661 0.0102875199015002 0.00934510289114206 0.00847020548102145 0.00765503150518587 0.00689265948004904 0.00617741217548944 0.00544875475644158 0.00476149627394282 0.0041306562332141 0.0035503294160095 0.00301458407732293 0.002518754630808 0.00205731914036846 0.00162654543673879 0.00122255996048622 0.000841891921769562 0.000582235274909735 0.000376156987301349 0.000219759575448773 0.000111389055632122 4.61507231672745e-05
8 0.0149713063971024 0.0136320843071885 0.0124173268229921 0.011307628322066 0.0102875199015002 0.00934510289114195 0.0084702054810215 0.00765503150518593 0.00689265948004909 0.0061774121754895 0.00544875475644152 0.00476149627394277 0.00413065623321408 0.00355032941600947 0.00301458407732296 0.00251875463080797 0.00205731914036843 0.00162654543673879 0.00122255996048622 0.000841891921769562 0.000582235274909742 0.000376156987301342 0.000219759575448773 0.000111389055632122 4.61507231672727e-05
9 0.0149713063971024 0.0136320843071884 0.0124173268229919 0.0113076283220661 0.0102875199015002 0.00934510289114195 0.00847020548102145 0.00765503150518587 0.00689265948004909 0.00617741217548944 0.00544875475644152 0.00476149627394277 0.0041306562332141 0.0035503294160095 0.00301458407732296 0.00251875463080797 0.00205731914036843 0.00162654543673879 0.00122255996048622 0.000841891921769562 0.000582235274909735 0.000376156987301349 0.000219759575448773 0.000111389055632122 4.61507231672745e-05
10 0.00826734584473209 0.00755494577791067 0.00690717772267769 0.00631412396123231 0.00576784989150515 0.00526224558305948 0.00479206344223956 0.00435328376301991 0.0039423208260908 0.00355623022092011 0.00320599429364449 0.00283912488637111 0.00249691001493336 0.00217749130243582 0.00187886195845672 0.00159957522291004 0.00133754301243282 0.00109151564049449 0.00085998808485756 0.000641509849792888 0.000454502748354022 0.000309375734396939 0.000192728602904151 0.000105943522111511 4.87627635823144e-05
11 0.00826734584473209 0.00755494577791067 0.00690717772267758 0.00631412396123242 0.00576784989150515 0.00526224558305937 0.00479206344223956 0.00435328376301991 0.00394232082609086 0.00355623022092011 0.00320599429364444 0.00283912488637106 0.00249691001493331 0.00217749130243585 0.00187886195845669 0.00159957522291006 0.00133754301243282 0.00109151564049449 0.00085998808485756 0.000641509849792888 0.000454502748354022 0.000309375734396939 0.000192728602904151 0.000105943522111509 4.87627635823144e-05
12 0.00826734584473209 0.00755494577791067 0.00690717772267769 0.00631412396123231 0.00576784989150526 0.00526224558305948 0.00479206344223951 0.00435328376301997 0.0039423208260908 0.00355623022092005 0.00320599429364449 0.00283912488637111 0.00249691001493336 0.00217749130243582 0.00187886195845672 0.00159957522291004 0.00133754301243282 0.00109151564049447 0.000859988084857546 0.000641509849792902 0.000454502748354015 0.000309375734396939 0.000192728602904147 0.000105943522111511 4.87627635823161e-05
13 0.00826734584473209 0.00755494577791067 0.00690717772267758 0.00631412396123242 0.00576784989150515 0.00526224558305937 0.00479206344223962 0.00435328376301991 0.00394232082609086 0.00355623022092011 0.00320599429364444 0.00283912488637106 0.00249691001493331 0.00217749130243585 0.00187886195845669 0.00159957522291006 0.00133754301243282 0.00109151564049449 0.00085998808485756 0.000641509849792888 0.000454502748354022 0.000309375734396939 0.000192728602904151 0.000105943522111511 4.87627635823144e-05
14 0.00826734584473209 0.00755494577791067 0.00690717772267769 0.00631412396123231 0.00576784989150515 0.00526224558305948 0.00479206344223951 0.00435328376301991 0.0039423208260908 0.00355623022092011 0.00320599429364449 0.00283912488637111 0.00249691001493336 0.00217749130243582 0.00187886195845672 0.00159957522291004 0.00133754301243282 0.00109151564049449 0.00085998808485756 0.000641509849792888 0.000454502748354022 0.000309375734396939 0.000192728602904151 0.000105943522111511 4.87627635823144e-05
15 0.011109398057234 0.0101648747841857 0.0093068163227868 0.00852187683041203 0.00779939319860426 0.00713115748317181 0.00651013230663422 0.0059309256284529 0.00538873604324579 0.00487962243807343 0.00445038893191765 0.00396481935277027 0.00350947138291381 0.00308243640197531 0.00268157595535029 0.00230546142840316 0.00195174690903971 0.00161915021797569 0.0013059707276514 0.00101050281852562 0.000710361892545159 0.00049440475178379 0.00031655243976957 0.000180156781825118 8.67445714002324e-05
16 0.011109398057234 0.0101648747841858 0.0093068163227868 0.00852187683041192 0.00779939319860415 0.00713115748317192 0.00651013230663422 0.00593092562845296 0.00538873604324579 0.00487962243807348 0.00445038893191765 0.00396481935277022 0.00350947138291381 0.00308243640197531 0.00268157595535029 0.00230546142840318 0.00195174690903971 0.00161915021797571 0.0013059707276514 0.00101050281852562 0.000710361892545159 0.000494404751783783 0.00031655243976957 0.000180156781825118 8.67445714002306e-05
17 0.0111093980572339 0.0101648747841857 0.00930681632278691 0.00852187683041203 0.00779939319860426 0.00713115748317181 0.00651013230663433 0.0059309256284529 0.00538873604324579 0.00487962243807343 0.0044503889319177 0.00396481935277027 0.00350947138291376 0.00308243640197528 0.00268157595535026 0.00230546142840316 0.00195174690903971 0.00161915021797569 0.0013059707276514 0.00101050281852561 0.000710361892545153 0.00049440475178379 0.000316552439769566 0.000180156781825118 8.67445714002324e-05
18 0.0111093980572341 0.0101648747841858 0.0093068163227868 0.00852187683041192 0.00779939319860415 0.00713115748317192 0.00651013230663422 0.00593092562845296 0.00538873604324579 0.00487962243807348 0.00445038893191765 0.00396481935277022 0.00350947138291381 0.00308243640197531 0.00268157595535029 0.00230546142840318 0.00195174690903971 0.00161915021797571 0.0013059707276514 0.00101050281852562 0.000710361892545159 0.000494404751783783 0.00031655243976957 0.000180156781825118 8.67445714002306e-05
19 0.0111093980572339 0.0101648747841857 0.0093068163227868 0.00852187683041203 0.00779939319860426 0.00713115748317181 0.00651013230663422 0.0059309256284529 0.00538873604324579 0.00487962243807343 0.00445038893191765 0.00396481935277027 0.00350947138291381 0.00308243640197531 0.00268157595535029 0.00230546142840316 0.00195174690903971 0.00161915021797569 0.0013059707276514 0.00101050281852562 0.000710361892545159 0.00049440475178379 0.00031655243976957 0.000180156781825118 8.67445714002324e-05
20 0.0145341728835976 0.0132990789347221 0.0121783201737986 0.0111541175549431 0.0102122900597026 0.00934192748841108 0.00853369583847739 0.00778044160155753 0.00707580888588614 0.00641458336213315 0.0058648086579615 0.0052400186602344 0.00465222497568307 0.00409932769562016 0.00357892123604471 0.0030895064399938 0.00262836672151911 0.00219413617290467 0.00178486170360062 0.00139853458537452 0.000995097113312876 0.000701043529307702 0.000455645228762119 0.00026430287588367 0.000130450595121252
21 0.0145341728835976 0.0132990789347221 0.0121783201737986 0.0111541175549431 0.0102122900597027 0.00934192748841108 0.00853369583847739 0.00778044160155758 0.00707580888588614 0.0064145833621332 0.00586480865796155 0.0052400186602344 0.00465222497568312 0.00409932769562019 0.00357892123604471 0.0030895064399938 0.00262836672151911 0.00219413617290467 0.00178486170360062 0.00139853458537452 0.000995097113312876 0.000701043529307702 0.000455645228762116 0.00026430287588367 0.000130450595121252
22 0.0145341728835976 0.0132990789347221 0.0121783201737986 0.0111541175549431 0.0102122900597026 0.00934192748841119 0.00853369583847739 0.00778044160155758 0.0070758088858862 0.00641458336213315 0.0058648086579615 0.0052400186602344 0.00465222497568307 0.00409932769562016 0.00357892123604473 0.00308950643999378 0.00262836672151911 0.00219413617290465 0.00178486170360062 0.00139853458537452 0.00099509711331287 0.000701043529307695 0.000455645228762119 0.000264302875883666 0.000130450595121254
23 0.0145341728835976 0.0132990789347221 0.0121783201737986 0.0111541175549431 0.0102122900597027 0.00934192748841108 0.00853369583847739 0.00778044160155758 0.00707580888588614 0.0064145833621332 0.00586480865796155 0.0052400186602344 0.00465222497568312 0.00409932769562016 0.00357892123604471 0.0030895064399938 0.00262836672151911 0.00219413617290467 0.00178486170360062 0.00139853458537452 0.000995097113312876 0.000701043529307702 0.000455645228762116 0.00026430287588367 0.000130450595121252
24 0.0145341728835976 0.0132990789347221 0.0121783201737986 0.0111541175549431 0.0102122900597026 0.00934192748841108 0.00853369583847739 0.00778044160155758 0.00707580888588614 0.00641458336213315 0.0058648086579615 0.0052400186602344 0.00465222497568307 0.00409932769562016 0.00357892123604471 0.0030895064399938 0.00262836672151911 0.00219413617290467 0.00178486170360062 0.00139853458537452 0.000995097113312876 0.000701043529307702 0.000455645228762119 0.00026430287588367 0.000130450595121252
25 0.0172310335650384 0.0157539554073594 0.0144148824399604 0.0131922204723775 0.0120687704140451 0.011031306435861 0.0100685339554655 0.00917179552323734 0.00833341307086514 0.00754709048595264 0.00687735328772277 0.00614727667766797 0.0054592903796256 0.00481108315003952 0.00419999127722788 0.00362441910939475 0.00308133927554532 0.00256930800893754 0.00208618024009074 0.00162972875403837 0.00118851791104768 0.000840933644808758 0.000549503232679389 0.000320926691600023 0.000159811437692848
26 0.0172310335650386 0.0157539554073595 0.0144148824399605 0.0131922204723775 0.012068770414045 0.011031306435861 0.0100685339554655 0.00917179552323734 0.00833341307086519 0.00754709048595264 0.00687735328772277 0.00614727667766797 0.00545929037962565 0.00481108315003952 0.00419999127722785 0.00362441910939475 0.00308133927554532 0.00256930800893751 0.00208618024009074 0.00162972875403837 0.00118851791104767 0.000840933644808758 0.000549503232679389 0.000320926691600023 0.000159811437692848
27 0.0172310335650384 0.0157539554073595 0.0144148824399604 0.0131922204723774 0.0120687704140451 0.0110313064358611 0.0100685339554654 0.00917179552323723 0.00833341307086519 0.00754709048595259 0.00687735328772272 0.00614727667766803 0.0054592903796256 0.00481108315003952 0.00419999127722788 0.00362441910939478 0.00308133927554532 0.00256930800893754 0.00208618024009075 0.00162972875403836 0.00118851791104768 0.000840933644808758 0.000549503232679392 0.000320926691600026 0.000159811437692849
28 0.0172310335650386 0.0157539554073593 0.0144148824399605 0.0131922204723775 0.012068770414045 0.011031306435861 0.0100685339554655 0.00917179552323734 0.00833341307086508 0.00754709048595264 0.00687735328772277 0.00614727667766797 0.00545929037962565 0.00481108315003952 0.00419999127722785 0.00362441910939475 0.00308133927554532 0.00256930800893751 0.00208618024009074 0.00162972875403837 0.00118851791104767 0.000840933644808758 0.000549503232679385 0.000320926691600023 0.000159811437692848
29 0.0172310335650384 0.0157539554073595 0.0144148824399604 0.0131922204723775 0.0120687704140451 0.011031306435861 0.0100685339554655 0.00917179552323734 0.00833341307086519 0.00754709048595264 0.00687735328772277 0.00614727667766797 0.0054592903796256 0.00481108315003952 0.00419999127722788 0.00362441910939475 0.00308133927554532 0.00256930800893754 0.00208618024009074 0.00162972875403837 0.00118851791104768 0.000840933644808758 0.000549503232679392 0.000320926691600023 0.000159811437692848
30 0.0190841239992211 0.017453599914632 0.0159763096000246 0.0146281799008904 0.0133900552979388 0.0122472102972255 0.0111870841761814 0.0102000482301308 0.00927757291970279 0.00841266605841154 0.00764726599159805 0.00687164762878882 0.00613523121295544 0.00543642031890958 0.00477322927387918 0.00414481157122258 0.00354872082110772 0.00298418128470791 0.00244956881528255 0.00194306485926471 0.00147208551865503 0.00106494481550392 0.000715171963130642 0.000432394268410638 0.00022521680134671
31 0.0190841239992211 0.0174535999146318 0.0159763096000245 0.0146281799008904 0.0133900552979389 0.0122472102972255 0.0111870841761814 0.0102000482301309 0.00927757291970279 0.00841266605841148 0.00764726599159811 0.00687164762878882 0.00613523121295544 0.00543642031890953 0.00477322927387918 0.00414481157122255 0.00354872082110769 0.00298418128470791 0.00244956881528254 0.00194306485926471 0.00147208551865503 0.00106494481550392 0.000715171963130642 0.000432394268410638 0.00022521680134671
32 0.0190841239992209 0.017453599914632 0.0159763096000245 0.0146281799008903 0.0133900552979388 0.0122472102972255 0.0111870841761814 0.0102000482301308 0.00927757291970289 0.00841266605841154 0.00764726599159805 0.00687164762878887 0.00613523121295539 0.00543642031890958 0.00477322927387918 0.00414481157122258 0.00354872082110772 0.00298418128470794 0.00244956881528257 0.00194306485926472 0.00147208551865504 0.00106494481550391 0.000715171963130635 0.000432394268410638 0.000225216801346712
33 0.0190841239992211 0.0174535999146318 0.0159763096000247 0.0146281799008904 0.0133900552979389 0.0122472102972255 0.0111870841761814 0.0102000482301309 0.00927757291970279 0.00841266605841154 0.00764726599159811 0.00687164762878882 0.00613523121295544 0.00543642031890953 0.00477322927387918 0.00414481157122255 0.00354872082110769 0.00298418128470791 0.00244956881528257 0.00194306485926471 0.00147208551865503 0.00106494481550392 0.000715171963130642 0.000432394268410638 0.00022521680134671
34 0.0190841239992211 0.017453599914632 0.0159763096000245 0.0146281799008904 0.0133900552979388 0.0122472102972255 0.0111870841761814 0.0102000482301308 0.00927757291970279 0.00841266605841148 0.00764726599159805 0.00687164762878882 0.00613523121295544 0.00543642031890958 0.00477322927387918 0.00414481157122258 0.00354872082110772 0.00298418128470791 0.00244956881528254 0.00194306485926471 0.00147208551865503 0.00106494481550392 0.000715171963130642 0.000432394268410638 0.00022521680134671
35 0.0207337724302355 0.0189906494597567 0.017412046343291 0.0159720401432249 0.0146500178689372 0.0134301375949665 0.0122988978470642 0.0112459482966118 0.0102621279941545 0.00933992888704646 0.00851289759910063 0.00771925050216852 0.00695726361523154 0.00622650899313161 0.00552616858008525 0.00485662949836585 0.00421655098385582 0.00360631376325502 0.00302529428053368 0.00247252099017563 0.00195583092028907 0.00146567291559114 0.0010279627383076 0.000656618064815773 0.000367294583360124
36 0.0207337724302357 0.0189906494597567 0.017412046343291 0.0159720401432248 0.0146500178689373 0.0134301375949664 0.0122988978470642 0.0112459482966117 0.0102621279941545 0.00933992888704646 0.00851289759910057 0.00771925050216852 0.00695726361523154 0.00622650899313161 0.00552616858008531 0.00485662949836583 0.00421655098385582 0.00360631376325502 0.00302529428053368 0.00247252099017563 0.00195583092028908 0.00146567291559114 0.0010279627383076 0.000656618064815777 0.000367294583360124
37 0.0207337724302355 0.0189906494597565 0.0174120463432908 0.0159720401432249 0.0146500178689372 0.0134301375949665 0.0122988978470642 0.0112459482966118 0.0102621279941546 0.00933992888704657 0.00851289759910063 0.00771925050216857 0.00695726361523154 0.00622650899313156 0.00552616858008525 0.00485662949836583 0.00421655098385585 0.00360631376325505 0.00302529428053368 0.00247252099017562 0.00195583092028907 0.00146567291559114 0.0010279627383076 0.000656618064815773 0.000367294583360126
38 0.0207337724302357 0.0189906494597567 0.017412046343291 0.0159720401432249 0.0146500178689373 0.0134301375949664 0.0122988978470642 0.0112459482966117 0.0102621279941545 0.00933992888704646 0.00851289759910057 0.00771925050216852 0.00695726361523154 0.00622650899313161 0.00552616858008531 0.00485662949836588 0.00421655098385582 0.00360631376325502 0.00302529428053368 0.00247252099017563 0.00195583092028908 0.00146567291559114 0.0010279627383076 0.000656618064815777 0.000367294583360124
39 0.0207337724302355 0.0189906494597567 0.017412046343291 0.0159720401432248 0.0146500178689372 0.0134301375949665 0.0122988978470642 0.0112459482966118 0.0102621279941545 0.00933992888704646 0.00851289759910063 0.00771925050216852 0.00695726361523154 0.00622650899313161 0.00552616858008525 0.00485662949836583 0.00421655098385582 0.00360631376325502 0.00302529428053368 0.00247252099017563 0.00195583092028907 0.00146567291559114 0.0010279627383076 0.000656618064815773 0.000367294583360124
40 0.0215419702077194 0.0197931065446524 0.0182093485447702 0.0167646761571315 0.0154384000762442 0.0142146199785437 0.0130797853413441 0.0120235082091118 0.0110365948180912 0.0101115103317502 0.0092804471797287 0.00852128510514813 0.0077822528973059 0.00706410710488801 0.00636729551088489 0.0056935297319049 0.00504282236349686 0.00441691808576339 0.0038164965745011 0.00324177357714341 0.00268301707381067 0.00210380769686993 0.0015601502409161 0.00106940712480751 0.000655556975781486
41 0.0215419702077196 0.0197931065446522 0.0182093485447702 0.0167646761571313 0.0154384000762441 0.0142146199785436 0.0130797853413441 0.0120235082091118 0.0110365948180912 0.0101115103317502 0.0092804471797287 0.00852128510514813 0.0077822528973059 0.00706410710488801 0.00636729551088489 0.0056935297319049 0.00504282236349686 0.00441691808576339 0.0038164965745011 0.00324177357714342 0.00268301707381067 0.00210380769686992 0.0015601502409161 0.00106940712480751 0.000655556975781487
42 0.0215419702077194 0.0197931065446524 0.01820934854477 0.0167646761571315 0.0154384000762442 0.0142146199785437 0.013079785341344 0.0120235082091118 0.0110365948180912 0.0101115103317502 0.0092804471797287 0.00852128510514813 0.00778225289730584 0.00706410710488801 0.00636729551088489 0.00569352973190496 0.00504282236349689 0.00441691808576342 0.00381649657450108 0.00324177357714342 0.00268301707381068 0.00210380769686992 0.0015601502409161 0.00106940712480751 0.000655556975781486
43 0.0215419702077196 0.0197931065446522 0.0182093485447702 0.0167646761571313 0.0154384000762441 0.0142146199785436 0.0130797853413441 0.0120235082091118 0.0110365948180912 0.0101115103317502 0.0092804471797287 0.00852128510514813 0.0077822528973059 0.00706410710488801 0.00636729551088489 0.0056935297319049 0.00504282236349686 0.00441691808576339 0.0038164965745011 0.00324177357714341 0.00268301707381067 0.00210380769686994 0.0015601502409161 0.00106940712480751 0.000655556975781487
44 0.0215419702077194 0.0197931065446524 0.0182093485447702 0.0167646761571315 0.0154384000762442 0.0142146199785437 0.0130797853413441 0.0120235082091118 0.0110365948180912 0.0101115103317502 0.0092804471797287 0.00852128510514813 0.0077822528973059 0.00706410710488801 0.00636729551088489 0.0056935297319049 0.00504282236349686 0.00441691808576339 0.0038164965745011 0.00324177357714341 0.00268301707381067 0.00210380769686992 0.0015601502409161 0.00106940712480751 0.000655556975781486
45 0.0232216356635046 0.0214426915792614 0.0198318994804922 0.0183627366007225 0.017014118179217 0.0157698411706315 0.0146161004634873 0.0135423128148676 0.0125391139207536 0.0115988296944253 0.0107719081091138 0.0100337642135619 0.00930520385400999 0.00858777160431063 0.00788282497812122 0.00719312355738986 0.00651979710085262 0.00586582651401546 0.0052331286422592 0.00462310538638205 0.00398297923548064 0.00327705299784062 0.00257844667820508 0.00190486551615948 0.00128691159351323
46 0.0232216356635044 0.0214426915792616 0.0198318994804922 0.0183627366007225 0.0170141181792172 0.0157698411706316 0.0146161004634872 0.0135423128148675 0.0125391139207537 0.0115988296944254 0.0107719081091137 0.0100337642135619 0.00930520385400999 0.00858777160431057 0.00788282497812122 0.00719312355738991 0.00651979710085265 0.00586582651401546 0.0052331286422592 0.00462310538638205 0.00398297923548066 0.00327705299784062 0.00257844667820509 0.00190486551615948 0.00128691159351323
47 0.0232216356635046 0.0214426915792614 0.0198318994804924 0.0183627366007223 0.017014118179217 0.0157698411706315 0.0146161004634873 0.0135423128148676 0.0125391139207536 0.0115988296944253 0.0107719081091138 0.0100337642135619 0.00930520385400994 0.00858777160431063 0.00788282497812117 0.00719312355738986 0.00651979710085265 0.00586582651401546 0.00523312864225923 0.00462310538638208 0.00398297923548064 0.00327705299784061 0.00257844667820508 0.00190486551615948 0.00128691159351322
48 0.0232216356635044 0.0214426915792616 0.0198318994804922 0.0183627366007225 0.0170141181792172 0.0157698411706316 0.0146161004634872 0.0135423128148675 0.0125391139207537 0.0115988296944254 0.0107719081091137 0.010033764213562 0.00930520385400999 0.00858777160431057 0.00788282497812122 0.00719312355738991 0.00651979710085265 0.00586582651401546 0.0052331286422592 0.00462310538638205 0.00398297923548066 0.00327705299784062 0.00257844667820509 0.00190486551615948 0.00128691159351323
49 0.0232216356635046 0.0214426915792614 0.0198318994804922 0.0183627366007225 0.017014118179217 0.0157698411706315 0.0146161004634873 0.0135423128148676 0.0125391139207536 0.0115988296944253 0.0107719081091138 0.0100337642135619 0.00930520385400999 0.00858777160431063 0.00788282497812122 0.00719312355738986 0.00651979710085265 0.00586582651401546 0.0052331286422592 0.00462310538638205 0.00398297923548064 0.00327705299784062 0.00257844667820508 0.00190486551615948 0.00128691159351323
50 0.0301261856592693 0.0278783930160607 0.0258468842712531 0.0239971139276532 0.0223017020798525 0.0207396324357329 0.0192930633447101 0.0179483160719586 0.0166933304277321 0.0155182331737683 0.0144913096757434 0.0135909784149377 0.012697229018774 0.0118122263185859 0.0109379808431191 0.010078324471046 0.00923513782372232 0.00841267775436275 0.00761391945796001 0.00684120564930227 0.0060048728165715 0.00505365528508593 0.0040888855633535 0.00312959441000921 0.00221400454767881
51 0.0301261856592693 0.0278783930160607 0.0258468842712533 0.0239971139276532 0.0223017020798525 0.0207396324357329 0.01929306334471 0.0179483160719586 0.016693330427732 0.0155182331737683 0.0144913096757434 0.0135909784149377 0.012697229018774 0.0118122263185859 0.0109379808431191 0.010078324471046 0.00923513782372232 0.00841267775436272 0.00761391945796004 0.00684120564930224 0.00600487281657151 0.00505365528508593 0.00408888556335351 0.00312959441000921 0.00221400454767881
52 0.0301261856592693 0.0278783930160609 0.0258468842712531 0.023997113927653 0.0223017020798525 0.0207396324357329 0.0192930633447101 0.0179483160719586 0.0166933304277321 0.0155182331737683 0.0144913096757435 0.0135909784149378 0.012697229018774 0.0118122263185858 0.0109379808431192 0.010078324471046 0.00923513782372226 0.00841267775436278 0.00761391945796001 0.00684120564930227 0.00600487281657151 0.00505365528508592 0.00408888556335351 0.00312959441000921 0.00221400454767881
53 0.0301261856592693 0.0278783930160607 0.0258468842712533 0.0239971139276532 0.0223017020798525 0.0207396324357329 0.01929306334471 0.0179483160719586 0.016693330427732 0.0155182331737683 0.0144913096757434 0.0135909784149377 0.012697229018774 0.0118122263185859 0.0109379808431191 0.010078324471046 0.00923513782372232 0.00841267775436278 0.00761391945796004 0.00684120564930224 0.00600487281657148 0.00505365528508593 0.00408888556335349 0.00312959441000921 0.00221400454767881
54 0.0301261856592693 0.0278783930160607 0.0258468842712531 0.0239971139276532 0.0223017020798525 0.0207396324357329 0.0192930633447101 0.0179483160719586 0.0166933304277321 0.0155182331737683 0.0144913096757434 0.0135909784149377 0.012697229018774 0.0118122263185859 0.0109379808431191 0.010078324471046 0.00923513782372232 0.00841267775436272 0.00761391945796001 0.00684120564930227 0.00600487281657151 0.00505365528508593 0.00408888556335351 0.00312959441000921 0.00221400454767881
55 0.0440655985832382 0.0407412026448526 0.0377497654224246 0.0350365125055443 0.032558350055597 0.0302823069472974 0.0281806263945156 0.0262320368561376 0.0244179354948586 0.0227231329722647 0.0212241173937538 0.019946548896977 0.0186770057616503 0.0174186303206064 0.0161743752918207 0.0149498169864015 0.0137477821079266 0.0125745073329705 0.0114344196202312 0.0103310486994255 0.00913624269690095 0.00775291371869199 0.00633811968357162 0.00491611140572031 0.0035393761821295
56 0.0440655985832382 0.0407412026448526 0.0377497654224246 0.0350365125055441 0.032558350055597 0.0302823069472974 0.0281806263945158 0.0262320368561376 0.0244179354948586 0.0227231329722648 0.0212241173937538 0.019946548896977 0.0186770057616503 0.0174186303206064 0.0161743752918207 0.0149498169864015 0.0137477821079266 0.0125745073329705 0.0114344196202312 0.0103310486994255 0.00913624269690095 0.00775291371869198 0.00633811968357163 0.0049161114057203 0.00353937618212949
57 0.044065598583238 0.0407412026448526 0.0377497654224246 0.0350365125055443 0.0325583500555968 0.0302823069472974 0.0281806263945156 0.0262320368561377 0.0244179354948586 0.0227231329722647 0.021224117393754 0.0199465488969771 0.0186770057616503 0.0174186303206063 0.0161743752918208 0.0149498169864016 0.0137477821079265 0.0125745073329705 0.0114344196202312 0.0103310486994255 0.00913624269690098 0.00775291371869201 0.00633811968357162 0.0049161114057203 0.0035393761821295
58 0.0440655985832382 0.0407412026448526 0.0377497654224246 0.0350365125055441 0.032558350055597 0.0302823069472974 0.0281806263945158 0.0262320368561374 0.0244179354948586 0.0227231329722648 0.0212241173937538 0.019946548896977 0.0186770057616503 0.0174186303206064 0.0161743752918207 0.0149498169864015 0.0137477821079266 0.0125745073329705 0.0114344196202313 0.0103310486994255 0.00913624269690095 0.00775291371869201 0.00633811968357163 0.00491611140572032 0.0035393761821295
59 0.0440655985832382 0.0407412026448526 0.0377497654224246 0.0350365125055443 0.032558350055597 0.0302823069472974 0.0281806263945156 0.0262320368561377 0.0244179354948586 0.0227231329722647 0.0212241173937538 0.019946548896977 0.0186770057616503 0.0174186303206064 0.0161743752918207 0.0149498169864015 0.0137477821079266 0.0125745073329705 0.0114344196202312 0.0103310486994255 0.00913624269690095 0.00775291371869198 0.00633811968357162 0.0049161114057203 0.00353937618212949
60 0.0673279972012538 0.0621827378215301 0.0575878787814243 0.0534480577696784 0.0496892858020425 0.0462553595686677 0.0430996494609744 0.0401865048955896 0.0374851686822279 0.0349706584238632 0.0327663771014612 0.0309095095125878 0.0290613425833527 0.0272265992175389 0.0254097915240042 0.0236193320896232 0.0218596800218994 0.0201403368972369 0.018468195080537 0.0168488448579414 0.0150629015822452 0.0129582896965164 0.0107760658047784 0.00854358227779337 0.00633106508862232
61 0.0673279972012542 0.0621827378215303 0.0575878787814243 0.0534480577696786 0.0496892858020423 0.0462553595686679 0.0430996494609746 0.0401865048955896 0.037485168682228 0.0349706584238632 0.0327663771014612 0.0309095095125879 0.0290613425833526 0.0272265992175388 0.0254097915240041 0.0236193320896232 0.0218596800218994 0.0201403368972369 0.0184681950805369 0.0168488448579414 0.0150629015822452 0.0129582896965164 0.0107760658047784 0.00854358227779339 0.00633106508862232
62 0.0673279972012538 0.0621827378215301 0.0575878787814243 0.0534480577696784 0.0496892858020425 0.0462553595686677 0.0430996494609744 0.0401865048955899 0.0374851686822278 0.0349706584238631 0.0327663771014612 0.0309095095125878 0.0290613425833527 0.0272265992175389 0.0254097915240042 0.0236193320896232 0.0218596800218995 0.0201403368972369 0.018468195080537 0.0168488448579414 0.0150629015822452 0.0129582896965164 0.0107760658047785 0.00854358227779336 0.00633106508862231
63 0.0673279972012542 0.0621827378215301 0.0575878787814243 0.0534480577696786 0.0496892858020425 0.0462553595686679 0.0430996494609746 0.0401865048955896 0.0374851686822278 0.0349706584238633 0.0327663771014612 0.0309095095125879 0.0290613425833526 0.0272265992175388 0.0254097915240042 0.0236193320896231 0.0218596800218994 0.0201403368972369 0.018468195080537 0.0168488448579414 0.0150629015822452 0.0129582896965164 0.0107760658047785 0.00854358227779339 0.00633106508862232
64 0.0673279972012538 0.0621827378215303 0.0575878787814243 0.0534480577696784 0.0496892858020423 0.0462553595686677 0.0430996494609744 0.0401865048955896 0.037485168682228 0.0349706584238631 0.0327663771014612 0.0309095095125878 0.0290613425833527 0.0272265992175389 0.0254097915240041 0.0236193320896232 0.0218596800218994 0.0201403368972369 0.0184681950805369 0.0168488448579414 0.0150629015822452 0.0129582896965164 0.0107760658047784 0.00854358227779337 0.00633106508862231
65 0.103128377544502 0.0951538829412575 0.0881202040886274 0.0818501640755967 0.076209695054533 0.0710984679234162 0.0664351743690279 0.0621580847984263 0.0582150312051226 0.0545640424187698 0.0514154238337334 0.0487961321986962 0.0461825090603973 0.0435814699981372 0.0409997632029656 0.0384498243397021 0.0359386037354692 0.0334803645998267 0.0310857505460291 0.028763593653116 0.0261122608434482 0.0229263365665264 0.0195552602654114 0.0160156600104925 0.0123854261539237
66 0.103128377544502 0.0951538829412571 0.0881202040886276 0.0818501640755967 0.076209695054533 0.0710984679234164 0.0664351743690281 0.0621580847984261 0.0582150312051226 0.0545640424187698 0.0514154238337334 0.0487961321986962 0.0461825090603974 0.0435814699981372 0.0409997632029655 0.038449824339702 0.0359386037354693 0.0334803645998267 0.0310857505460291 0.0287635936531161 0.0261122608434482 0.0229263365665264 0.0195552602654115 0.0160156600104926 0.0123854261539237
67 0.103128377544503 0.0951538829412575 0.0881202040886276 0.0818501640755967 0.076209695054533 0.0710984679234162 0.0664351743690279 0.0621580847984263 0.0582150312051228 0.05456404241877 0.0514154238337334 0.0487961321986963 0.0461825090603973 0.0435814699981372 0.0409997632029656 0.0384498243397021 0.0359386037354692 0.0334803645998267 0.0310857505460291 0.028763593653116 0.0261122608434482 0.0229263365665264 0.0195552602654114 0.0160156600104926 0.0123854261539237
68 0.103128377544502 0.0951538829412571 0.0881202040886276 0.0818501640755967 0.076209695054533 0.0710984679234164 0.0664351743690281 0.0621580847984263 0.0582150312051226 0.0545640424187698 0.0514154238337334 0.0487961321986961 0.0461825090603973 0.0435814699981372 0.0409997632029655 0.038449824339702 0.0359386037354693 0.0334803645998267 0.0310857505460291 0.0287635936531161 0.0261122608434482 0.0229263365665264 0.0195552602654115 0.0160156600104925 0.0123854261539237
69 0.103128377544502 0.0951538829412575 0.0881202040886276 0.0818501640755967 0.076209695054533 0.0710984679234162 0.0664351743690279 0.0621580847984261 0.0582150312051226 0.0545640424187698 0.0514154238337334 0.0487961321986963 0.0461825090603973 0.0435814699981372 0.0409997632029656 0.0384498243397021 0.0359386037354692 0.0334803645998266 0.0310857505460291 0.028763593653116 0.0261122608434482 0.0229263365665264 0.0195552602654114 0.0160156600104926 0.0123854261539237
70 0.15325368616632 0.14143987594064 0.131207582519677 0.122222535773778 0.114241765638377 0.107088190726578 0.100622977548775 0.0947422196435588 0.0893604573639401 0.084409935051849 0.0802332721735466 0.0768119299857527 0.0733855133313651 0.069963294929128 0.0665545402418036 0.0631762731566117 0.059838515330079 0.0565612375739577 0.0533598318346142 0.0502474220049751 0.0465491653259013 0.041974502997019 0.0370054875960637 0.0316110751475008 0.0258315172971163
71 0.15325368616632 0.14143987594064 0.131207582519677 0.122222535773777 0.114241765638377 0.107088190726578 0.100622977548775 0.0947422196435587 0.0893604573639403 0.084409935051849 0.0802332721735466 0.0768119299857525 0.0733855133313651 0.069963294929128 0.0665545402418036 0.0631762731566118 0.059838515330079 0.0565612375739577 0.0533598318346141 0.0502474220049751 0.0465491653259014 0.041974502997019 0.0370054875960636 0.0316110751475009 0.0258315172971164
72 0.15325368616632 0.14143987594064 0.131207582519676 0.122222535773778 0.114241765638378 0.107088190726578 0.100622977548775 0.0947422196435588 0.0893604573639401 0.0844099350518488 0.0802332721735464 0.0768119299857527 0.0733855133313649 0.069963294929128 0.0665545402418037 0.0631762731566117 0.059838515330079 0.0565612375739577 0.0533598318346142 0.0502474220049751 0.0465491653259013 0.041974502997019 0.0370054875960637 0.0316110751475008 0.0258315172971163
73 0.15325368616632 0.14143987594064 0.131207582519677 0.122222535773778 0.114241765638377 0.107088190726578 0.100622977548775 0.0947422196435587 0.0893604573639403 0.084409935051849 0.0802332721735466 0.0768119299857525 0.0733855133313651 0.069963294929128 0.0665545402418037 0.0631762731566117 0.059838515330079 0.0565612375739577 0.0533598318346141 0.0502474220049751 0.0465491653259013 0.041974502997019 0.0370054875960637 0.0316110751475008 0.0258315172971163
74 0.15325368616632 0.14143987594064 0.131207582519677 0.122222535773777 0.114241765638377 0.107088190726578 0.100622977548775 0.0947422196435588 0.0893604573639401 0.084409935051849 0.0802332721735466 0.0768119299857527 0.0733855133313651 0.069963294929128 0.0665545402418034 0.0631762731566118 0.059838515330079 0.0565612375739577 0.0533598318346142 0.0502474220049751 0.0465491653259013 0.041974502997019 0.0370054875960636 0.0316110751475009 0.0258315172971164
75 0.229427705666935 0.211003169805865 0.195585137116879 0.182405269264392 0.170948780631593 0.160860910422739 0.151879008929958 0.143812558078763 0.136511429698006 0.129859671313431 0.124266532864854 0.119859817311758 0.115441378752721 0.11102292382177 0.10661627401395 0.102243433648106 0.0979175162957198 0.0936646967390778 0.0895053926314566 0.0854572158829627 0.0805344660034987 0.0742701507967352 0.0673276845370835 0.0595933326263923 0.0510180168566715
76 0.229427705666935 0.211003169805865 0.195585137116879 0.182405269264392 0.170948780631593 0.160860910422739 0.151879008929958 0.143812558078763 0.136511429698006 0.129859671313431 0.124266532864854 0.119859817311758 0.115441378752721 0.11102292382177 0.10661627401395 0.102243433648106 0.0979175162957198 0.0936646967390779 0.0895053926314565 0.0854572158829627 0.0805344660034986 0.0742701507967352 0.0673276845370836 0.0595933326263923 0.0510180168566716
77 0.229427705666935 0.211003169805865 0.195585137116879 0.182405269264392 0.170948780631593 0.160860910422739 0.151879008929958 0.143812558078762 0.136511429698006 0.129859671313432 0.124266532864854 0.119859817311758 0.115441378752721 0.11102292382177 0.10661627401395 0.102243433648106 0.0979175162957198 0.0936646967390779 0.0895053926314566 0.0854572158829626 0.0805344660034986 0.0742701507967352 0.0673276845370835 0.0595933326263923 0.0510180168566715
78 0.229427705666935 0.211003169805865 0.195585137116879 0.182405269264392 0.170948780631593 0.160860910422739 0.151879008929958 0.143812558078763 0.136511429698006 0.129859671313431 0.124266532864854 0.119859817311758 0.115441378752721 0.11102292382177 0.10661627401395 0.102243433648106 0.0979175162957198 0.0936646967390779 0.0895053926314566 0.0854572158829627 0.0805344660034988 0.0742701507967352 0.0673276845370836 0.0595933326263923 0.0510180168566715
79 0.229427705666935 0.211003169805865 0.195585137116879 0.182405269264392 0.170948780631593 0.160860910422739 0.151879008929958 0.143812558078763 0.136511429698006 0.129859671313431 0.124266532864854 0.119859817311758 0.115441378752721 0.11102292382177 0.10661627401395 0.102243433648106 0.0979175162957198 0.0936646967390777 0.0895053926314566 0.0854572158829627 0.0805344660034986 0.0742701507967352 0.0673276845370835 0.0595933326263923 0.0510180168566715
80 0.286952798067261 0.27128572626156 0.257300162919187 0.244705986172735 0.233277387004715 0.222842407473687 0.213258180117677 0.204415284472686 0.196219290817301 0.188593440970764 0.182064086459386 0.176844377204144 0.171544076583149 0.166176924207051 0.160757477117981 0.155313717606197 0.149863626111557 0.144442636515308 0.139080159468405 0.133802979912748 0.127308015921616 0.11891814706788 0.109453222481827 0.09869504142057 0.0864888498948316
81 0.28695279806726 0.271285726261561 0.257300162919187 0.244705986172735 0.233277387004715 0.222842407473687 0.213258180117677 0.204415284472686 0.196219290817302 0.188593440970764 0.182064086459386 0.176844377204144 0.171544076583149 0.166176924207051 0.160757477117981 0.155313717606197 0.149863626111557 0.144442636515309 0.139080159468404 0.133802979912748 0.127308015921616 0.11891814706788 0.109453222481827 0.09869504142057 0.0864888498948317
82 0.286952798067261 0.27128572626156 0.257300162919187 0.244705986172735 0.233277387004715 0.222842407473686 0.213258180117677 0.204415284472686 0.196219290817301 0.188593440970764 0.182064086459386 0.176844377204143 0.171544076583149 0.166176924207051 0.160757477117981 0.155313717606197 0.149863626111557 0.144442636515308 0.139080159468405 0.133802979912748 0.127308015921616 0.11891814706788 0.109453222481827 0.0986950414205699 0.0864888498948316
83 0.286952798067261 0.271285726261561 0.257300162919187 0.244705986172735 0.233277387004715 0.222842407473687 0.213258180117677 0.204415284472686 0.196219290817301 0.188593440970764 0.182064086459386 0.176844377204144 0.171544076583149 0.166176924207051 0.160757477117981 0.155313717606197 0.149863626111557 0.144442636515308 0.139080159468405 0.133802979912748 0.127308015921616 0.11891814706788 0.109453222481827 0.0986950414205701 0.0864888498948316
84 0.28695279806726 0.27128572626156 0.257300162919187 0.244705986172735 0.233277387004715 0.222842407473686 0.213258180117677 0.204415284472686 0.196219290817301 0.188593440970764 0.182064086459386 0.176844377204144 0.171544076583149 0.166176924207051 0.160757477117981 0.155313717606197 0.149863626111557 0.144442636515308 0.139080159468404 0.133802979912748 0.127308015921616 0.11891814706788 0.109453222481827 0.0986950414205699 0.0864888498948316
85 0.391197604995263 0.373716168170754 0.357880040737524 0.343428020721667 0.330152632237248 0.317894577821039 0.306518236942781 0.295919757561865 0.286007296607774 0.276705656924388 0.268680001644616 0.262222618100308 0.255627194665055 0.248908598943565 0.242083033850878 0.235184115490628 0.228233462598387 0.221275673049692 0.214348645492657 0.207487788627111 0.198982213988929 0.187891387279155 0.175232653225853 0.160643597581056 0.143810136134917
86 0.391197604995263 0.373716168170754 0.357880040737523 0.343428020721668 0.330152632237249 0.317894577821039 0.306518236942781 0.295919757561865 0.286007296607774 0.276705656924388 0.268680001644616 0.262222618100308 0.255627194665055 0.248908598943565 0.242083033850878 0.235184115490629 0.228233462598387 0.221275673049692 0.214348645492657 0.20748778862711 0.19898221398893 0.187891387279155 0.175232653225853 0.160643597581056 0.143810136134917
87 0.391197604995263 0.373716168170754 0.357880040737524 0.343428020721667 0.330152632237248 0.317894577821039 0.306518236942781 0.295919757561865 0.286007296607773 0.276705656924388 0.268680001644616 0.262222618100308 0.255627194665055 0.248908598943565 0.242083033850877 0.235184115490628 0.228233462598387 0.221275673049692 0.214348645492657 0.20748778862711 0.198982213988929 0.187891387279155 0.175232653225853 0.160643597581056 0.143810136134917
88 0.391197604995262 0.373716168170754 0.357880040737523 0.343428020721668 0.330152632237249 0.317894577821039 0.306518236942781 0.295919757561865 0.286007296607774 0.276705656924388 0.268680001644616 0.262222618100308 0.255627194665055 0.248908598943565 0.242083033850878 0.235184115490629 0.228233462598388 0.221275673049692 0.214348645492657 0.207487788627111 0.198982213988929 0.187891387279156 0.175232653225853 0.160643597581056 0.143810136134917
89 0.391197604995263 0.373716168170754 0.357880040737524 0.343428020721667 0.330152632237248 0.317894577821039 0.306518236942781 0.295919757561865 0.286007296607774 0.276705656924388 0.268680001644616 0.262222618100308 0.255627194665055 0.248908598943565 0.242083033850877 0.235184115490628 0.228233462598387 0.221275673049692 0.214348645492657 0.20748778862711 0.198982213988929 0.187891387279155 0.175232653225853 0.160643597581056 0.143810136134917
90 0.517212368238438 0.499392858090281 0.482984658892613 0.467786556281229 0.45363470970734 0.440402648987464 0.427979059275145 0.416279305625263 0.405225912924766 0.39475503940058 0.385643012136461 0.378258906388957 0.370668078486588 0.362884280523106 0.354923160108992 0.346821282309784 0.338601968594669 0.330316634609793 0.322010063555485 0.313725252782639 0.303373713372438 0.289739346295752 0.273984077072783 0.255561859070691 0.233936614204937
91 0.517212368238438 0.49939285809028 0.482984658892614 0.467786556281229 0.453634709707339 0.440402648987464 0.427979059275145 0.416279305625263 0.405225912924765 0.394755039400581 0.385643012136461 0.378258906388957 0.370668078486588 0.362884280523107 0.354923160108993 0.346821282309784 0.338601968594669 0.330316634609793 0.322010063555485 0.313725252782639 0.303373713372437 0.289739346295752 0.273984077072783 0.255561859070691 0.233936614204937
92 0.517212368238438 0.499392858090281 0.482984658892613 0.467786556281229 0.453634709707339 0.440402648987464 0.427979059275145 0.416279305625263 0.405225912924766 0.39475503940058 0.385643012136461 0.378258906388956 0.370668078486588 0.362884280523106 0.354923160108992 0.346821282309784 0.338601968594669 0.330316634609793 0.322010063555485 0.313725252782639 0.303373713372437 0.289739346295751 0.273984077072783 0.255561859070691 0.233936614204937
93 0.517212368238438 0.499392858090281 0.482984658892615 0.467786556281229 0.45363470970734 0.440402648987464 0.427979059275145 0.416279305625263 0.405225912924766 0.39475503940058 0.385643012136461 0.378258906388957 0.370668078486588 0.362884280523107 0.354923160108993 0.346821282309784 0.338601968594669 0.330316634609793 0.322010063555485 0.313725252782639 0.303373713372438 0.289739346295752 0.273984077072783 0.255561859070691 0.233936614204937
94 0.517212368238438 0.49939285809028 0.482984658892613 0.467786556281229 0.453634709707339 0.440402648987464 0.427979059275146 0.416279305625263 0.405225912924765 0.394755039400581 0.385643012136461 0.378258906388957 0.370668078486588 0.362884280523106 0.354923160108992 0.346821282309784 0.338601968594669 0.330316634609793 0.322010063555485 0.313725252782639 0.303373713372438 0.289739346295751 0.273984077072783 0.255561859070691 0.233936614204937
95 0.612687566839396 0.597455873507219 0.583374334239882 0.570290800879652 0.558079507803186 0.546642790681491 0.535893077035654 0.525763652176098 0.516192346455904 0.507127546958706 0.499243377473167 0.492858805995885 0.486301089443509 0.479583961509359 0.472722994447852 0.465751926207492 0.458693150364422 0.451593151784805 0.444492494540228 0.437429904126372 0.428635838549897 0.417110589209558 0.403885262287267 0.388565480066885 0.370809441308263
96 0.612687566839395 0.597455873507219 0.583374334239881 0.570290800879651 0.558079507803185 0.546642790681491 0.535893077035654 0.525763652176099 0.516192346455903 0.507127546958705 0.499243377473167 0.492858805995885 0.486301089443508 0.479583961509359 0.472722994447853 0.465751926207492 0.458693150364422 0.451593151784805 0.444492494540228 0.437429904126371 0.428635838549897 0.417110589209559 0.403885262287267 0.388565480066886 0.370809441308263
97 0.612687566839396 0.597455873507218 0.583374334239882 0.570290800879652 0.558079507803186 0.546642790681491 0.535893077035653 0.525763652176098 0.516192346455904 0.507127546958705 0.499243377473167 0.492858805995885 0.486301089443509 0.479583961509358 0.472722994447853 0.465751926207491 0.458693150364422 0.451593151784805 0.444492494540228 0.437429904126372 0.428635838549897 0.417110589209559 0.403885262287267 0.388565480066885 0.370809441308263
98 0.612687566839396 0.597455873507219 0.583374334239881 0.570290800879652 0.558079507803186 0.54664279068149 0.535893077035654 0.525763652176098 0.516192346455903 0.507127546958706 0.499243377473167 0.492858805995885 0.486301089443509 0.479583961509359 0.472722994447852 0.465751926207491 0.458693150364422 0.451593151784805 0.444492494540229 0.437429904126371 0.428635838549897 0.417110589209558 0.403885262287267 0.388565480066885 0.370809441308263
99 0.612687566839396 0.59745587350722 0.583374334239882 0.570290800879652 0.558079507803186 0.546642790681491 0.535893077035654 0.525763652176098 0.516192346455904 0.507127546958705 0.499243377473167 0.492858805995885 0.486301089443508 0.479583961509359 0.472722994447852 0.465751926207492 0.458693150364422 0.451593151784805 0.444492494540228 0.437429904126372 0.428635838549897 0.417110589209558 0.403885262287267 0.388565480066885 0.370809441308263
100 0.612687566839396 0.597455873507217 0.583374334239882 0.570290800879652 0.558079507803186 0.546642790681491 0.535893077035654 0.525763652176099 0.516192346455903 0.507127546958705 0.499243377473167 0.492858805995885 0.486301089443509 0.479583961509359 0.472722994447852 0.465751926207492 0.458693150364422 0.451593151784805 0.444492494540229 0.437429904126372 0.428635838549897 0.417110589209559 0.403885262287267 0.388565480066886 0.370809441308263
101 0.612687566839395 0.597455873507219 0.583374334239881 0.570290800879652 0.558079507803185 0.54664279068149 0.535893077035654 0.525763652176098 0.516192346455904 0.507127546958706 0.499243377473167 0.492858805995885 0.486301089443509 0.479583961509359 0.472722994447852 0.465751926207492 0.458693150364422 0.451593151784806 0.444492494540228 0.437429904126371 0.428635838549896 0.417110589209559 0.403885262287267 0.388565480066885 0.370809441308263
102 0.612687566839396 0.597455873507219 0.583374334239881 0.570290800879652 0.558079507803185 0.546642790681492 0.535893077035654 0.525763652176099 0.516192346455904 0.507127546958705 0.499243377473167 0.492858805995885 0.486301089443509 0.479583961509358 0.472722994447853 0.465751926207492 0.458693150364422 0.451593151784804 0.444492494540228 0.437429904126371 0.428635838549897 0.417110589209559 0.403885262287267 0.388565480066885 0.370809441308263
103 0.612687566839396 0.597455873507219 0.583374334239881 0.570290800879652 0.558079507803186 0.54664279068149 0.535893077035654 0.525763652176098 0.516192346455903 0.507127546958705 0.499243377473167 0.492858805995885 0.486301089443509 0.479583961509358 0.472722994447851 0.465751926207492 0.458693150364422 0.451593151784806 0.444492494540229 0.437429904126372 0.428635838549896 0.417110589209559 0.403885262287267 0.388565480066886 0.370809441308263
104 0.612687566839396 0.597455873507219 0.583374334239883 0.570290800879652 0.558079507803186 0.54664279068149 0.535893077035653 0.525763652176098 0.516192346455903 0.507127546958706 0.499243377473167 0.492858805995885 0.486301089443509 0.479583961509359 0.472722994447853 0.465751926207492 0.458693150364422 0.451593151784804 0.444492494540229 0.437429904126371 0.428635838549897 0.417110589209557 0.403885262287267 0.388565480066885 0.370809441308263
105 0.612687566839396 0.597455873507217 0.583374334239881 0.57029080087965 0.558079507803186 0.546642790681492 0.535893077035654 0.525763652176098 0.516192346455903 0.507127546958705 0.499243377473167 0.492858805995885 0.486301089443509 0.479583961509359 0.472722994447852 0.465751926207492 0.458693150364422 0.451593151784806 0.444492494540228 0.437429904126371 0.428635838549897 0.417110589209557 0.403885262287267 0.388565480066886 0.370809441308262
106 0.612687566839395 0.597455873507219 0.583374334239881 0.570290800879652 0.558079507803186 0.546642790681492 0.535893077035654 0.525763652176098 0.516192346455905 0.507127546958705 0.499243377473167 0.492858805995885 0.486301089443509 0.479583961509359 0.472722994447852 0.465751926207492 0.458693150364421 0.451593151784805 0.444492494540228 0.437429904126372 0.428635838549897 0.417110589209559 0.403885262287266 0.388565480066886 0.370809441308264
107 0.612687566839397 0.597455873507219 0.583374334239883 0.570290800879652 0.558079507803186 0.54664279068149 0.535893077035654 0.5257636521761 0.516192346455903 0.507127546958706 0.499243377473167 0.492858805995885 0.486301089443509 0.479583961509359 0.472722994447852 0.465751926207491 0.458693150364422 0.451593151784805 0.444492494540229 0.437429904126371 0.428635838549897 0.417110589209559 0.403885262287268 0.388565480066885 0.370809441308261
108 0.612687566839395 0.597455873507219 0.583374334239881 0.57029080087965 0.558079507803186 0.54664279068149 0.535893077035654 0.525763652176096 0.516192346455905 0.507127546958705 0.499243377473167 0.492858805995885 0.486301089443507 0.479583961509359 0.472722994447853 0.465751926207492 0.458693150364422 0.451593151784805 0.444492494540228 0.437429904126371 0.428635838549896 0.417110589209559 0.403885262287266 0.388565480066886 0.370809441308264
109 0.612687566839396 0.597455873507219 0.583374334239881 0.570290800879652 0.558079507803186 0.54664279068149 0.535893077035654 0.5257636521761 0.516192346455903 0.507127546958706 0.499243377473168 0.492858805995886 0.486301089443509 0.479583961509357 0.472722994447852 0.465751926207492 0.458693150364422 0.451593151784805 0.444492494540229 0.437429904126372 0.428635838549896 0.417110589209559 0.403885262287268 0.388565480066886 0.370809441308261
110 0.612687566839396 0.597455873507219 0.583374334239883 0.570290800879652 0.558079507803186 0.546642790681492 0.535893077035654 0.525763652176098 0.516192346455903 0.507127546958706 0.499243377473165 0.492858805995883 0.486301089443509 0.479583961509359 0.472722994447851 0.465751926207492 0.458693150364422 0.451593151784805 0.444492494540228 0.437429904126371 0.428635838549897 0.417110589209559 0.403885262287266 0.388565480066885 0.370809441308264
111 0.612687566839395 0.597455873507219 0.583374334239881 0.570290800879652 0.558079507803186 0.546642790681492 0.535893077035654 0.525763652176098 0.516192346455903 0.507127546958705 0.499243377473168 0.492858805995886 0.486301089443509 0.479583961509359 0.472722994447853 0.465751926207491 0.458693150364421 0.451593151784805 0.444492494540228 0.437429904126371 0.428635838549897 0.417110589209559 0.403885262287268 0.388565480066886 0.370809441308261
112 0.612687566839397 0.597455873507219 0.583374334239881 0.570290800879652 0.558079507803186 0.54664279068149 0.535893077035654 0.5257636521761 0.516192346455903 0.507127546958706 0.499243377473167 0.492858805995885 0.486301089443509 0.479583961509359 0.472722994447853 0.465751926207494 0.458693150364424 0.451593151784806 0.444492494540229 0.437429904126372 0.428635838549897 0.417110589209559 0.403885262287266 0.388565480066886 0.370809441308264
113 0.612687566839395 0.597455873507219 0.583374334239881 0.570290800879652 0.558079507803184 0.54664279068149 0.535893077035654 0.525763652176096 0.516192346455905 0.507127546958706 0.499243377473167 0.492858805995885 0.486301089443509 0.479583961509359 0.472722994447851 0.46575192620749 0.45869315036442 0.451593151784804 0.444492494540228 0.437429904126371 0.428635838549897 0.417110589209556 0.403885262287268 0.388565480066885 0.370809441308261
114 0.612687566839397 0.597455873507219 0.583374334239883 0.570290800879652 0.558079507803187 0.54664279068149 0.535893077035654 0.5257636521761 0.516192346455903 0.507127546958705 0.499243377473167 0.492858805995886 0.486301089443509 0.479583961509359 0.472722994447853 0.465751926207494 0.458693150364424 0.451593151784804 0.444492494540229 0.437429904126371 0.428635838549897 0.417110589209559 0.403885262287266 0.388565480066886 0.370809441308264
115 0.612687566839395 0.597455873507217 0.583374334239881 0.570290800879652 0.558079507803182 0.546642790681494 0.535893077035654 0.525763652176098 0.516192346455905 0.507127546958706 0.499243377473167 0.492858805995883 0.486301089443509 0.479583961509357 0.472722994447853 0.46575192620749 0.45869315036442 0.451593151784806 0.444492494540229 0.437429904126372 0.428635838549895 0.417110589209559 0.403885262287268 0.388565480066886 0.370809441308261
116 0.612687566839397 0.597455873507219 0.583374334239881 0.570290800879652 0.558079507803186 0.54664279068149 0.535893077035654 0.525763652176098 0.516192346455903 0.507127546958706 0.499243377473168 0.492858805995886 0.486301089443509 0.479583961509359 0.472722994447851 0.465751926207492 0.458693150364424 0.451593151784806 0.444492494540229 0.43742990412637 0.428635838549897 0.417110589209559 0.403885262287266 0.388565480066885 0.370809441308264
117 0.612687566839395 0.597455873507217 0.583374334239881 0.570290800879652 0.558079507803186 0.54664279068149 0.535893077035654 0.5257636521761 0.516192346455903 0.507127546958705 0.499243377473165 0.492858805995885 0.486301089443509 0.479583961509359 0.472722994447851 0.465751926207492 0.45869315036442 0.451593151784804 0.444492494540227 0.437429904126372 0.428635838549897 0.417110589209559 0.403885262287268 0.388565480066886 0.370809441308261
118 0.612687566839395 0.597455873507222 0.583374334239883 0.570290800879652 0.558079507803186 0.54664279068149 0.535893077035654 0.525763652176096 0.516192346455903 0.507127546958706 0.499243377473168 0.492858805995885 0.486301089443509 0.479583961509359 0.472722994447853 0.465751926207492 0.458693150364422 0.451593151784806 0.444492494540227 0.437429904126372 0.428635838549897 0.417110589209559 0.403885262287266 0.388565480066886 0.370809441308264
119 0.612687566839397 0.597455873507216 0.583374334239883 0.570290800879652 0.558079507803186 0.54664279068149 0.535893077035654 0.5257636521761 0.516192346455903 0.507127546958705 0.499243377473167 0.492858805995886 0.486301089443509 0.479583961509359 0.472722994447853 0.465751926207492 0.458693150364422 0.451593151784804 0.444492494540229 0.437429904126372 0.428635838549897 0.417110589209559 0.403885262287266 0.388565480066885 0.370809441308261
120 0.612687566839395 0.597455873507222 0.58337433423988 0.570290800879652 0.558079507803186 0.546642790681494 0.535893077035654 0.525763652176096 0.516192346455903 0.507127546958706 0.499243377473167 0.492858805995883 0.486301089443509 0.479583961509359 0.472722994447851 0.46575192620749 0.458693150364422 0.451593151784806 0.444492494540229 0.43742990412637 0.428635838549897 0.417110589209559 0.403885262287268 0.388565480066885 0.370809441308264
121 0.612687566839397 0.597455873507216 0.583374334239883 0.570290800879652 0.558079507803186 0.54664279068149 0.535893077035651 0.5257636521761 0.516192346455907 0.507127546958706 0.499243377473167 0.492858805995886 0.486301089443507 0.479583961509359 0.472722994447853 0.465751926207494 0.458693150364422 0.451593151784804 0.444492494540229 0.43742990412637 0.428635838549897 0.417110589209556 0.403885262287266 0.388565480066887 0.370809441308261
122 0.612687566839395 0.597455873507219 0.58337433423988 0.570290800879649 0.558079507803186 0.54664279068149 0.535893077035654 0.525763652176096 0.516192346455903 0.507127546958705 0.499243377473167 0.492858805995883 0.486301089443509 0.479583961509359 0.472722994447853 0.46575192620749 0.458693150364422 0.451593151784806 0.444492494540229 0.437429904126372 0.428635838549895 0.417110589209559 0.403885262287268 0.388565480066885 0.370809441308264
123 0.612687566839395 0.597455873507219 0.583374334239883 0.570290800879652 0.558079507803186 0.54664279068149 0.535893077035654 0.5257636521761 0.516192346455903 0.507127546958706 0.499243377473168 0.492858805995886 0.486301089443509 0.479583961509357 0.472722994447851 0.465751926207494 0.458693150364422 0.451593151784804 0.444492494540229 0.437429904126372 0.428635838549897 0.417110589209559 0.403885262287266 0.388565480066887 0.370809441308261
124 0.612687566839397 0.597455873507219 0.583374334239883 0.570290800879652 0.558079507803186 0.54664279068149 0.535893077035654 0.5257636521761 0.516192346455903 0.507127546958706 0.499243377473167 0.492858805995886 0.486301089443509 0.479583961509359 0.472722994447853 0.46575192620749 0.458693150364422 0.451593151784806 0.444492494540229 0.437429904126372 0.428635838549897 0.417110589209559 0.403885262287268 0.388565480066885 0.370809441308264
125 0.612687566839395 0.597455873507219 0.583374334239883 0.570290800879652 0.558079507803186 0.546642790681494 0.535893077035654 0.525763652176096 0.516192346455903 0.507127546958705 0.499243377473167 0.492858805995883 0.486301089443509 0.479583961509359 0.472722994447851 0.465751926207494 0.458693150364422 0.451593151784804 0.444492494540225 0.43742990412637 0.428635838549897 0.417110589209559 0.403885262287268 0.388565480066885 0.370809441308261
126 0.612687566839397 0.597455873507219 0.58337433423988 0.570290800879652 0.558079507803186 0.54664279068149 0.535893077035654 0.5257636521761 0.516192346455903 0.507127546958706 0.499243377473167 0.492858805995886 0.486301089443509 0.479583961509359 0.472722994447853 0.46575192620749 0.458693150364422 0.451593151784806 0.444492494540229 0.437429904126372 0.428635838549897 0.417110589209559 0.403885262287266 0.388565480066885 0.370809441308264
127 0.612687566839395 0.597455873507219 0.58337433423988 0.570290800879652 0.558079507803186 0.54664279068149 0.535893077035654 0.525763652176096 0.516192346455903 0.507127546958706 0.499243377473167 0.492858805995883 0.486301089443509 0.479583961509359 0.472722994447853 0.465751926207494 0.458693150364422 0.451593151784806 0.444492494540229 0.437429904126372 0.428635838549897 0.417110589209559 0.403885262287266 0.388565480066887 0.370809441308261
128 0.612687566839395 0.597455873507219 0.583374334239883 0.570290800879652 0.558079507803186 0.54664279068149 0.535893077035654 0.5257636521761 0.516192346455907 0.507127546958705 0.499243377473167 0.492858805995886 0.486301089443509 0.479583961509359 0.472722994447851 0.46575192620749 0.458693150364422 0.451593151784804 0.444492494540229 0.43742990412637 0.428635838549897 0.417110589209559 0.403885262287268 0.388565480066885 0.370809441308264
129 0.612687566839397 0.597455873507219 0.583374334239883 0.570290800879652 0.558079507803186 0.54664279068149 0.535893077035654 0.525763652176096 0.516192346455903 0.507127546958708 0.499243377473167 0.492858805995886 0.486301089443509 0.479583961509359 0.472722994447853 0.465751926207494 0.458693150364422 0.451593151784806 0.444492494540229 0.437429904126372 0.428635838549897 0.417110589209559 0.403885262287266 0.388565480066885 0.370809441308261
130 0.612687566839395 0.597455873507219 0.583374334239883 0.570290800879652 0.558079507803186 0.546642790681494 0.535893077035654 0.5257636521761 0.516192346455903 0.507127546958706 0.499243377473168 0.492858805995883 0.486301089443509 0.479583961509357 0.472722994447851 0.46575192620749 0.458693150364422 0.451593151784804 0.444492494540229 0.437429904126372 0.428635838549895 0.417110589209559 0.403885262287268 0.388565480066887 0.370809441308264
131 0.612687566839397 0.597455873507219 0.583374334239883 0.570290800879652 0.558079507803182 0.54664279068149 0.535893077035654 0.5257636521761 0.516192346455903 0.507127546958703 0.499243377473165 0.492858805995886 0.486301089443509 0.479583961509359 0.472722994447853 0.465751926207494 0.458693150364422 0.451593151784806 0.444492494540229 0.43742990412637 0.428635838549897 0.417110589209556 0.403885262287266 0.388565480066885 0.370809441308264
132 0.612687566839395 0.597455873507219 0.583374334239877 0.570290800879652 0.558079507803186 0.54664279068149 0.535893077035654 0.525763652176096 0.516192346455903 0.507127546958706 0.499243377473168 0.492858805995883 0.486301089443505 0.479583961509359 0.472722994447853 0.46575192620749 0.458693150364422 0.451593151784804 0.444492494540225 0.437429904126372 0.428635838549897 0.417110589209559 0.403885262287268 0.388565480066885 0.370809441308261
133 0.612687566839395 0.597455873507219 0.583374334239883 0.570290800879652 0.558079507803186 0.54664279068149 0.535893077035654 0.5257636521761 0.516192346455903 0.507127546958706 0.499243377473168 0.492858805995886 0.486301089443509 0.479583961509359 0.472722994447851 0.465751926207494 0.458693150364422 0.451593151784806 0.444492494540229 0.437429904126372 0.428635838549897 0.417110589209559 0.403885262287266 0.388565480066887 0.370809441308261
134 0.612687566839397 0.597455873507219 0.583374334239883 0.570290800879652 0.558079507803189 0.54664279068149 0.535893077035654 0.525763652176096 0.516192346455903 0.507127546958706 0.499243377473165 0.492858805995886 0.486301089443509 0.479583961509357 0.472722994447853 0.46575192620749 0.458693150364422 0.451593151784804 0.444492494540229 0.43742990412637 0.428635838549897 0.417110589209559 0.403885262287268 0.388565480066885 0.370809441308264
135 0.612687566839395 0.597455873507216 0.583374334239883 0.570290800879649 0.558079507803182 0.54664279068149 0.535893077035654 0.5257636521761 0.516192346455907 0.507127546958706 0.499243377473165 0.492858805995883 0.486301089443509 0.479583961509359 0.472722994447853 0.46575192620749 0.458693150364422 0.451593151784806 0.444492494540229 0.437429904126372 0.428635838549897 0.417110589209559 0.403885262287266 0.388565480066885 0.370809441308264
136 0.612687566839397 0.597455873507219 0.583374334239883 0.570290800879652 0.558079507803186 0.546642790681494 0.535893077035654 0.5257636521761 0.516192346455903 0.507127546958706 0.499243377473172 0.492858805995886 0.486301089443509 0.479583961509359 0.472722994447851 0.465751926207494 0.458693150364422 0.451593151784804 0.444492494540229 0.437429904126372 0.428635838549895 0.417110589209559 0.403885262287268 0.388565480066887 0.370809441308261
137 0.612687566839395 0.597455873507219 0.583374334239883 0.570290800879652 0.558079507803186 0.54664279068149 0.535893077035654 0.525763652176096 0.516192346455903 0.507127546958703 0.499243377473165 0.492858805995883 0.486301089443509 0.479583961509359 0.472722994447851 0.46575192620749 0.458693150364422 0.451593151784806 0.444492494540229 0.43742990412637 0.428635838549897 0.417110589209559 0.403885262287266 0.388565480066885 0.370809441308261
138 0.612687566839397 0.597455873507219 0.583374334239877 0.570290800879652 0.558079507803186 0.54664279068149 0.535893077035654 0.525763652176096 0.516192346455903 0.507127546958706 0.499243377473165 0.492858805995886 0.486301089443509 0.479583961509359 0.472722994447855 0.465751926207494 0.45869315036442 0.451593151784804 0.444492494540229 0.437429904126372 0.428635838549897 0.417110589209556 0.403885262287268 0.388565480066885 0.370809441308264
139 0.612687566839395 0.597455873507219 0.583374334239883 0.570290800879652 0.558079507803186 0.54664279068149 0.535893077035654 0.5257636521761 0.516192346455903 0.507127546958706 0.499243377473168 0.492858805995883 0.486301089443509 0.479583961509359 0.472722994447851 0.46575192620749 0.458693150364424 0.451593151784808 0.444492494540225 0.437429904126372 0.428635838549897 0.417110589209559 0.403885262287266 0.388565480066887 0.370809441308264
140 0.612687566839395 0.597455873507219 0.583374334239883 0.570290800879652 0.558079507803186 0.54664279068149 0.535893077035654 0.5257636521761 0.516192346455903 0.507127546958706 0.499243377473168 0.492858805995886 0.486301089443509 0.479583961509359 0.472722994447851 0.465751926207494 0.458693150364424 0.451593151784802 0.444492494540229 0.43742990412637 0.428635838549897 0.417110589209559 0.403885262287268 0.388565480066885 0.370809441308261
141 0.612687566839397 0.597455873507219 0.583374334239883 0.570290800879652 0.558079507803186 0.546642790681494 0.535893077035654 0.525763652176096 0.516192346455907 0.507127546958706 0.499243377473165 0.492858805995886 0.486301089443509 0.479583961509359 0.472722994447855 0.46575192620749 0.45869315036442 0.451593151784806 0.444492494540229 0.437429904126372 0.428635838549897 0.417110589209559 0.403885262287266 0.388565480066885 0.370809441308261
142 0.612687566839395 0.597455873507219 0.583374334239883 0.570290800879652 0.558079507803186 0.54664279068149 0.535893077035654 0.5257636521761 0.516192346455903 0.507127546958706 0.499243377473168 0.492858805995883 0.486301089443509 0.479583961509356 0.472722994447848 0.465751926207494 0.45869315036442 0.451593151784806 0.444492494540229 0.437429904126372 0.428635838549895 0.417110589209559 0.403885262287266 0.388565480066887 0.370809441308264
143 0.612687566839397 0.597455873507219 0.583374334239877 0.570290800879652 0.558079507803186 0.54664279068149 0.535893077035654 0.525763652176096 0.516192346455903 0.507127546958706 0.499243377473165 0.492858805995886 0.486301089443509 0.479583961509359 0.472722994447855 0.46575192620749 0.45869315036442 0.451593151784802 0.444492494540229 0.437429904126368 0.428635838549897 0.417110589209559 0.403885262287268 0.388565480066885 0.370809441308264
144 0.612687566839395 0.597455873507219 0.583374334239883 0.570290800879652 0.558079507803186 0.54664279068149 0.535893077035654 0.5257636521761 0.516192346455903 0.507127546958703 0.499243377473168 0.492858805995886 0.486301089443509 0.479583961509359 0.472722994447855 0.465751926207494 0.458693150364424 0.45159315178481 0.444492494540229 0.437429904126372 0.428635838549897 0.417110589209559 0.403885262287266 0.388565480066885 0.370809441308261
145 0.612687566839397 0.597455873507219 0.583374334239883 0.570290800879652 0.558079507803186 0.54664279068149 0.535893077035654 0.525763652176096 0.516192346455903 0.507127546958706 0.499243377473165 0.492858805995883 0.486301089443509 0.479583961509359 0.472722994447848 0.46575192620749 0.458693150364424 0.451593151784802 0.444492494540229 0.437429904126372 0.428635838549897 0.417110589209559 0.403885262287268 0.388565480066887 0.370809441308261
146 0.612687566839395 0.597455873507219 0.583374334239883 0.570290800879652 0.558079507803186 0.546642790681494 0.535893077035654 0.5257636521761 0.516192346455903 0.507127546958706 0.499243377473168 0.492858805995886 0.486301089443509 0.479583961509359 0.472722994447855 0.46575192620749 0.45869315036442 0.451593151784806 0.444492494540225 0.437429904126372 0.428635838549897 0.417110589209559 0.403885262287266 0.388565480066885 0.370809441308264
147 0.612687566839395 0.597455873507219 0.583374334239883 0.570290800879652 0.558079507803186 0.54664279068149 0.535893077035654 0.5257636521761 0.516192346455903 0.507127546958706 0.499243377473168 0.492858805995883 0.486301089443509 0.479583961509359 0.472722994447855 0.465751926207494 0.458693150364424 0.451593151784806 0.444492494540229 0.437429904126372 0.428635838549897 0.417110589209556 0.403885262287268 0.388565480066885 0.370809441308264
148 0.6126875668394 0.597455873507219 0.583374334239883 0.570290800879652 0.558079507803186 0.54664279068149 0.535893077035651 0.525763652176096 0.516192346455907 0.507127546958706 0.499243377473165 0.492858805995886 0.486301089443505 0.479583961509359 0.472722994447848 0.46575192620749 0.45869315036442 0.451593151784802 0.444492494540229 0.437429904126372 0.428635838549897 0.417110589209556 0.403885262287266 0.388565480066887 0.370809441308261
149 0.612687566839392 0.597455873507219 0.583374334239877 0.570290800879652 0.558079507803186 0.54664279068149 0.535893077035654 0.5257636521761 0.516192346455903 0.507127546958706 0.499243377473168 0.492858805995886 0.486301089443509 0.479583961509359 0.472722994447855 0.465751926207494 0.458693150364424 0.451593151784806 0.444492494540229 0.437429904126372 0.428635838549893 0.417110589209561 0.403885262287268 0.388565480066885 0.370809441308261
150 1 1 1 1 1 1 1 1 1 1 1 1 1 1 1 1 1 1 1 1 1 1 1 1 1
