age 1 2 3 4 5 6 7 8 9 10 11 12 13 14 15 16 17 18 19 20 21 22 23 24 25
0 0.33576874116 0.31142398422 0.28943544072 0.26941345958 0.2510587579 0.2341346913 0.21845495954 0.2038671841 0.19024043432 0.177706727054078 0.16662502465966 0.155799615588289 0.145246945922611 0.134978945657125 0.125010211172564 0.115356087842067 0.106021050519976 0.0969534776036877 0.0863788309469655 0.0763015032027818 0.0662645995826769 0.0563193925573123 0.0465541596931641 0.0371145832212577 0.0282066843146956
1 0.101093208507393 0.0906553867841831 0.0815272410412359 0.073445853374037 0.0662187813087894 0.0597005470718034 0.0537802162765563 0.0483702378253942 0.0433986882078794 0.0391348049488926 0.0344040859831995 0.0301044846779781 0.0261844463842782 0.0225969197858103 0.019301674791102 0.0162640632796364 0.0134512004162468 0.0108192825053779 0.00794111549389131 0.00605834424708779 0.00445743452514418 0.00313158179810546 0.00207275656680802 0.00126933493667692 0.00070129737291855
2 0.101093208507393 0.0906553867841832 0.0815272410412359 0.0734458533740369 0.0662187813087895 0.0597005470718033 0.0537802162765564 0.0483702378253943 0.0433986882078794 0.0391348049488926 0.0344040859831995 0.0301044846779781 0.0261844463842782 0.0225969197858103 0.0193016747911021 0.0162640632796364 0.0134512004162468 0.0108192825053779 0.00794111549389133 0.00605834424708779 0.00445743452514417 0.00313158179810546 0.00207275656680802 0.00126933493667693 0.00070129737291855
3 0.101093208507393 0.0906553867841831 0.0815272410412358 0.0734458533740369 0.0662187813087894 0.0597005470718034 0.0537802162765563 0.0483702378253943 0.0433986882078794 0.0391348049488927 0.0344040859831996 0.0301044846779781 0.0261844463842782 0.0225969197858103 0.019301674791102 0.0162640632796364 0.0134512004162468 0.0108192825053779 0.00794111549389133 0.0060583442470878 0.00445743452514418 0.00313158179810545 0.00207275656680801 0.00126933493667693 0.00070129737291855
4 0.101093208507393 0.0906553867841831 0.0815272410412359 0.073445853374037 0.0662187813087894 0.0597005470718034 0.0537802162765563 0.0483702378253942 0.0433986882078795 0.0391348049488926 0.0344040859831995 0.0301044846779781 0.0261844463842782 0.0225969197858103 0.019301674791102 0.0162640632796364 0.0134512004162468 0.0108192825053779 0.00794111549389131 0.00605834424708779 0.00445743452514418 0.00313158179810546 0.00207275656680802 0.00126933493667692 0.00070129737291855
5 0.0165692790802688 0.0150230635193968 0.0136347954815391 0.0123774512439021 0.0112304077638391 0.0101774651822956 0.0092059220949943 0.00830544766501656 0.00746723976630613 0.00661923540141264 0.00584653356955564 0.00513369340604407 0.00447467958890103 0.00386368206937712 0.00329561425555422 0.00276599998166225 0.00227037491913846 0.00180205390237046 0.00138221906082637 0.00105874588940292 0.000782042962788549 0.000551589835536911 0.000366565181472087 0.000225441146677605 0.000125141696502309
6 0.0165692790802689 0.0150230635193968 0.0136347954815391 0.0123774512439021 0.0112304077638391 0.0101774651822954 0.0092059220949943 0.00830544766501656 0.00746723976630613 0.00661923540141269 0.00584653356955558 0.00513369340604407 0.00447467958890097 0.00386368206937712 0.00329561425555422 0.00276599998166225 0.00227037491913846 0.00180205390237046 0.00138221906082636 0.00105874588940292 0.000782042962788535 0.000551589835536898 0.000366565181472094 0.000225441146677605 0.000125141696502309
7 0.0165692790802688 0.0150230635193969 0.0136347954815391 0.0123774512439021 0.0112304077638391 0.0101774651822956 0.00920592209499436 0.00830544766501662 0.00746723976630608 0.00661923540141264 0.00584653356955564 0.00513369340604412 0.00447467958890103 0.00386368206937709 0.00329561425555425 0.00276599998166222 0.00227037491913846 0.00180205390237048 0.00138221906082636 0.00105874588940293 0.000782042962788549 0.000551589835536911 0.000366565181472087 0.000225441146677612 0.000125141696502309
8 0.0165692790802689 0.0150230635193968 0.0136347954815391 0.0123774512439021 0.0112304077638391 0.0101774651822954 0.00920592209499425 0.00830544766501656 0.00746723976630613 0.00661923540141269 0.00584653356955558 0.00513369340604407 0.00447467958890097 0.00386368206937714 0.00329561425555422 0.00276599998166225 0.00227037491913846 0.00180205390237046 0.00138221906082638 0.00105874588940292 0.000782042962788535 0.000551589835536898 0.000366565181472094 0.000225441146677605 0.000125141696502309
9 0.0165692790802688 0.0150230635193968 0.0136347954815391 0.0123774512439021 0.0112304077638391 0.0101774651822956 0.00920592209499436 0.00830544766501656 0.00746723976630613 0.00661923540141264 0.00584653356955564 0.00513369340604407 0.00447467958890103 0.00386368206937709 0.00329561425555422 0.00276599998166225 0.00227037491913846 0.00180205390237046 0.00138221906082636 0.00105874588940292 0.000782042962788549 0.000551589835536911 0.000366565181472087 0.000225441146677605 0.000125141696502309
10 0.00776804218446645 0.00709333835919901 0.00648550820781372 0.00593333074446592 0.00542821009752914 0.00496336803542804 0.00453347709740239 0.00413419003716206 0.0037617851407416 0.0034101365417909 0.00308151174293194 0.00277092412262474 0.00247740395457253 0.00219988751445094 0.00193743851378102 0.00168920645360861 0.00145415013559395 0.00122996450380026 0.00100830064622091 0.000818252504146865 0.000645359543304677 0.000490887496585206 0.00035635725656524 0.000243444144682893 0.000153466539300742
11 0.00776804218446645 0.00709333835919901 0.00648550820781383 0.00593333074446592 0.00542821009752903 0.00496336803542815 0.00453347709740239 0.00413419003716211 0.0037617851407416 0.0034101365417909 0.00308151174293194 0.00277092412262474 0.00247740395457253 0.00219988751445094 0.00193743851378105 0.00168920645360861 0.00145415013559395 0.00122996450380029 0.00100830064622091 0.000818252504146865 0.000645359543304677 0.000490887496585206 0.000356357256565247 0.000243444144682893 0.000153466539300742
12 0.00776804218446634 0.00709333835919901 0.00648550820781372 0.00593333074446603 0.00542821009752914 0.00496336803542804 0.00453347709740228 0.00413419003716206 0.00376178514074165 0.00341013654179085 0.00308151174293194 0.00277092412262479 0.00247740395457247 0.002199887514451 0.00193743851378102 0.00168920645360861 0.00145415013559395 0.00122996450380026 0.00100830064622094 0.000818252504146879 0.000645359543304663 0.000490887496585206 0.00035635725656524 0.000243444144682893 0.000153466539300742
13 0.00776804218446645 0.00709333835919901 0.00648550820781383 0.00593333074446592 0.00542821009752903 0.00496336803542815 0.00453347709740239 0.00413419003716211 0.0037617851407416 0.0034101365417909 0.00308151174293194 0.00277092412262474 0.00247740395457253 0.00219988751445094 0.00193743851378105 0.00168920645360861 0.00145415013559395 0.00122996450380029 0.00100830064622091 0.000818252504146865 0.000645359543304677 0.000490887496585206 0.000356357256565247 0.000243444144682893 0.000153466539300742
14 0.00776804218446645 0.00709333835919901 0.00648550820781372 0.00593333074446592 0.00542821009752914 0.00496336803542804 0.00453347709740239 0.00413419003716206 0.0037617851407416 0.0034101365417909 0.00308151174293194 0.00277092412262474 0.00247740395457253 0.00219988751445094 0.00193743851378102 0.00168920645360861 0.00145415013559395 0.00122996450380026 0.00100830064622091 0.000818252504146865 0.000645359543304677 0.000490887496585206 0.00035635725656524 0.000243444144682893 0.000153466539300742
15 0.0117442260626369 0.0107168072894551 0.00979248188526321 0.00895381592558583 0.00818747395563686 0.00748295628955984 0.00683201835629227 0.00622794117571444 0.00566498366685944 0.00518232751932689 0.00467119272454582 0.00419030005926395 0.00373779534605265 0.00331170500494245 0.00291027932237761 0.00253192775801201 0.00217479956915352 0.00183516581099704 0.00148391190030565 0.00119589096312869 0.000935837601089603 0.000705465090458626 0.000506789613432211 0.000341937160168618 0.000212347261789515
16 0.0117442260626368 0.0107168072894552 0.00979248188526321 0.00895381592558583 0.00818747395563675 0.00748295628955984 0.00683201835629216 0.00622794117571444 0.00566498366685949 0.00518232751932689 0.00467119272454582 0.00419030005926395 0.00373779534605265 0.00331170500494245 0.00291027932237758 0.00253192775801204 0.00217479956915352 0.00183516581099704 0.00148391190030562 0.00119589096312869 0.000935837601089617 0.000705465090458626 0.000506789613432211 0.000341937160168625 0.000212347261789508
17 0.0117442260626369 0.0107168072894551 0.00979248188526332 0.00895381592558594 0.00818747395563686 0.00748295628955995 0.00683201835629227 0.00622794117571439 0.00566498366685944 0.00518232751932695 0.00467119272454582 0.00419030005926395 0.00373779534605265 0.0033117050049424 0.00291027932237761 0.00253192775801201 0.00217479956915349 0.00183516581099704 0.00148391190030565 0.00119589096312868 0.000935837601089603 0.00070546509045864 0.000506789613432218 0.000341937160168618 0.000212347261789515
18 0.0117442260626369 0.0107168072894552 0.00979248188526321 0.00895381592558583 0.00818747395563675 0.00748295628955984 0.00683201835629216 0.0062279411757145 0.00566498366685949 0.00518232751932689 0.00467119272454582 0.00419030005926395 0.00373779534605265 0.00331170500494245 0.00291027932237758 0.00253192775801204 0.00217479956915352 0.00183516581099704 0.00148391190030562 0.00119589096312869 0.000935837601089617 0.000705465090458626 0.000506789613432211 0.000341937160168625 0.000212347261789508
19 0.0117442260626368 0.0107168072894551 0.00979248188526321 0.00895381592558583 0.00818747395563686 0.00748295628955984 0.00683201835629227 0.00622794117571439 0.00566498366685944 0.00518232751932689 0.00467119272454582 0.00419030005926395 0.00373779534605265 0.00331170500494245 0.00291027932237761 0.00253192775801201 0.00217479956915352 0.00183516581099704 0.00148391190030565 0.00119589096312869 0.000935837601089603 0.000705465090458626 0.000506789613432211 0.000341937160168618 0.000212347261789515
20 0.0178319944937408 0.0162668355964777 0.0148616722776329 0.0135891175573701 0.0124282731657522 0.0113627246057582 0.0103796029882737 0.00946844208509748 0.00862032542849775 0.00790298524398958 0.00715409004396842 0.00639714425706684 0.00569038187125369 0.0050297187636959 0.00441151678960383 0.00383247864394737 0.00328900894438549 0.00277478272474953 0.00215350541588685 0.00170198440823074 0.00131350983602055 0.0009745152707388 0.000687181385901721 0.000453543652751712 0.000274256551995005
21 0.017831994493741 0.0162668355964776 0.0148616722776329 0.0135891175573702 0.0124282731657522 0.0113627246057581 0.0103796029882737 0.00946844208509759 0.00862032542849775 0.00790298524398953 0.00715409004396842 0.00639714425706678 0.00569038187125369 0.00502971876369595 0.00441151678960383 0.00383247864394737 0.00328900894438549 0.00277478272474953 0.00215350541588687 0.00170198440823072 0.00131350983602055 0.000974515270738814 0.000687181385901721 0.000453543652751712 0.000274256551994998
22 0.0178319944937408 0.0162668355964777 0.0148616722776328 0.0135891175573701 0.0124282731657521 0.0113627246057582 0.0103796029882738 0.00946844208509748 0.00862032542849769 0.00790298524398958 0.00715409004396842 0.00639714425706684 0.00569038187125363 0.0050297187636959 0.00441151678960383 0.00383247864394734 0.00328900894438546 0.00277478272474953 0.00215350541588685 0.00170198440823074 0.00131350983602053 0.0009745152707388 0.000687181385901707 0.000453543652751705 0.000274256551995005
23 0.017831994493741 0.0162668355964776 0.0148616722776329 0.0135891175573702 0.0124282731657522 0.0113627246057581 0.0103796029882737 0.00946844208509759 0.00862032542849775 0.00790298524398953 0.00715409004396842 0.00639714425706678 0.00569038187125369 0.00502971876369595 0.00441151678960383 0.00383247864394737 0.00328900894438549 0.00277478272474953 0.00215350541588687 0.00170198440823072 0.00131350983602055 0.000974515270738814 0.000687181385901721 0.000453543652751712 0.000274256551994998
24 0.0178319944937408 0.0162668355964777 0.0148616722776329 0.0135891175573701 0.0124282731657522 0.0113627246057582 0.0103796029882737 0.00946844208509748 0.00862032542849775 0.00790298524398958 0.00715409004396842 0.00639714425706684 0.00569038187125369 0.0050297187636959 0.00441151678960383 0.00383247864394737 0.00328900894438549 0.00277478272474953 0.00215350541588685 0.00170198440823074 0.00131350983602055 0.0009745152707388 0.000687181385901721 0.000453543652751712 0.000274256551995005
25 0.0178606673257866 0.0162854764982395 0.0148713614870157 0.0135907441714578 0.0124225813939858 0.0113503456127441 0.0103610797010188 0.00944424607216129 0.00859086795820997 0.00786909166639365 0.0070981800271056 0.00636783808874474 0.00568129701076408 0.00503546127236503 0.00442758848472131 0.00385518833827398 0.00331538669426006 0.00280248410439743 0.00226044092126792 0.00182251805522062 0.00142702993971615 0.0010765405065457 0.000774090866384209 0.000522913680352749 0.000325230433808362
26 0.0178606673257866 0.0162854764982392 0.0148713614870157 0.0135907441714577 0.0124225813939858 0.0113503456127441 0.0103610797010188 0.0094442460721614 0.00859086795820997 0.0078690916663936 0.00709818002710565 0.00636783808874474 0.00568129701076413 0.00503546127236503 0.00442758848472131 0.00385518833827398 0.00331538669426006 0.00280248410439743 0.00226044092126795 0.00182251805522062 0.00142702993971616 0.0010765405065457 0.000774090866384223 0.000522913680352749 0.000325230433808362
27 0.0178606673257864 0.0162854764982395 0.0148713614870158 0.0135907441714578 0.0124225813939857 0.0113503456127441 0.010361079701019 0.00944424607216129 0.00859086795820997 0.00786909166639365 0.0070981800271056 0.00636783808874468 0.00568129701076408 0.00503546127236509 0.00442758848472126 0.00385518833827398 0.00331538669426006 0.00280248410439743 0.00226044092126792 0.00182251805522065 0.00142702993971615 0.00107654050654568 0.000774090866384209 0.000522913680352749 0.000325230433808355
28 0.0178606673257866 0.0162854764982392 0.0148713614870157 0.0135907441714577 0.0124225813939858 0.0113503456127441 0.0103610797010188 0.0094442460721614 0.00859086795820997 0.00786909166639365 0.00709818002710565 0.00636783808874474 0.00568129701076413 0.00503546127236503 0.00442758848472131 0.00385518833827398 0.00331538669426006 0.00280248410439743 0.00226044092126795 0.00182251805522062 0.00142702993971616 0.0010765405065457 0.000774090866384223 0.000522913680352749 0.000325230433808362
29 0.0178606673257866 0.0162854764982395 0.0148713614870157 0.0135907441714578 0.0124225813939858 0.0113503456127441 0.0103610797010188 0.00944424607216129 0.00859086795820997 0.0078690916663936 0.0070981800271056 0.00636783808874474 0.00568129701076408 0.00503546127236503 0.00442758848472131 0.00385518833827398 0.00331538669426006 0.00280248410439743 0.00226044092126792 0.00182251805522062 0.00142702993971615 0.0010765405065457 0.000774090866384209 0.000522913680352749 0.000325230433808362
30 0.0175693282753774 0.0160972929676835 0.0147752589065921 0.0135776036252214 0.0124847670128684 0.0114813791219954 0.0105553866501566 0.00969698319761766 0.00889781017105942 0.0082217442159882 0.00756632594211685 0.0068720882053443 0.00621428737949439 0.00559110890971667 0.00500096394032024 0.00444238935225596 0.00391342025615235 0.00340917674886956 0.00279586947479655 0.00229675740967092 0.00185040794881131 0.00144262357966192 0.00107807832916777 0.000762451812263243 0.000501322220127229
31 0.0175693282753774 0.0160972929676832 0.014775258906592 0.0135776036252215 0.0124847670128684 0.0114813791219954 0.0105553866501566 0.00969698319761755 0.00889781017105942 0.00822174421598831 0.00756632594211685 0.00687208820534425 0.00621428737949434 0.00559110890971672 0.0050009639403203 0.00444238935225601 0.00391342025615235 0.00340917674886956 0.00279586947479655 0.00229675740967089 0.00185040794881131 0.00144262357966192 0.00107807832916777 0.000762451812263243 0.000501322220127229
32 0.0175693282753771 0.0160972929676835 0.014775258906592 0.0135776036252214 0.0124847670128683 0.0114813791219955 0.0105553866501566 0.00969698319761766 0.00889781017105942 0.0082217442159882 0.0075663259421168 0.0068720882053443 0.00621428737949439 0.00559110890971667 0.00500096394032024 0.00444238935225596 0.00391342025615237 0.00340917674886953 0.00279586947479653 0.00229675740967092 0.00185040794881132 0.00144262357966191 0.00107807832916779 0.000762451812263236 0.000501322220127229
33 0.0175693282753774 0.0160972929676832 0.0147752589065922 0.0135776036252215 0.0124847670128684 0.0114813791219954 0.0105553866501566 0.00969698319761755 0.00889781017105942 0.00822174421598831 0.00756632594211685 0.00687208820534425 0.00621428737949434 0.00559110890971672 0.0050009639403203 0.00444238935225601 0.00391342025615235 0.00340917674886956 0.00279586947479655 0.00229675740967089 0.00185040794881131 0.00144262357966192 0.00107807832916777 0.000762451812263243 0.000501322220127229
34 0.0175693282753774 0.0160972929676835 0.014775258906592 0.0135776036252214 0.0124847670128684 0.0114813791219954 0.0105553866501566 0.00969698319761766 0.00889781017105942 0.0082217442159882 0.00756632594211685 0.0068720882053443 0.00621428737949439 0.00559110890971667 0.00500096394032024 0.00444238935225596 0.00391342025615235 0.00340917674886956 0.00279586947479655 0.00229675740967092 0.00185040794881131 0.00144262357966192 0.00107807832916777 0.000762451812263243 0.000501322220127229
35 0.0192796593733401 0.0176813839650794 0.0162466849109467 0.0149475400052745 0.0137625697166141 0.0126749842513015 0.0116716218827528 0.0107417796678161 0.00987634123354595 0.00914440035671967 0.00844819248421629 0.00770550584178269 0.00699900917300488 0.00632724649238435 0.00568897403111695 0.00508304960798423 0.00450774550220865 0.00395810501912358 0.00328817365962034 0.00274122166243752 0.002235042927563 0.00176669712904464 0.00134178704221529 0.000967422052258213 0.000651136424986765
36 0.0192796593733401 0.0176813839650794 0.0162466849109467 0.0149475400052745 0.0137625697166141 0.0126749842513015 0.0116716218827529 0.0107417796678161 0.00987634123354606 0.00914440035671967 0.00844819248421629 0.00770550584178269 0.00699900917300483 0.00632724649238435 0.00568897403111695 0.00508304960798423 0.00450774550220863 0.00395810501912358 0.00328817365962036 0.00274122166243755 0.00223504292756301 0.00176669712904463 0.0013417870422153 0.000967422052258213 0.000651136424986758
37 0.0192796593733404 0.0176813839650794 0.0162466849109467 0.0149475400052746 0.013762569716614 0.0126749842513015 0.0116716218827528 0.0107417796678162 0.00987634123354595 0.00914440035671956 0.0084481924842164 0.00770550584178275 0.00699900917300488 0.00632724649238441 0.00568897403111689 0.00508304960798429 0.00450774550220863 0.00395810501912358 0.00328817365962034 0.00274122166243752 0.00223504292756301 0.00176669712904464 0.00134178704221529 0.000967422052258213 0.000651136424986765
38 0.0192796593733401 0.0176813839650794 0.0162466849109467 0.0149475400052745 0.0137625697166141 0.0126749842513015 0.0116716218827529 0.0107417796678161 0.00987634123354606 0.00914440035671967 0.00844819248421629 0.00770550584178269 0.00699900917300483 0.00632724649238435 0.00568897403111695 0.00508304960798423 0.00450774550220868 0.00395810501912358 0.00328817365962036 0.00274122166243755 0.00223504292756299 0.00176669712904463 0.0013417870422153 0.000967422052258213 0.000651136424986758
39 0.0192796593733401 0.0176813839650794 0.0162466849109467 0.0149475400052745 0.0137625697166141 0.0126749842513015 0.0116716218827528 0.0107417796678161 0.00987634123354595 0.00914440035671967 0.00844819248421629 0.00770550584178269 0.00699900917300488 0.00632724649238435 0.00568897403111695 0.00508304960798423 0.00450774550220863 0.00395810501912358 0.00328817365962034 0.00274122166243752 0.00223504292756301 0.00176669712904464 0.00134178704221529 0.000967422052258213 0.000651136424986765
40 0.022775985532276 0.02094981475728 0.0193120207911474 0.017830162082565 0.0164795142300602 0.0152406815665266 0.0140984704174712 0.013040536632352 0.0120563793170247 0.0112244068895531 0.0104464127483374 0.00962236537592076 0.00883181670470968 0.0080742049435602 0.0073491608886322 0.0066563751782529 0.00599479508728288 0.00535953356578477 0.00458147379402007 0.00391041156560917 0.00327217488808764 0.00266514992583494 0.00209648909053766 0.00157613688652478 0.00111605000044272
41 0.0227759855322762 0.0209498147572802 0.0193120207911474 0.017830162082565 0.0164795142300602 0.0152406815665264 0.0140984704174712 0.0130405366323519 0.0120563793170247 0.011224406889553 0.0104464127483374 0.00962236537592071 0.00883181670470968 0.0080742049435602 0.00734916088863226 0.00665637517825284 0.00599479508728283 0.00535953356578477 0.00458147379402005 0.00391041156560917 0.00327217488808766 0.00266514992583492 0.00209648909053766 0.00157613688652478 0.00111605000044273
42 0.022775985532276 0.02094981475728 0.0193120207911472 0.0178301620825653 0.0164795142300602 0.0152406815665266 0.0140984704174711 0.013040536632352 0.0120563793170246 0.0112244068895531 0.0104464127483374 0.00962236537592071 0.00883181670470962 0.00807420494356014 0.0073491608886322 0.0066563751782529 0.00599479508728288 0.00535953356578477 0.00458147379402007 0.00391041156560917 0.00327217488808764 0.00266514992583494 0.00209648909053767 0.00157613688652478 0.00111605000044272
43 0.0227759855322762 0.0209498147572802 0.0193120207911474 0.017830162082565 0.0164795142300602 0.0152406815665264 0.0140984704174712 0.0130405366323519 0.0120563793170247 0.011224406889553 0.0104464127483374 0.00962236537592082 0.00883181670470968 0.0080742049435602 0.00734916088863226 0.00665637517825284 0.00599479508728283 0.00535953356578477 0.00458147379402005 0.00391041156560917 0.00327217488808766 0.00266514992583492 0.00209648909053766 0.00157613688652478 0.00111605000044273
44 0.022775985532276 0.02094981475728 0.0193120207911474 0.017830162082565 0.0164795142300602 0.0152406815665266 0.0140984704174712 0.013040536632352 0.0120563793170247 0.0112244068895531 0.0104464127483374 0.00962236537592071 0.00883181670470968 0.0080742049435602 0.0073491608886322 0.0066563751782529 0.00599479508728288 0.00535953356578477 0.00458147379402007 0.00391041156560917 0.00327217488808764 0.00266514992583494 0.00209648909053766 0.00157613688652478 0.00111605000044272
45 0.0265102329805057 0.0244828081647635 0.022665983962538 0.0210233192371637 0.0195270689789337 0.0181554892457936 0.0168915579785903 0.0157214568460038 0.0146334442797729 0.013714042101083 0.0128515948845408 0.0119724545571572 0.0111208624210432 0.0102972929346202 0.00950242125525854 0.00873696953135884 0.00800079604892837 0.00728938202810099 0.00643280689272192 0.00564131208050166 0.00486020725044318 0.00409394992051205 0.0033498280922764 0.00263936923144251 0.00197830728387924
46 0.0265102329805057 0.0244828081647632 0.022665983962538 0.0210233192371637 0.0195270689789337 0.0181554892457938 0.0168915579785903 0.0157214568460038 0.014633444279773 0.013714042101083 0.0128515948845408 0.0119724545571572 0.0111208624210432 0.0102972929346202 0.00950242125525854 0.0087369695313589 0.00800079604892837 0.00728938202810099 0.00643280689272189 0.00564131208050166 0.00486020725044315 0.00409394992051205 0.0033498280922764 0.00263936923144249 0.00197830728387923
47 0.0265102329805059 0.0244828081647635 0.0226659839625382 0.0210233192371635 0.0195270689789337 0.0181554892457936 0.0168915579785903 0.0157214568460038 0.0146334442797729 0.013714042101083 0.0128515948845407 0.0119724545571574 0.0111208624210432 0.0102972929346202 0.00950242125525859 0.00873696953135884 0.00800079604892842 0.00728938202810105 0.00643280689272192 0.00564131208050166 0.00486020725044318 0.00409394992051207 0.0033498280922764 0.00263936923144251 0.00197830728387924
48 0.0265102329805057 0.0244828081647632 0.022665983962538 0.0210233192371637 0.0195270689789337 0.0181554892457936 0.0168915579785903 0.0157214568460038 0.014633444279773 0.013714042101083 0.0128515948845408 0.0119724545571572 0.0111208624210432 0.0102972929346202 0.00950242125525854 0.0087369695313589 0.00800079604892837 0.00728938202810099 0.00643280689272192 0.00564131208050166 0.00486020725044315 0.00409394992051204 0.0033498280922764 0.00263936923144249 0.00197830728387923
49 0.0265102329805057 0.0244828081647635 0.022665983962538 0.0210233192371637 0.0195270689789337 0.0181554892457938 0.0168915579785903 0.0157214568460038 0.0146334442797729 0.013714042101083 0.0128515948845408 0.0119724545571572 0.0111208624210432 0.0102972929346202 0.00950242125525854 0.00873696953135884 0.00800079604892837 0.00728938202810099 0.00643280689272189 0.00564131208050166 0.00486020725044318 0.00409394992051207 0.0033498280922764 0.00263936923144251 0.00197830728387924
50 0.0334344629211339 0.0310117575852855 0.0288441685905157 0.0268871339360458 0.0251067942840205 0.0234766663933287 0.0219760459000821 0.0205881528267917 0.0192987611048196 0.0181781032625547 0.0171541658752656 0.016151706806335 0.0151725234863244 0.0142180192393765 0.0132898612648286 0.0123897949885686 0.0115185498081781 0.0106716001369614 0.00967586957261208 0.00868527203803018 0.00768354822793858 0.00667301722500007 0.00565924691203981 0.00465340471138032 0.00367321047599733
51 0.0334344629211339 0.0310117575852857 0.0288441685905157 0.026887133936046 0.0251067942840202 0.0234766663933287 0.0219760459000821 0.0205881528267917 0.0192987611048196 0.0181781032625547 0.0171541658752656 0.016151706806335 0.0151725234863244 0.0142180192393767 0.0132898612648286 0.0123897949885686 0.0115185498081781 0.0106716001369614 0.00967586957261206 0.00868527203803021 0.00768354822793858 0.00667301722500009 0.00565924691203981 0.00465340471138032 0.00367321047599733
52 0.0334344629211337 0.0310117575852855 0.0288441685905155 0.0268871339360458 0.0251067942840205 0.0234766663933287 0.0219760459000822 0.0205881528267919 0.0192987611048194 0.0181781032625546 0.0171541658752657 0.0161517068063349 0.0151725234863245 0.0142180192393765 0.0132898612648285 0.0123897949885685 0.0115185498081781 0.0106716001369613 0.00967586957261206 0.00868527203803018 0.00768354822793855 0.00667301722500007 0.00565924691203979 0.00465340471138032 0.00367321047599733
53 0.0334344629211339 0.0310117575852857 0.0288441685905157 0.026887133936046 0.0251067942840202 0.0234766663933287 0.0219760459000821 0.0205881528267917 0.0192987611048196 0.0181781032625547 0.0171541658752656 0.016151706806335 0.0151725234863244 0.0142180192393767 0.0132898612648286 0.0123897949885686 0.0115185498081781 0.0106716001369614 0.00967586957261211 0.00868527203803021 0.00768354822793858 0.00667301722500009 0.00565924691203982 0.00465340471138032 0.00367321047599733
54 0.0334344629211339 0.0310117575852855 0.0288441685905157 0.0268871339360458 0.0251067942840205 0.0234766663933287 0.0219760459000821 0.0205881528267917 0.0192987611048196 0.0181781032625547 0.0171541658752656 0.016151706806335 0.0151725234863244 0.0142180192393765 0.0132898612648286 0.0123897949885686 0.0115185498081781 0.0106716001369614 0.00967586957261206 0.00868527203803018 0.00768354822793858 0.00667301722500007 0.00565924691203979 0.00465340471138032 0.00367321047599732
55 0.0441367912090886 0.0410597507586929 0.0383140694419482 0.0358409384531506 0.0335958324377059 0.0315440454470554 0.0296585092669589 0.0279173483092893 0.0263020860148198 0.0249066185015551 0.0236545466859141 0.0224233640048819 0.0212157025956357 0.0200337523074593 0.0188800637282057 0.0177573143542718 0.0166669292982616 0.0156037237421489 0.014381970031385 0.0130934137190809 0.0117714337463643 0.0104154808435012 0.00902850050444147 0.0076202477291631 0.00620910348210133
56 0.0441367912090886 0.0410597507586926 0.0383140694419484 0.0358409384531508 0.0335958324377057 0.0315440454470554 0.0296585092669589 0.0279173483092892 0.0263020860148199 0.0249066185015551 0.0236545466859141 0.0224233640048819 0.0212157025956357 0.0200337523074594 0.0188800637282057 0.0177573143542717 0.0166669292982616 0.0156037237421489 0.014381970031385 0.0130934137190808 0.0117714337463642 0.0104154808435012 0.0090285005044415 0.0076202477291631 0.00620910348210134
57 0.0441367912090888 0.0410597507586929 0.0383140694419482 0.0358409384531506 0.0335958324377059 0.0315440454470554 0.0296585092669589 0.0279173483092892 0.0263020860148198 0.0249066185015552 0.0236545466859141 0.022423364004882 0.0212157025956357 0.0200337523074593 0.0188800637282057 0.0177573143542717 0.0166669292982617 0.0156037237421489 0.0143819700313849 0.0130934137190809 0.0117714337463643 0.0104154808435012 0.00902850050444147 0.00762024772916308 0.00620910348210133
58 0.0441367912090886 0.0410597507586926 0.0383140694419484 0.0358409384531508 0.0335958324377057 0.0315440454470554 0.0296585092669589 0.0279173483092895 0.0263020860148199 0.0249066185015551 0.0236545466859141 0.0224233640048819 0.0212157025956357 0.0200337523074594 0.0188800637282057 0.0177573143542718 0.0166669292982616 0.0156037237421489 0.014381970031385 0.0130934137190809 0.0117714337463643 0.0104154808435012 0.0090285005044415 0.00762024772916311 0.00620910348210133
59 0.0441367912090886 0.0410597507586929 0.0383140694419482 0.0358409384531506 0.0335958324377059 0.0315440454470554 0.0296585092669589 0.0279173483092892 0.0263020860148198 0.0249066185015551 0.0236545466859141 0.0224233640048819 0.0212157025956357 0.0200337523074593 0.0188800637282057 0.0177573143542717 0.0166669292982616 0.0156037237421489 0.014381970031385 0.0130934137190808 0.0117714337463642 0.0104154808435012 0.00902850050444147 0.00762024772916308 0.00620910348210133
60 0.0654960559035939 0.0608688030996606 0.0567663811610794 0.0530919550420737 0.0497728976176909 0.046753099461123 0.0439890763677824 0.0414459364078461 0.0390944728191621 0.0370839369614592 0.0352773919128725 0.0335019090685569 0.0317612580309852 0.0300585733021935 0.0283975101795586 0.0267819048376828 0.0252137883185514 0.0236856916702535 0.0218977472087195 0.0200204123495139 0.0180880428576877 0.0160979974222676 0.0140521811666315 0.0119618427392209 0.0098502962082468
61 0.0654960559035934 0.0608688030996606 0.0567663811610794 0.0530919550420737 0.0497728976176909 0.046753099461123 0.0439890763677824 0.0414459364078463 0.0390944728191621 0.0370839369614592 0.0352773919128725 0.0335019090685569 0.0317612580309853 0.0300585733021935 0.0283975101795585 0.0267819048376828 0.0252137883185514 0.0236856916702535 0.0218977472087195 0.0200204123495139 0.0180880428576876 0.0160979974222676 0.0140521811666316 0.0119618427392208 0.0098502962082468
62 0.0654960559035939 0.0608688030996606 0.0567663811610796 0.0530919550420737 0.0497728976176909 0.046753099461123 0.0439890763677826 0.0414459364078461 0.0390944728191619 0.0370839369614593 0.0352773919128725 0.033501909068557 0.0317612580309852 0.0300585733021934 0.0283975101795586 0.0267819048376829 0.0252137883185513 0.0236856916702535 0.0218977472087195 0.0200204123495139 0.0180880428576877 0.0160979974222676 0.0140521811666315 0.0119618427392209 0.00985029620824679
63 0.0654960559035934 0.0608688030996606 0.0567663811610794 0.0530919550420737 0.0497728976176909 0.046753099461123 0.0439890763677824 0.0414459364078463 0.0390944728191621 0.0370839369614593 0.0352773919128725 0.0335019090685569 0.0317612580309853 0.0300585733021935 0.0283975101795586 0.0267819048376828 0.0252137883185513 0.0236856916702535 0.0218977472087195 0.0200204123495139 0.0180880428576876 0.0160979974222676 0.0140521811666316 0.0119618427392208 0.00985029620824682
64 0.0654960559035939 0.0608688030996606 0.0567663811610794 0.0530919550420737 0.0497728976176909 0.046753099461123 0.0439890763677824 0.0414459364078461 0.0390944728191621 0.0370839369614591 0.0352773919128725 0.0335019090685569 0.0317612580309852 0.0300585733021935 0.0283975101795585 0.0267819048376828 0.0252137883185514 0.0236856916702535 0.0218977472087195 0.0200204123495139 0.0180880428576877 0.0160979974222676 0.0140521811666315 0.0119618427392209 0.00985029620824679
65 0.0964468244048857 0.0895459676796106 0.0834879416168903 0.0781077019980564 0.0732834775764367 0.0689225794557926 0.0649539606922969 0.0613212669854587 0.0579779551090849 0.0551706551619478 0.0526321345812127 0.0501383461837103 0.0476945458791629 0.045305110404363 0.0429751570756012 0.0407100615174568 0.0385126698836853 0.0363725267211963 0.0337852265516925 0.0310965577435681 0.0283141940788524 0.0254301221823995 0.0224415213668694 0.0193574848912871 0.0162029477208066
66 0.0964468244048857 0.0895459676796102 0.0834879416168905 0.0781077019980564 0.0732834775764365 0.0689225794557926 0.0649539606922969 0.0613212669854587 0.0579779551090849 0.0551706551619478 0.0526321345812125 0.0501383461837105 0.0476945458791629 0.045305110404363 0.0429751570756012 0.0407100615174568 0.0385126698836852 0.0363725267211963 0.0337852265516925 0.0310965577435681 0.0283141940788524 0.0254301221823995 0.0224415213668695 0.0193574848912872 0.0162029477208066
67 0.0964468244048861 0.0895459676796106 0.0834879416168905 0.0781077019980564 0.0732834775764367 0.0689225794557924 0.0649539606922969 0.0613212669854585 0.0579779551090851 0.0551706551619478 0.0526321345812127 0.0501383461837103 0.0476945458791629 0.045305110404363 0.0429751570756012 0.0407100615174567 0.0385126698836853 0.0363725267211964 0.0337852265516924 0.0310965577435681 0.0283141940788524 0.0254301221823995 0.0224415213668694 0.0193574848912871 0.0162029477208066
68 0.0964468244048857 0.0895459676796106 0.0834879416168901 0.0781077019980564 0.0732834775764367 0.0689225794557926 0.0649539606922969 0.0613212669854587 0.0579779551090849 0.0551706551619478 0.0526321345812127 0.0501383461837105 0.0476945458791629 0.045305110404363 0.0429751570756012 0.0407100615174568 0.0385126698836853 0.0363725267211963 0.0337852265516925 0.0310965577435682 0.0283141940788524 0.0254301221823995 0.0224415213668695 0.0193574848912872 0.0162029477208066
69 0.0964468244048857 0.0895459676796102 0.0834879416168905 0.0781077019980564 0.0732834775764365 0.0689225794557926 0.0649539606922969 0.0613212669854587 0.0579779551090849 0.0551706551619478 0.0526321345812125 0.0501383461837103 0.0476945458791629 0.045305110404363 0.0429751570756012 0.0407100615174568 0.0385126698836852 0.0363725267211963 0.0337852265516925 0.0310965577435681 0.0283141940788524 0.0254301221823995 0.0224415213668694 0.0193574848912872 0.0162029477208066
70 0.149632393051234 0.138668286075403 0.129223674526062 0.120966384125471 0.113660053023823 0.10713028305335 0.101246509971258 0.0959075051310307 0.0910316604288655 0.0869751233196313 0.0834237346801708 0.079863943818518 0.0763779764528204 0.072971868203201 0.0696527449432613 0.0664281266980969 0.0633019538518713 0.0602592806889417 0.056482190304678 0.052500506641426 0.0483828640677896 0.0440728277252802 0.0395528849172652 0.0348188718961105 0.0298851547686998
71 0.149632393051234 0.138668286075403 0.129223674526062 0.120966384125471 0.113660053023823 0.10713028305335 0.101246509971258 0.0959075051310307 0.0910316604288653 0.0869751233196313 0.0834237346801708 0.0798639438185178 0.0763779764528206 0.072971868203201 0.0696527449432613 0.0664281266980969 0.0633019538518712 0.0602592806889417 0.0564821903046778 0.0525005066414261 0.0483828640677896 0.0440728277252803 0.0395528849172652 0.0348188718961105 0.0298851547686998
72 0.149632393051234 0.138668286075403 0.129223674526063 0.120966384125472 0.113660053023823 0.10713028305335 0.101246509971258 0.0959075051310307 0.0910316604288655 0.086975123319631 0.0834237346801706 0.079863943818518 0.0763779764528204 0.072971868203201 0.0696527449432613 0.0664281266980967 0.0633019538518712 0.0602592806889418 0.056482190304678 0.052500506641426 0.0483828640677895 0.0440728277252802 0.0395528849172652 0.0348188718961105 0.0298851547686998
73 0.149632393051234 0.138668286075403 0.129223674526062 0.120966384125471 0.113660053023823 0.10713028305335 0.101246509971258 0.0959075051310307 0.0910316604288655 0.0869751233196313 0.0834237346801708 0.0798639438185178 0.0763779764528206 0.072971868203201 0.0696527449432613 0.0664281266980969 0.0633019538518713 0.0602592806889417 0.056482190304678 0.0525005066414261 0.0483828640677896 0.0440728277252802 0.0395528849172651 0.0348188718961105 0.0298851547686999
74 0.149632393051234 0.138668286075403 0.129223674526062 0.120966384125471 0.113660053023823 0.10713028305335 0.101246509971258 0.0959075051310307 0.0910316604288653 0.0869751233196313 0.0834237346801708 0.079863943818518 0.0763779764528204 0.072971868203201 0.0696527449432613 0.0664281266980969 0.0633019538518713 0.0602592806889417 0.0564821903046778 0.052500506641426 0.0483828640677896 0.0440728277252803 0.0395528849172653 0.0348188718961105 0.0298851547686998
75 0.229509084109657 0.21213516667535 0.19766143570904 0.185333847678209 0.174653428073015 0.165272753233123 0.156942862224748 0.149478082605437 0.142734201769089 0.137141329801719 0.13233718649413 0.127622242963072 0.123005593668456 0.118494834979287 0.114099115130961 0.109828204989565 0.105687224273991 0.101656347095949 0.0966518234066007 0.0912032034246827 0.0855067802221092 0.0794610158924963 0.0730140989892638 0.0661224912130923 0.0587551494154283
76 0.229509084109657 0.21213516667535 0.197661435709039 0.185333847678209 0.174653428073016 0.165272753233123 0.156942862224748 0.149478082605437 0.142734201769089 0.137141329801719 0.13233718649413 0.127622242963072 0.123005593668456 0.118494834979287 0.11409911513096 0.109828204989565 0.10568722427399 0.101656347095949 0.0966518234066007 0.0912032034246827 0.0855067802221093 0.0794610158924964 0.0730140989892637 0.0661224912130923 0.0587551494154283
77 0.229509084109657 0.21213516667535 0.19766143570904 0.185333847678209 0.174653428073015 0.165272753233122 0.156942862224749 0.149478082605437 0.142734201769089 0.137141329801719 0.13233718649413 0.127622242963072 0.123005593668456 0.118494834979287 0.114099115130961 0.109828204989565 0.105687224273991 0.101656347095949 0.0966518234066009 0.0912032034246828 0.0855067802221092 0.0794610158924963 0.0730140989892637 0.0661224912130923 0.0587551494154283
78 0.229509084109657 0.21213516667535 0.197661435709039 0.185333847678209 0.174653428073016 0.165272753233123 0.156942862224748 0.149478082605437 0.142734201769089 0.137141329801719 0.13233718649413 0.127622242963072 0.123005593668456 0.118494834979287 0.114099115130961 0.109828204989565 0.10568722427399 0.101656347095949 0.0966518234066007 0.0912032034246828 0.0855067802221092 0.0794610158924964 0.0730140989892638 0.0661224912130923 0.0587551494154283
79 0.229509084109657 0.21213516667535 0.19766143570904 0.185333847678209 0.174653428073015 0.165272753233123 0.156942862224748 0.149478082605437 0.142734201769089 0.137141329801719 0.13233718649413 0.127622242963072 0.123005593668456 0.118494834979287 0.11409911513096 0.109828204989565 0.105687224273991 0.101656347095949 0.0966518234066007 0.0912032034246826 0.0855067802221092 0.0794610158924963 0.0730140989892637 0.0661224912130923 0.0587551494154283
80 0.285511830791876 0.27078956402649 0.257755052494113 0.24609607988439 0.235578252324986 0.226020415010199 0.217282123209945 0.209250707717849 0.201831956966344 0.195562174617624 0.190091808709594 0.184646911974778 0.179242542922385 0.173892431518269 0.168612517295013 0.163419893478622 0.158326288079146 0.153312324260048 0.14701054253339 0.140052643760142 0.132669735103882 0.124711665377238 0.116084899904063 0.106699268162313 0.0964724832974211
81 0.285511830791876 0.270789564026491 0.257755052494113 0.24609607988439 0.235578252324986 0.226020415010199 0.217282123209945 0.20925070771785 0.201831956966345 0.195562174617624 0.190091808709594 0.184646911974778 0.179242542922385 0.173892431518269 0.168612517295013 0.163419893478622 0.158326288079146 0.153312324260048 0.14701054253339 0.140052643760142 0.132669735103882 0.124711665377238 0.116084899904063 0.106699268162313 0.0964724832974211
82 0.285511830791876 0.27078956402649 0.257755052494113 0.246096079884389 0.235578252324986 0.226020415010199 0.217282123209945 0.209250707717849 0.201831956966344 0.195562174617624 0.190091808709594 0.184646911974778 0.179242542922384 0.173892431518269 0.168612517295013 0.163419893478622 0.158326288079145 0.153312324260048 0.14701054253339 0.140052643760142 0.132669735103882 0.124711665377238 0.116084899904063 0.106699268162313 0.0964724832974211
83 0.285511830791876 0.27078956402649 0.257755052494113 0.24609607988439 0.235578252324987 0.226020415010199 0.217282123209945 0.209250707717849 0.201831956966345 0.195562174617624 0.190091808709594 0.184646911974778 0.179242542922385 0.173892431518269 0.168612517295013 0.163419893478623 0.158326288079145 0.153312324260048 0.14701054253339 0.140052643760142 0.132669735103882 0.124711665377238 0.116084899904063 0.106699268162313 0.0964724832974211
84 0.285511830791876 0.27078956402649 0.257755052494113 0.24609607988439 0.235578252324986 0.226020415010199 0.217282123209945 0.209250707717849 0.201831956966344 0.195562174617624 0.190091808709594 0.184646911974778 0.179242542922385 0.173892431518269 0.168612517295013 0.163419893478622 0.158326288079146 0.153312324260048 0.14701054253339 0.140052643760142 0.132669735103882 0.124711665377238 0.116084899904063 0.106699268162313 0.0964724832974211
85 0.387555813989148 0.371111096824024 0.356351746141984 0.342987065069346 0.330795551770284 0.319603480863662 0.309274822998692 0.299699094785437 0.290782299965223 0.283192033930007 0.276528192860118 0.269856568866175 0.263195787904802 0.256563246261791 0.249979491232018 0.243466974803757 0.237041847774395 0.23068101643982 0.222634615885316 0.213681968703014 0.204101794126387 0.193679341950444 0.18226444157758 0.169701095521971 0.155830335947017
86 0.387555813989147 0.371111096824024 0.356351746141984 0.342987065069346 0.330795551770284 0.319603480863662 0.309274822998692 0.299699094785437 0.290782299965223 0.283192033930007 0.276528192860118 0.269856568866175 0.263195787904802 0.256563246261791 0.249979491232018 0.243466974803757 0.237041847774395 0.23068101643982 0.222634615885316 0.213681968703015 0.204101794126387 0.193679341950444 0.18226444157758 0.169701095521971 0.155830335947017
87 0.387555813989147 0.371111096824024 0.356351746141984 0.342987065069345 0.330795551770285 0.319603480863661 0.309274822998692 0.299699094785437 0.290782299965223 0.283192033930007 0.276528192860118 0.269856568866175 0.263195787904802 0.256563246261791 0.249979491232018 0.243466974803757 0.237041847774395 0.23068101643982 0.222634615885316 0.213681968703014 0.204101794126387 0.193679341950444 0.18226444157758 0.16970109552197 0.155830335947017
88 0.387555813989148 0.371111096824024 0.356351746141984 0.342987065069346 0.330795551770284 0.319603480863662 0.309274822998692 0.299699094785437 0.290782299965223 0.283192033930008 0.276528192860118 0.269856568866175 0.263195787904803 0.256563246261791 0.249979491232018 0.243466974803757 0.237041847774395 0.23068101643982 0.222634615885316 0.213681968703015 0.204101794126387 0.193679341950445 0.18226444157758 0.169701095521971 0.155830335947017
89 0.387555813989148 0.371111096824024 0.356351746141984 0.342987065069346 0.330795551770284 0.319603480863662 0.309274822998692 0.299699094785437 0.290782299965223 0.283192033930007 0.276528192860118 0.269856568866175 0.263195787904802 0.256563246261791 0.249979491232018 0.243466974803757 0.237041847774395 0.23068101643982 0.222634615885316 0.213681968703014 0.204101794126387 0.193679341950444 0.18226444157758 0.16970109552197 0.155830335947017
90 0.510832019531468 0.493979229236649 0.478621995018757 0.464524146802199 0.451502756463458 0.439411905534881 0.42813618978828 0.417580526629614 0.407662181523908 0.3991510805278 0.391626599227941 0.38404406426794 0.376424309477429 0.368787293078592 0.361157150090014 0.353560853415257 0.346018618832556 0.338504626927924 0.328931520690104 0.318189984203952 0.306588810240697 0.293840320475592 0.279722621049466 0.263992288435222 0.246383479059257
91 0.510832019531467 0.493979229236649 0.478621995018757 0.4645241468022 0.451502756463458 0.439411905534881 0.42813618978828 0.417580526629614 0.407662181523908 0.3991510805278 0.391626599227941 0.384044064267939 0.37642430947743 0.368787293078592 0.361157150090014 0.353560853415257 0.346018618832556 0.338504626927925 0.328931520690105 0.318189984203952 0.306588810240697 0.293840320475592 0.279722621049466 0.263992288435222 0.246383479059257
92 0.510832019531468 0.493979229236649 0.478621995018757 0.464524146802199 0.451502756463457 0.439411905534881 0.42813618978828 0.417580526629614 0.407662181523907 0.3991510805278 0.391626599227941 0.38404406426794 0.376424309477429 0.368787293078592 0.361157150090014 0.353560853415256 0.346018618832556 0.338504626927924 0.328931520690104 0.318189984203951 0.306588810240697 0.293840320475591 0.279722621049466 0.263992288435222 0.246383479059257
93 0.510832019531467 0.493979229236649 0.478621995018757 0.4645241468022 0.451502756463458 0.439411905534881 0.428136189788281 0.417580526629614 0.407662181523908 0.399151080527801 0.391626599227941 0.384044064267939 0.37642430947743 0.368787293078592 0.361157150090014 0.353560853415257 0.346018618832556 0.338504626927925 0.328931520690104 0.318189984203952 0.306588810240697 0.293840320475592 0.279722621049466 0.263992288435222 0.246383479059257
94 0.510832019531468 0.493979229236649 0.478621995018757 0.464524146802199 0.451502756463457 0.439411905534881 0.42813618978828 0.417580526629614 0.407662181523908 0.3991510805278 0.391626599227941 0.38404406426794 0.376424309477429 0.368787293078592 0.361157150090014 0.353560853415257 0.346018618832556 0.338504626927924 0.328931520690105 0.318189984203952 0.306588810240697 0.293840320475592 0.279722621049466 0.263992288435222 0.246383479059257
95 0.605305701835507 0.590832637539661 0.577597637121617 0.565415490921728 0.554141256922968 0.543658101580757 0.533872893336478 0.524708176375969 0.516095797302154 0.508706691579212 0.502176651783558 0.495599939261946 0.488996017754461 0.482383608660657 0.475785024982791 0.46922495099958 0.462722109467006 0.456255497079078 0.448036255472354 0.438843304592655 0.428954532811495 0.41814208349895 0.406243554152646 0.39309124839671 0.378517254359594
96 0.605305701835506 0.590832637539661 0.577597637121617 0.565415490921727 0.554141256922968 0.543658101580756 0.533872893336478 0.524708176375969 0.516095797302153 0.508706691579212 0.502176651783559 0.495599939261947 0.488996017754461 0.482383608660658 0.475785024982791 0.46922495099958 0.462722109467006 0.456255497079078 0.448036255472354 0.438843304592655 0.428954532811495 0.41814208349895 0.406243554152646 0.39309124839671 0.378517254359595
97 0.605305701835506 0.590832637539661 0.577597637121616 0.565415490921728 0.554141256922968 0.543658101580756 0.533872893336478 0.524708176375969 0.516095797302153 0.508706691579211 0.502176651783558 0.495599939261946 0.488996017754462 0.482383608660657 0.475785024982791 0.46922495099958 0.462722109467005 0.456255497079078 0.448036255472354 0.438843304592655 0.428954532811495 0.41814208349895 0.406243554152646 0.393091248396709 0.378517254359594
98 0.605305701835506 0.590832637539661 0.577597637121617 0.565415490921728 0.554141256922968 0.543658101580757 0.533872893336478 0.524708176375969 0.516095797302154 0.508706691579212 0.502176651783559 0.495599939261947 0.488996017754461 0.482383608660657 0.475785024982791 0.46922495099958 0.462722109467006 0.456255497079078 0.448036255472354 0.438843304592655 0.428954532811495 0.41814208349895 0.406243554152645 0.39309124839671 0.378517254359594
99 0.605305701835508 0.590832637539661 0.577597637121617 0.565415490921727 0.554141256922968 0.543658101580757 0.533872893336478 0.524708176375969 0.516095797302154 0.508706691579212 0.502176651783558 0.495599939261946 0.488996017754462 0.482383608660658 0.47578502498279 0.46922495099958 0.462722109467006 0.456255497079078 0.448036255472354 0.438843304592655 0.428954532811494 0.41814208349895 0.406243554152646 0.39309124839671 0.378517254359594
100 0.605305701835506 0.590832637539661 0.577597637121616 0.565415490921728 0.554141256922968 0.543658101580756 0.533872893336478 0.524708176375969 0.516095797302153 0.508706691579212 0.502176651783558 0.495599939261947 0.488996017754461 0.482383608660658 0.475785024982791 0.46922495099958 0.462722109467005 0.456255497079078 0.448036255472354 0.438843304592655 0.428954532811495 0.41814208349895 0.406243554152646 0.393091248396709 0.378517254359594
101 0.605305701835506 0.59083263753966 0.577597637121617 0.565415490921727 0.554141256922968 0.543658101580756 0.533872893336478 0.524708176375968 0.516095797302153 0.508706691579212 0.502176651783559 0.495599939261946 0.488996017754461 0.482383608660657 0.475785024982791 0.46922495099958 0.462722109467006 0.456255497079077 0.448036255472355 0.438843304592655 0.428954532811495 0.418142083498949 0.406243554152646 0.39309124839671 0.378517254359594
102 0.605305701835508 0.590832637539661 0.577597637121617 0.565415490921728 0.554141256922969 0.543658101580757 0.533872893336478 0.52470817637597 0.516095797302154 0.508706691579211 0.502176651783559 0.495599939261947 0.488996017754462 0.482383608660657 0.47578502498279 0.46922495099958 0.462722109467006 0.456255497079078 0.448036255472354 0.438843304592655 0.428954532811494 0.418142083498951 0.406243554152646 0.39309124839671 0.378517254359594
103 0.605305701835505 0.59083263753966 0.577597637121617 0.565415490921728 0.554141256922966 0.543658101580757 0.533872893336478 0.524708176375968 0.516095797302154 0.508706691579213 0.502176651783558 0.495599939261947 0.488996017754462 0.482383608660658 0.475785024982792 0.46922495099958 0.462722109467006 0.456255497079078 0.448036255472354 0.438843304592655 0.428954532811494 0.418142083498949 0.406243554152645 0.393091248396709 0.378517254359595
104 0.605305701835508 0.590832637539661 0.577597637121617 0.565415490921728 0.55414125692297 0.543658101580756 0.533872893336478 0.52470817637597 0.516095797302153 0.508706691579211 0.502176651783558 0.495599939261946 0.488996017754461 0.482383608660658 0.47578502498279 0.46922495099958 0.462722109467006 0.456255497079077 0.448036255472355 0.438843304592654 0.428954532811495 0.418142083498951 0.406243554152645 0.393091248396709 0.378517254359594
105 0.605305701835508 0.590832637539661 0.577597637121615 0.565415490921727 0.554141256922966 0.543658101580758 0.533872893336479 0.524708176375968 0.516095797302153 0.508706691579212 0.502176651783559 0.495599939261946 0.488996017754461 0.482383608660657 0.47578502498279 0.46922495099958 0.462722109467005 0.456255497079078 0.448036255472354 0.438843304592655 0.428954532811495 0.418142083498949 0.406243554152646 0.39309124839671 0.378517254359594
106 0.605305701835505 0.59083263753966 0.577597637121618 0.56541549092173 0.55414125692297 0.543658101580756 0.533872893336477 0.524708176375968 0.516095797302153 0.508706691579212 0.502176651783558 0.495599939261948 0.488996017754462 0.482383608660657 0.475785024982792 0.46922495099958 0.462722109467006 0.456255497079078 0.448036255472354 0.438843304592655 0.428954532811495 0.41814208349895 0.406243554152646 0.393091248396709 0.378517254359594
107 0.605305701835508 0.59083263753966 0.577597637121615 0.565415490921727 0.554141256922966 0.543658101580756 0.533872893336477 0.52470817637597 0.516095797302155 0.508706691579211 0.502176651783559 0.495599939261946 0.488996017754462 0.482383608660658 0.47578502498279 0.46922495099958 0.462722109467006 0.456255497079077 0.448036255472354 0.438843304592654 0.428954532811494 0.41814208349895 0.406243554152645 0.393091248396709 0.378517254359594
108 0.605305701835506 0.590832637539661 0.577597637121617 0.565415490921728 0.55414125692297 0.543658101580756 0.533872893336479 0.52470817637597 0.516095797302153 0.508706691579211 0.502176651783558 0.495599939261946 0.48899601775446 0.482383608660658 0.47578502498279 0.46922495099958 0.462722109467006 0.456255497079079 0.448036255472354 0.438843304592655 0.428954532811494 0.418142083498949 0.406243554152646 0.39309124839671 0.378517254359594
109 0.605305701835506 0.590832637539661 0.577597637121617 0.565415490921728 0.554141256922966 0.543658101580756 0.533872893336479 0.524708176375968 0.516095797302153 0.508706691579213 0.50217665178356 0.495599939261946 0.488996017754462 0.482383608660656 0.475785024982792 0.46922495099958 0.462722109467006 0.456255497079077 0.448036255472354 0.438843304592655 0.428954532811495 0.418142083498951 0.406243554152646 0.393091248396709 0.378517254359594
110 0.605305701835508 0.59083263753966 0.577597637121617 0.565415490921727 0.55414125692297 0.543658101580756 0.533872893336477 0.524708176375968 0.516095797302155 0.508706691579213 0.502176651783556 0.495599939261948 0.488996017754462 0.482383608660658 0.47578502498279 0.46922495099958 0.462722109467006 0.456255497079077 0.448036255472354 0.438843304592655 0.428954532811495 0.418142083498949 0.406243554152645 0.393091248396709 0.378517254359594
111 0.605305701835505 0.59083263753966 0.577597637121617 0.56541549092173 0.554141256922966 0.543658101580756 0.533872893336477 0.52470817637597 0.516095797302151 0.508706691579211 0.50217665178356 0.495599939261946 0.48899601775446 0.482383608660658 0.475785024982792 0.46922495099958 0.462722109467006 0.456255497079079 0.448036255472354 0.438843304592655 0.428954532811495 0.418142083498951 0.406243554152646 0.393091248396709 0.378517254359594
112 0.605305701835508 0.590832637539663 0.577597637121617 0.565415490921727 0.55414125692297 0.543658101580758 0.533872893336479 0.52470817637597 0.516095797302155 0.508706691579211 0.502176651783558 0.495599939261946 0.488996017754462 0.482383608660658 0.47578502498279 0.46922495099958 0.462722109467006 0.456255497079077 0.448036255472354 0.438843304592655 0.428954532811493 0.418142083498949 0.406243554152645 0.39309124839671 0.378517254359594
113 0.605305701835508 0.59083263753966 0.577597637121617 0.565415490921728 0.554141256922966 0.543658101580758 0.533872893336479 0.524708176375968 0.516095797302155 0.508706691579211 0.502176651783558 0.495599939261948 0.488996017754462 0.482383608660656 0.47578502498279 0.46922495099958 0.462722109467006 0.456255497079077 0.448036255472356 0.438843304592655 0.428954532811495 0.418142083498951 0.406243554152646 0.393091248396709 0.378517254359594
114 0.605305701835505 0.59083263753966 0.577597637121617 0.565415490921728 0.55414125692297 0.543658101580756 0.533872893336477 0.524708176375968 0.516095797302151 0.508706691579213 0.50217665178356 0.495599939261946 0.488996017754462 0.482383608660658 0.475785024982792 0.46922495099958 0.462722109467006 0.456255497079079 0.448036255472354 0.438843304592655 0.428954532811495 0.418142083498949 0.406243554152645 0.393091248396709 0.378517254359594
115 0.605305701835508 0.59083263753966 0.577597637121615 0.565415490921727 0.554141256922966 0.543658101580756 0.533872893336479 0.52470817637597 0.516095797302155 0.508706691579213 0.502176651783556 0.495599939261946 0.48899601775446 0.482383608660658 0.47578502498279 0.46922495099958 0.462722109467004 0.456255497079077 0.448036255472354 0.438843304592655 0.428954532811495 0.418142083498949 0.406243554152646 0.39309124839671 0.378517254359594
116 0.605305701835508 0.590832637539663 0.577597637121617 0.56541549092173 0.55414125692297 0.543658101580756 0.533872893336477 0.524708176375968 0.516095797302153 0.508706691579211 0.50217665178356 0.495599939261946 0.488996017754462 0.482383608660658 0.47578502498279 0.46922495099958 0.462722109467008 0.456255497079077 0.448036255472354 0.438843304592655 0.428954532811493 0.418142083498951 0.406243554152645 0.393091248396709 0.378517254359594
117 0.605305701835505 0.59083263753966 0.577597637121617 0.565415490921727 0.554141256922966 0.543658101580756 0.533872893336477 0.52470817637597 0.516095797302153 0.508706691579211 0.502176651783558 0.495599939261948 0.488996017754462 0.482383608660656 0.475785024982792 0.46922495099958 0.462722109467004 0.456255497079079 0.448036255472354 0.438843304592655 0.428954532811495 0.418142083498949 0.406243554152646 0.393091248396709 0.378517254359594
118 0.605305701835508 0.59083263753966 0.577597637121617 0.56541549092173 0.55414125692297 0.543658101580756 0.533872893336479 0.524708176375968 0.516095797302155 0.508706691579213 0.502176651783558 0.495599939261946 0.48899601775446 0.482383608660658 0.47578502498279 0.469224950999579 0.462722109467008 0.456255497079077 0.448036255472354 0.438843304592655 0.428954532811495 0.418142083498951 0.406243554152647 0.39309124839671 0.378517254359594
119 0.605305701835505 0.59083263753966 0.577597637121618 0.565415490921727 0.554141256922966 0.543658101580756 0.533872893336479 0.52470817637597 0.516095797302151 0.508706691579211 0.502176651783558 0.495599939261946 0.488996017754462 0.482383608660658 0.47578502498279 0.46922495099958 0.462722109467004 0.456255497079077 0.448036255472354 0.438843304592653 0.428954532811495 0.418142083498949 0.406243554152643 0.393091248396709 0.378517254359594
120 0.605305701835508 0.590832637539663 0.577597637121615 0.565415490921727 0.55414125692297 0.543658101580756 0.533872893336477 0.524708176375968 0.516095797302155 0.508706691579213 0.50217665178356 0.495599939261946 0.488996017754462 0.482383608660658 0.475785024982792 0.46922495099958 0.462722109467006 0.456255497079079 0.448036255472354 0.438843304592655 0.428954532811495 0.418142083498951 0.406243554152647 0.393091248396709 0.378517254359594
121 0.605305701835508 0.59083263753966 0.577597637121615 0.56541549092173 0.554141256922966 0.543658101580759 0.533872893336477 0.52470817637597 0.516095797302155 0.508706691579211 0.502176651783558 0.495599939261948 0.48899601775446 0.482383608660656 0.47578502498279 0.46922495099958 0.462722109467006 0.456255497079077 0.448036255472356 0.438843304592655 0.428954532811493 0.418142083498949 0.406243554152645 0.393091248396709 0.378517254359594
122 0.605305701835505 0.59083263753966 0.577597637121615 0.565415490921727 0.55414125692297 0.543658101580756 0.533872893336479 0.524708176375968 0.516095797302151 0.508706691579211 0.502176651783558 0.495599939261946 0.488996017754462 0.482383608660658 0.47578502498279 0.46922495099958 0.462722109467006 0.456255497079079 0.448036255472354 0.438843304592653 0.428954532811495 0.418142083498949 0.406243554152645 0.393091248396712 0.378517254359594
123 0.605305701835508 0.59083263753966 0.577597637121618 0.56541549092173 0.554141256922966 0.543658101580756 0.533872893336479 0.52470817637597 0.516095797302155 0.508706691579213 0.502176651783558 0.495599939261946 0.488996017754462 0.482383608660658 0.475785024982792 0.46922495099958 0.462722109467006 0.456255497079077 0.448036255472354 0.438843304592655 0.428954532811495 0.418142083498951 0.406243554152647 0.393091248396709 0.378517254359594
124 0.605305701835508 0.590832637539663 0.577597637121618 0.565415490921727 0.55414125692297 0.543658101580756 0.533872893336477 0.524708176375968 0.516095797302155 0.508706691579211 0.50217665178356 0.495599939261946 0.488996017754462 0.482383608660656 0.47578502498279 0.46922495099958 0.462722109467006 0.456255497079077 0.448036255472354 0.438843304592655 0.428954532811493 0.418142083498949 0.406243554152645 0.393091248396709 0.378517254359594
125 0.605305701835505 0.59083263753966 0.577597637121615 0.565415490921727 0.554141256922966 0.543658101580756 0.533872893336476 0.52470817637597 0.516095797302151 0.508706691579213 0.502176651783558 0.495599939261948 0.48899601775446 0.482383608660658 0.475785024982792 0.46922495099958 0.462722109467006 0.456255497079079 0.448036255472354 0.438843304592655 0.428954532811495 0.418142083498951 0.406243554152645 0.393091248396709 0.378517254359594
126 0.605305701835508 0.59083263753966 0.577597637121615 0.56541549092173 0.55414125692297 0.543658101580756 0.533872893336479 0.524708176375968 0.516095797302155 0.508706691579211 0.502176651783558 0.495599939261946 0.488996017754462 0.482383608660658 0.47578502498279 0.46922495099958 0.462722109467006 0.456255497079077 0.448036255472354 0.438843304592655 0.428954532811495 0.418142083498949 0.406243554152647 0.393091248396709 0.378517254359594
127 0.605305701835505 0.590832637539663 0.577597637121618 0.565415490921727 0.554141256922966 0.543658101580756 0.533872893336479 0.524708176375968 0.516095797302151 0.508706691579211 0.502176651783558 0.495599939261946 0.488996017754462 0.482383608660658 0.47578502498279 0.46922495099958 0.462722109467006 0.456255497079077 0.448036255472354 0.438843304592655 0.428954532811495 0.418142083498949 0.406243554152643 0.393091248396709 0.378517254359594
128 0.605305701835508 0.59083263753966 0.577597637121618 0.56541549092173 0.55414125692297 0.543658101580756 0.533872893336479 0.524708176375968 0.516095797302155 0.508706691579211 0.502176651783558 0.495599939261948 0.48899601775446 0.482383608660658 0.475785024982792 0.46922495099958 0.462722109467006 0.456255497079079 0.448036255472354 0.438843304592655 0.428954532811495 0.418142083498951 0.406243554152647 0.393091248396709 0.378517254359597
129 0.605305701835508 0.59083263753966 0.577597637121615 0.565415490921727 0.554141256922966 0.543658101580759 0.533872893336479 0.524708176375968 0.516095797302155 0.508706691579211 0.50217665178356 0.495599939261946 0.488996017754462 0.482383608660656 0.47578502498279 0.46922495099958 0.462722109467006 0.456255497079077 0.448036255472354 0.438843304592655 0.428954532811493 0.418142083498949 0.406243554152647 0.393091248396709 0.378517254359594
130 0.605305701835505 0.590832637539663 0.577597637121615 0.565415490921727 0.55414125692297 0.543658101580756 0.533872893336479 0.524708176375971 0.516095797302151 0.508706691579214 0.50217665178356 0.495599939261946 0.488996017754462 0.482383608660658 0.475785024982792 0.46922495099958 0.462722109467006 0.456255497079077 0.448036255472354 0.438843304592655 0.428954532811495 0.418142083498951 0.406243554152643 0.393091248396712 0.378517254359594
131 0.605305701835508 0.59083263753966 0.577597637121615 0.56541549092173 0.554141256922966 0.543658101580756 0.533872893336479 0.524708176375968 0.516095797302155 0.508706691579211 0.502176651783556 0.495599939261948 0.488996017754462 0.482383608660658 0.47578502498279 0.46922495099958 0.462722109467006 0.456255497079079 0.448036255472354 0.438843304592655 0.428954532811495 0.418142083498949 0.406243554152647 0.393091248396709 0.378517254359594
132 0.605305701835508 0.59083263753966 0.577597637121621 0.565415490921727 0.55414125692297 0.543658101580756 0.533872893336476 0.524708176375971 0.516095797302155 0.508706691579211 0.502176651783556 0.495599939261946 0.48899601775446 0.482383608660656 0.47578502498279 0.46922495099958 0.462722109467006 0.456255497079077 0.448036255472356 0.438843304592655 0.428954532811495 0.418142083498951 0.406243554152647 0.393091248396709 0.378517254359594
133 0.605305701835505 0.59083263753966 0.577597637121615 0.56541549092173 0.554141256922966 0.543658101580756 0.533872893336476 0.524708176375968 0.516095797302151 0.508706691579214 0.50217665178356 0.495599939261946 0.488996017754462 0.482383608660658 0.475785024982792 0.46922495099958 0.462722109467006 0.456255497079077 0.448036255472354 0.438843304592655 0.428954532811493 0.418142083498949 0.406243554152643 0.393091248396709 0.378517254359594
134 0.605305701835508 0.590832637539663 0.577597637121615 0.565415490921727 0.55414125692297 0.543658101580756 0.533872893336479 0.524708176375968 0.516095797302155 0.508706691579211 0.50217665178356 0.495599939261946 0.488996017754462 0.48238360866066 0.47578502498279 0.46922495099958 0.462722109467006 0.456255497079079 0.448036255472354 0.438843304592655 0.428954532811495 0.418142083498951 0.406243554152647 0.393091248396709 0.378517254359594
135 0.605305701835508 0.59083263753966 0.577597637121615 0.56541549092173 0.554141256922966 0.543658101580756 0.533872893336479 0.524708176375968 0.516095797302151 0.508706691579211 0.50217665178356 0.495599939261949 0.488996017754462 0.482383608660656 0.475785024982792 0.469224950999582 0.462722109467004 0.456255497079077 0.448036255472354 0.438843304592655 0.428954532811495 0.418142083498949 0.406243554152647 0.393091248396709 0.378517254359594
136 0.605305701835505 0.59083263753966 0.577597637121615 0.565415490921727 0.55414125692297 0.543658101580756 0.533872893336479 0.524708176375968 0.516095797302155 0.508706691579211 0.502176651783556 0.495599939261946 0.488996017754462 0.48238360866066 0.475785024982792 0.469224950999579 0.462722109467006 0.456255497079077 0.448036255472354 0.438843304592655 0.428954532811495 0.418142083498949 0.406243554152643 0.393091248396712 0.378517254359594
137 0.605305701835508 0.59083263753966 0.577597637121621 0.565415490921727 0.55414125692297 0.543658101580756 0.533872893336479 0.524708176375968 0.516095797302155 0.508706691579211 0.502176651783556 0.495599939261946 0.488996017754462 0.482383608660656 0.475785024982789 0.469224950999582 0.462722109467008 0.456255497079079 0.448036255472354 0.438843304592655 0.428954532811495 0.418142083498951 0.406243554152647 0.393091248396709 0.378517254359594
138 0.605305701835508 0.590832637539663 0.577597637121615 0.56541549092173 0.554141256922966 0.543658101580759 0.533872893336479 0.524708176375968 0.516095797302151 0.508706691579211 0.50217665178356 0.495599939261946 0.488996017754462 0.482383608660656 0.475785024982792 0.469224950999579 0.462722109467004 0.456255497079077 0.448036255472354 0.438843304592655 0.428954532811493 0.418142083498949 0.406243554152643 0.393091248396709 0.378517254359594
139 0.605305701835505 0.59083263753966 0.577597637121615 0.565415490921727 0.554141256922966 0.543658101580756 0.533872893336479 0.524708176375975 0.516095797302155 0.508706691579211 0.50217665178356 0.495599939261946 0.488996017754458 0.48238360866066 0.475785024982792 0.469224950999582 0.462722109467004 0.456255497079077 0.448036255472354 0.438843304592655 0.428954532811495 0.418142083498951 0.406243554152647 0.393091248396709 0.378517254359594
140 0.605305701835508 0.59083263753966 0.577597637121615 0.56541549092173 0.55414125692297 0.543658101580756 0.533872893336472 0.524708176375968 0.516095797302155 0.508706691579211 0.50217665178356 0.495599939261946 0.488996017754462 0.482383608660656 0.475785024982789 0.469224950999579 0.462722109467008 0.456255497079077 0.448036255472352 0.438843304592655 0.428954532811495 0.418142083498949 0.406243554152647 0.393091248396709 0.378517254359594
141 0.605305701835505 0.59083263753966 0.577597637121621 0.565415490921727 0.55414125692297 0.543658101580756 0.533872893336479 0.524708176375968 0.516095797302151 0.508706691579218 0.50217665178356 0.495599939261949 0.488996017754462 0.482383608660656 0.475785024982792 0.469224950999582 0.462722109467008 0.456255497079077 0.448036255472356 0.438843304592655 0.428954532811495 0.418142083498951 0.406243554152643 0.393091248396709 0.378517254359594
142 0.605305701835508 0.590832637539663 0.577597637121615 0.56541549092173 0.554141256922966 0.543658101580756 0.533872893336479 0.524708176375968 0.516095797302155 0.508706691579211 0.502176651783552 0.495599939261946 0.488996017754462 0.48238360866066 0.475785024982792 0.469224950999579 0.462722109467004 0.456255497079077 0.448036255472352 0.438843304592655 0.428954532811495 0.418142083498949 0.406243554152647 0.393091248396712 0.378517254359594
143 0.605305701835508 0.59083263753966 0.577597637121615 0.565415490921727 0.554141256922966 0.543658101580756 0.533872893336479 0.524708176375968 0.516095797302155 0.508706691579211 0.50217665178356 0.495599939261946 0.488996017754462 0.482383608660656 0.475785024982789 0.469224950999579 0.462722109467004 0.456255497079081 0.448036255472356 0.438843304592651 0.428954532811495 0.418142083498949 0.406243554152647 0.393091248396709 0.378517254359594
144 0.605305701835505 0.59083263753966 0.577597637121615 0.565415490921727 0.55414125692297 0.543658101580756 0.533872893336479 0.524708176375968 0.516095797302151 0.508706691579211 0.50217665178356 0.495599939261946 0.488996017754462 0.48238360866066 0.475785024982792 0.469224950999582 0.462722109467008 0.456255497079077 0.448036255472356 0.438843304592655 0.428954532811493 0.418142083498951 0.406243554152643 0.393091248396709 0.378517254359594
145 0.605305701835508 0.590832637539663 0.577597637121615 0.56541549092173 0.55414125692297 0.543658101580756 0.533872893336479 0.524708176375968 0.516095797302155 0.508706691579211 0.50217665178356 0.495599939261946 0.488996017754462 0.482383608660656 0.475785024982792 0.469224950999582 0.462722109467008 0.456255497079077 0.448036255472352 0.438843304592655 0.428954532811497 0.418142083498951 0.406243554152647 0.393091248396709 0.378517254359594
146 0.605305701835505 0.59083263753966 0.577597637121621 0.565415490921727 0.554141256922966 0.543658101580756 0.533872893336479 0.524708176375968 0.516095797302151 0.508706691579211 0.50217665178356 0.495599939261946 0.488996017754462 0.48238360866066 0.475785024982792 0.469224950999579 0.462722109467004 0.456255497079077 0.448036255472356 0.438843304592655 0.428954532811493 0.418142083498951 0.406243554152647 0.393091248396709 0.378517254359594
147 0.605305701835508 0.59083263753966 0.577597637121615 0.56541549092173 0.554141256922966 0.543658101580759 0.533872893336479 0.524708176375968 0.516095797302155 0.508706691579211 0.502176651783552 0.495599939261946 0.488996017754462 0.482383608660656 0.475785024982789 0.469224950999582 0.462722109467004 0.456255497079077 0.448036255472352 0.438843304592655 0.428954532811493 0.418142083498947 0.406243554152643 0.393091248396709 0.378517254359594
148 0.605305701835508 0.59083263753966 0.577597637121615 0.565415490921727 0.55414125692297 0.543658101580756 0.533872893336472 0.524708176375975 0.516095797302155 0.508706691579211 0.50217665178356 0.495599939261949 0.488996017754458 0.482383608660656 0.475785024982792 0.469224950999579 0.462722109467004 0.456255497079077 0.448036255472356 0.438843304592655 0.428954532811497 0.418142083498951 0.406243554152647 0.393091248396709 0.378517254359594
149 0.605305701835505 0.590832637539663 0.577597637121615 0.565415490921727 0.55414125692297 0.543658101580756 0.533872893336479 0.524708176375968 0.516095797302151 0.508706691579211 0.50217665178356 0.495599939261946 0.488996017754462 0.48238360866066 0.475785024982792 0.469224950999582 0.462722109467011 0.456255497079077 0.448036255472352 0.438843304592655 0.428954532811493 0.418142083498951 0.406243554152643 0.393091248396712 0.378517254359594
150 1 1 1 1 1 1 1 1 1 1 1 1 1 1 1 1 1 1 1 1 1 1 1 1 1
