age 1 2 3 4 5 6 7 8 9 10 11 12 13 14 15 16 17 18 19 20 21 22 23 24 25
0 0.41950233962 0.3838547908 0.35173705424 0.32256499366 0.29588392678 0.27134024502 0.24864078486 0.22756029634 0.20790200938 0.18950271236 0.17223743238 0.1559784083 0.140154546632332 0.125116541531765 0.111944221283303 0.0991470163728088 0.086762452329131 0.0748130317362653 0.0633286669946649 0.0523167313801631 0.0413192495839352 0.0309799581965997 0.02160618749955 0.0134700892786243 0.00710633282817896
1 0.0725111566382625 0.0651369882074045 0.0586392645909322 0.0528518931400149 0.0476500319575968 0.0429390196454053 0.0386430709328434 0.0347044507967999 0.0310744959769742 0.0277135890891597 0.0245912150501127 0.0216779852970139 0.0183457380593032 0.0154767621009765 0.0131171351007759 0.010946301993162 0.00894423516490514 0.0070894177552903 0.00536347103459122 0.00374742661534501 0.00243243337396969 0.00154815836695363 0.000867829088251462 0.000406538557564666 0.00014575553405429
2 0.0725111566382624 0.0651369882074046 0.0586392645909322 0.0528518931400149 0.0476500319575967 0.0429390196454053 0.0386430709328435 0.0347044507967999 0.0310744959769742 0.0277135890891597 0.0245912150501128 0.0216779852970139 0.0183457380593032 0.0154767621009765 0.013117135100776 0.010946301993162 0.00894423516490514 0.0070894177552903 0.0053634710345912 0.00374742661534501 0.00243243337396969 0.00154815836695363 0.000867829088251462 0.000406538557564665 0.00014575553405429
3 0.0725111566382625 0.0651369882074045 0.0586392645909322 0.0528518931400149 0.0476500319575968 0.0429390196454053 0.0386430709328434 0.0347044507967998 0.0310744959769743 0.0277135890891597 0.0245912150501127 0.0216779852970139 0.0183457380593032 0.0154767621009765 0.0131171351007759 0.010946301993162 0.00894423516490514 0.0070894177552903 0.0053634710345912 0.003747426615345 0.00243243337396969 0.00154815836695363 0.000867829088251462 0.000406538557564665 0.000145755534054291
4 0.0725111566382625 0.0651369882074045 0.0586392645909321 0.0528518931400149 0.0476500319575968 0.0429390196454053 0.0386430709328434 0.0347044507967999 0.0310744959769742 0.0277135890891597 0.0245912150501128 0.0216779852970139 0.0183457380593032 0.0154767621009765 0.0131171351007759 0.010946301993162 0.00894423516490514 0.0070894177552903 0.00536347103459122 0.00374742661534501 0.00243243337396969 0.00154815836695363 0.000867829088251462 0.000406538557564666 0.00014575553405429
5 0.0138981940965269 0.01264295661935 0.0115174532672792 0.0104995990513822 0.00957231197102727 0.00872236442772228 0.00793886864001147 0.00721346337178622 0.00653890292159534 0.00590919941902982 0.00531975444285155 0.00476593807835994 0.00417671233542307 0.00366116408176349 0.00321723336256861 0.00279238415085711 0.00238678141408912 0.00200002474593154 0.00163194192606628 0.00128168587089322 0.000962997864050912 0.000691022699498156 0.000451568604358115 0.000258558409241026 0.000121597339756435
6 0.0138981940965269 0.01264295661935 0.0115174532672792 0.0104995990513822 0.00957231197102716 0.00872236442772217 0.00793886864001152 0.00721346337178627 0.00653890292159534 0.00590919941902988 0.00531975444285155 0.00476593807835994 0.00417671233542307 0.00366116408176352 0.00321723336256861 0.00279238415085711 0.00238678141408912 0.00200002474593154 0.00163194192606629 0.00128168587089322 0.000962997864050912 0.000691022699498156 0.000451568604358115 0.000258558409241028 0.000121597339756436
7 0.0138981940965269 0.0126429566193499 0.0115174532672792 0.0104995990513823 0.00957231197102727 0.00872236442772228 0.00793886864001147 0.00721346337178622 0.0065389029215954 0.00590919941902982 0.00531975444285155 0.00476593807836 0.0041767123354231 0.00366116408176349 0.00321723336256864 0.00279238415085714 0.00238678141408915 0.00200002474593154 0.00163194192606628 0.00128168587089322 0.000962997864050912 0.000691022699498156 0.000451568604358111 0.000258558409241028 0.000121597339756436
8 0.0138981940965269 0.01264295661935 0.0115174532672792 0.0104995990513822 0.00957231197102716 0.00872236442772217 0.00793886864001152 0.00721346337178627 0.00653890292159534 0.00590919941902988 0.00531975444285155 0.00476593807835994 0.00417671233542307 0.00366116408176352 0.00321723336256861 0.00279238415085711 0.00238678141408912 0.00200002474593154 0.00163194192606629 0.00128168587089322 0.000962997864050912 0.000691022699498156 0.000451568604358115 0.000258558409241024 0.000121597339756434
9 0.0138981940965269 0.01264295661935 0.0115174532672792 0.0104995990513822 0.00957231197102727 0.00872236442772228 0.00793886864001147 0.00721346337178622 0.00653890292159534 0.00590919941902982 0.00531975444285155 0.00476593807835994 0.00417671233542307 0.00366116408176349 0.00321723336256861 0.00279238415085711 0.00238678141408912 0.00200002474593154 0.00163194192606628 0.00128168587089322 0.000962997864050912 0.000691022699498156 0.000451568604358115 0.000258558409241028 0.000121597339756436
10 0.00988981529996002 0.00901005088209152 0.00822006716272669 0.00750471160050909 0.00685224095030195 0.0062535492236486 0.0057011247180343 0.00518919741494785 0.00471275509891363 0.00426765094039634 0.00385070277363686 0.00345869240979102 0.00301768557462132 0.00266617949851629 0.00236040593665778 0.00206507678453057 0.00178070996655107 0.00150746068275554 0.00124565680851616 0.000995135803999285 0.000771936660332353 0.000568112579832007 0.000383466764001047 0.000229071919662049 0.00011408424798439
11 0.00988981529996013 0.00901005088209152 0.0082200671627268 0.00750471160050909 0.00685224095030184 0.00625354922364849 0.0057011247180343 0.00518919741494785 0.00471275509891363 0.0042676509403964 0.00385070277363686 0.00345869240979102 0.00301768557462132 0.00266617949851631 0.00236040593665778 0.00206507678453057 0.0017807099665511 0.00150746068275552 0.00124565680851616 0.000995135803999285 0.000771936660332353 0.000568112579832007 0.000383466764001047 0.000229071919662049 0.000114084247984388
12 0.00988981529996002 0.00901005088209152 0.00822006716272669 0.00750471160050898 0.00685224095030195 0.0062535492236486 0.0057011247180343 0.00518919741494785 0.00471275509891357 0.00426765094039634 0.00385070277363681 0.00345869240979096 0.00301768557462135 0.00266617949851629 0.00236040593665778 0.00206507678453054 0.00178070996655107 0.00150746068275554 0.00124565680851615 0.000995135803999299 0.000771936660332346 0.000568112579832014 0.000383466764001047 0.000229071919662045 0.00011408424798439
13 0.00988981529996013 0.00901005088209152 0.0082200671627268 0.00750471160050909 0.00685224095030184 0.00625354922364849 0.00570112471803436 0.00518919741494785 0.00471275509891363 0.0042676509403964 0.00385070277363686 0.00345869240979102 0.00301768557462129 0.00266617949851631 0.00236040593665778 0.00206507678453057 0.0017807099665511 0.00150746068275552 0.00124565680851616 0.000995135803999285 0.000771936660332353 0.000568112579832007 0.000383466764001047 0.000229071919662049 0.000114084247984388
14 0.00988981529996002 0.00901005088209152 0.00822006716272669 0.00750471160050909 0.00685224095030195 0.0062535492236486 0.00570112471803425 0.00518919741494785 0.00471275509891363 0.00426765094039634 0.00385070277363686 0.00345869240979102 0.00301768557462135 0.00266617949851629 0.00236040593665778 0.00206507678453057 0.00178070996655107 0.00150746068275554 0.00124565680851616 0.000995135803999285 0.000771936660332353 0.000568112579832007 0.000383466764001047 0.000229071919662049 0.00011408424798439
15 0.0133825747872641 0.0122224366897456 0.0111818224938205 0.0102404296242623 0.00938254676869188 0.0085960034436274 0.00787077642535777 0.00719916787526248 0.00657450294809288 0.00599126393422785 0.00544521424748241 0.00493208356748927 0.00444508167763592 0.00398054279814907 0.00357231830759905 0.00317456071306942 0.00278859388732929 0.00241530661316074 0.00205584105705224 0.0017106426786835 0.0013789141839952 0.00105526491210683 0.000748945352706302 0.000477869905578605 0.00026021910517127
16 0.013382574787264 0.0122224366897456 0.0111818224938206 0.0102404296242623 0.00938254676869199 0.0085960034436274 0.00787077642535765 0.00719916787526248 0.00657450294809288 0.00599126393422785 0.00544521424748247 0.00493208356748933 0.00444508167763587 0.00398054279814904 0.00357231830759902 0.00317456071306944 0.00278859388732929 0.00241530661316073 0.00205584105705224 0.0017106426786835 0.0013789141839952 0.00105526491210683 0.000748945352706306 0.000477869905578605 0.00026021910517127
17 0.013382574787264 0.0122224366897455 0.0111818224938205 0.0102404296242622 0.00938254676869188 0.00859600344362729 0.00787077642535777 0.00719916787526242 0.00657450294809288 0.00599126393422785 0.00544521424748241 0.00493208356748927 0.00444508167763592 0.00398054279814907 0.00357231830759905 0.00317456071306942 0.00278859388732929 0.00241530661316073 0.00205584105705222 0.00171064267868351 0.0013789141839952 0.00105526491210683 0.000748945352706306 0.000477869905578602 0.000260219105171268
18 0.0133825747872641 0.0122224366897456 0.0111818224938206 0.0102404296242623 0.00938254676869199 0.0085960034436274 0.00787077642535765 0.00719916787526248 0.00657450294809288 0.00599126393422785 0.00544521424748247 0.00493208356748933 0.00444508167763587 0.00398054279814904 0.00357231830759902 0.00317456071306944 0.00278859388732929 0.00241530661316076 0.00205584105705224 0.0017106426786835 0.00137891418399521 0.00105526491210683 0.000748945352706302 0.000477869905578605 0.00026021910517127
19 0.0133825747872641 0.0122224366897456 0.0111818224938205 0.0102404296242623 0.00938254676869188 0.0085960034436274 0.00787077642535777 0.00719916787526248 0.00657450294809288 0.00599126393422785 0.00544521424748241 0.00493208356748927 0.00444508167763592 0.00398054279814907 0.00357231830759905 0.00317456071306942 0.00278859388732929 0.00241530661316073 0.00205584105705224 0.0017106426786835 0.0013789141839952 0.00105526491210683 0.000748945352706302 0.000477869905578605 0.00026021910517127
20 0.0191933661619689 0.0175102381457533 0.0160035879767454 0.0146430718050875 0.0134052749096034 0.0122720958934876 0.0112286731947899 0.0102635982244605 0.0093670115818275 0.00853077630797968 0.0077486388552893 0.00701433386364072 0.00632963770899207 0.00567275630313633 0.0050830413285047 0.00450994585163738 0.00395524222473475 0.00342005040039035 0.00290583300490559 0.00241304240503585 0.00193319915781821 0.00147236618611061 0.00103865763830491 0.00065755232653778 0.000354332585354996
21 0.0191933661619692 0.0175102381457533 0.0160035879767453 0.0146430718050875 0.0134052749096034 0.0122720958934876 0.0112286731947898 0.0102635982244606 0.0093670115818275 0.00853077630797963 0.0077486388552893 0.00701433386364067 0.00632963770899207 0.00567275630313639 0.0050830413285047 0.00450994585163738 0.00395524222473475 0.00342005040039035 0.00290583300490561 0.00241304240503584 0.00193319915781821 0.00147236618611061 0.00103865763830491 0.00065755232653778 0.000354332585354996
22 0.0191933661619689 0.0175102381457533 0.0160035879767454 0.0146430718050874 0.0134052749096034 0.0122720958934876 0.0112286731947899 0.0102635982244605 0.00936701158182756 0.00853077630797968 0.0077486388552893 0.00701433386364072 0.00632963770899201 0.00567275630313633 0.00508304132850467 0.00450994585163735 0.00395524222473478 0.00342005040039033 0.00290583300490559 0.00241304240503585 0.0019331991578182 0.00147236618611062 0.00103865763830492 0.000657552326537783 0.000354332585354998
23 0.0191933661619692 0.0175102381457533 0.0160035879767453 0.0146430718050875 0.0134052749096034 0.0122720958934876 0.0112286731947898 0.0102635982244605 0.0093670115818275 0.00853077630797963 0.0077486388552893 0.00701433386364067 0.00632963770899207 0.00567275630313639 0.0050830413285047 0.00450994585163738 0.00395524222473475 0.00342005040039035 0.00290583300490561 0.00241304240503585 0.00193319915781821 0.00147236618611061 0.00103865763830491 0.00065755232653778 0.000354332585354996
24 0.0191933661619689 0.0175102381457533 0.0160035879767454 0.0146430718050875 0.0134052749096034 0.0122720958934876 0.0112286731947899 0.0102635982244606 0.0093670115818275 0.00853077630797968 0.0077486388552893 0.00701433386364072 0.00632963770899207 0.00567275630313633 0.0050830413285047 0.00450994585163738 0.00395524222473475 0.00342005040039035 0.00290583300490559 0.00241304240503584 0.00193319915781821 0.00147236618611061 0.00103865763830491 0.00065755232653778 0.000354332585354996
25 0.0216449868301077 0.0197153966758844 0.0179897907641759 0.0164328918424477 0.0150175163043905 0.0137226699280901 0.0125311415831942 0.0114297224469959 0.0104070152947399 0.00945362136345917 0.0085623146044948 0.00772587538638429 0.00694625639222676 0.00619849248592298 0.00552168925697375 0.00486747268990538 0.00423739335150766 0.0036321994249903 0.00305299239639603 0.0024997299644855 0.00197785197419287 0.00148149987076159 0.0010230606067743 0.000629853095320407 0.000326837162032796
26 0.0216449868301075 0.0197153966758844 0.0179897907641759 0.0164328918424477 0.0150175163043905 0.0137226699280901 0.0125311415831941 0.0114297224469959 0.0104070152947398 0.00945362136345923 0.0085623146044948 0.00772587538638429 0.00694625639222676 0.00619849248592303 0.00552168925697375 0.00486747268990538 0.00423739335150766 0.00363219942499033 0.003052992396396 0.0024997299644855 0.00197785197419287 0.00148149987076159 0.00102306060677429 0.000629853095320407 0.000326837162032796
27 0.0216449868301077 0.0197153966758842 0.0179897907641759 0.0164328918424477 0.0150175163043906 0.0137226699280901 0.0125311415831942 0.0114297224469959 0.0104070152947399 0.00945362136345917 0.0085623146044948 0.00772587538638429 0.00694625639222681 0.00619849248592298 0.00552168925697369 0.00486747268990538 0.00423739335150769 0.0036321994249903 0.00305299239639603 0.00249972996448548 0.00197785197419285 0.0014814998707616 0.0010230606067743 0.00062985309532041 0.000326837162032798
28 0.0216449868301075 0.0197153966758844 0.0179897907641759 0.0164328918424477 0.0150175163043905 0.0137226699280901 0.0125311415831941 0.0114297224469959 0.0104070152947398 0.00945362136345923 0.0085623146044948 0.00772587538638429 0.00694625639222676 0.00619849248592303 0.00552168925697375 0.00486747268990538 0.00423739335150766 0.00363219942499033 0.003052992396396 0.0024997299644855 0.00197785197419287 0.00148149987076159 0.00102306060677429 0.000629853095320407 0.000326837162032796
29 0.0216449868301077 0.0197153966758844 0.0179897907641759 0.0164328918424477 0.0150175163043905 0.0137226699280901 0.0125311415831942 0.0114297224469959 0.0104070152947399 0.00945362136345917 0.0085623146044948 0.00772587538638429 0.00694625639222676 0.00619849248592298 0.00552168925697375 0.00486747268990538 0.00423739335150766 0.0036321994249903 0.00305299239639603 0.0024997299644855 0.00197785197419287 0.00148149987076159 0.0010230606067743 0.000629853095320407 0.000326837162032796
30 0.0251829447463614 0.0229140659964371 0.0208877447658498 0.0190616935262055 0.0174033909927438 0.0158877560483615 0.0144942694259261 0.013207189867112 0.0120129644416909 0.0109004289249811 0.00986099591623567 0.00888611780266123 0.00797795708423255 0.00709853592171998 0.00631519203489228 0.00555849792723569 0.00483014501674387 0.00413089608079629 0.0034619261965616 0.00282309807581331 0.00224024307049693 0.00167428025909718 0.00115292354333575 0.000707220929660861 0.000365201265212319
31 0.0251829447463614 0.0229140659964374 0.0208877447658498 0.0190616935262055 0.0174033909927438 0.0158877560483615 0.0144942694259261 0.013207189867112 0.0120129644416909 0.0109004289249813 0.00986099591623567 0.00888611780266123 0.00797795708423261 0.00709853592171998 0.00631519203489228 0.00555849792723566 0.00483014501674389 0.00413089608079629 0.0034619261965616 0.0028230980758133 0.00224024307049693 0.00167428025909718 0.00115292354333574 0.000707220929660861 0.000365201265212321
32 0.0251829447463614 0.0229140659964371 0.0208877447658496 0.0190616935262054 0.0174033909927439 0.0158877560483615 0.014494269425926 0.013207189867112 0.0120129644416908 0.0109004289249811 0.00986099591623567 0.00888611780266118 0.00797795708423255 0.00709853592171992 0.00631519203489228 0.00555849792723566 0.00483014501674387 0.00413089608079629 0.00346192619656157 0.00282309807581331 0.00224024307049693 0.00167428025909718 0.00115292354333575 0.000707220929660861 0.000365201265212319
33 0.0251829447463614 0.0229140659964374 0.0208877447658498 0.0190616935262055 0.0174033909927438 0.0158877560483615 0.0144942694259261 0.013207189867112 0.0120129644416909 0.0109004289249813 0.00986099591623567 0.00888611780266123 0.00797795708423261 0.00709853592171998 0.00631519203489228 0.00555849792723572 0.00483014501674389 0.00413089608079629 0.0034619261965616 0.00282309807581331 0.00224024307049693 0.00167428025909718 0.00115292354333574 0.000707220929660861 0.000365201265212321
34 0.0251829447463614 0.0229140659964371 0.0208877447658498 0.0190616935262055 0.0174033909927438 0.0158877560483615 0.0144942694259261 0.013207189867112 0.0120129644416909 0.0109004289249811 0.00986099591623567 0.00888611780266123 0.00797795708423255 0.00709853592171998 0.00631519203489228 0.00555849792723566 0.00483014501674387 0.00413089608079629 0.0034619261965616 0.0028230980758133 0.00224024307049693 0.00167428025909718 0.00115292354333575 0.000707220929660861 0.000365201265212319
35 0.0295617844911162 0.026902735505506 0.0245316256790817 0.0223977825363145 0.0204623276543918 0.0186953279269764 0.0170723533738929 0.0155746727622426 0.0141861990411443 0.0128936975601437 0.0116869837051821 0.0105559628670734 0.00950299280938477 0.0085096269734009 0.00760650878541129 0.00673077926986003 0.00588490680220342 0.00507034365324499 0.00428905341295082 0.00354146477022223 0.00285040989311233 0.00216162252569747 0.00151674567775122 0.000953687959191906 0.00050929148203406
36 0.0295617844911164 0.026902735505506 0.0245316256790817 0.0223977825363145 0.0204623276543919 0.0186953279269764 0.0170723533738929 0.0155746727622426 0.0141861990411443 0.0128936975601436 0.011686983705182 0.0105559628670734 0.00950299280938472 0.00850962697340085 0.00760650878541134 0.00673077926985997 0.00588490680220345 0.00507034365324499 0.00428905341295082 0.0035414647702222 0.00285040989311233 0.00216162252569747 0.00151674567775122 0.000953687959191906 0.000509291482034059
37 0.0295617844911162 0.0269027355055057 0.0245316256790819 0.0223977825363143 0.0204623276543918 0.0186953279269762 0.0170723533738929 0.0155746727622427 0.0141861990411442 0.0128936975601437 0.0116869837051821 0.0105559628670734 0.00950299280938477 0.0085096269734009 0.00760650878541129 0.00673077926986003 0.00588490680220342 0.00507034365324502 0.00428905341295085 0.00354146477022223 0.00285040989311233 0.00216162252569746 0.00151674567775122 0.000953687959191906 0.000509291482034059
38 0.0295617844911164 0.026902735505506 0.0245316256790817 0.0223977825363145 0.0204623276543919 0.0186953279269764 0.0170723533738929 0.0155746727622426 0.0141861990411443 0.0128936975601436 0.011686983705182 0.0105559628670734 0.00950299280938477 0.00850962697340085 0.00760650878541134 0.00673077926985997 0.00588490680220342 0.00507034365324499 0.00428905341295082 0.0035414647702222 0.00285040989311233 0.00216162252569747 0.00151674567775122 0.000953687959191906 0.000509291482034062
39 0.0295617844911162 0.026902735505506 0.0245316256790817 0.0223977825363145 0.0204623276543918 0.0186953279269764 0.0170723533738929 0.0155746727622426 0.0141861990411443 0.0128936975601437 0.0116869837051821 0.0105559628670734 0.00950299280938472 0.0085096269734009 0.00760650878541129 0.00673077926986003 0.00588490680220345 0.00507034365324499 0.00428905341295082 0.00354146477022223 0.00285040989311233 0.00216162252569747 0.00151674567775122 0.000953687959191906 0.000509291482034059
40 0.0356517840759151 0.0324739816278636 0.0296461687454685 0.0271059693837019 0.0248056806210021 0.0227086620617238 0.0207851065607663 0.019012179007218 0.0173703328078997 0.0158435153611371 0.0144193675368809 0.0130857064721 0.0118349702565076 0.0106719706447397 0.00964347446680679 0.00863560098237154 0.00765239717197732 0.00669696252728676 0.00577315994562959 0.00488312116765187 0.00408010048124135 0.00320165183976434 0.00234724281365335 0.00156342943180644 0.00090277778227672
41 0.0356517840759151 0.0324739816278634 0.0296461687454685 0.0271059693837017 0.0248056806210021 0.0227086620617237 0.0207851065607662 0.0190121790072179 0.0173703328078997 0.015843515361137 0.0144193675368809 0.0130857064721 0.0118349702565075 0.0106719706447397 0.00964347446680684 0.00863560098237159 0.00765239717197726 0.00669696252728678 0.00577315994562959 0.0048831211676519 0.00408010048124136 0.00320165183976434 0.00234724281365335 0.00156342943180644 0.000902777782276724
42 0.0356517840759151 0.0324739816278636 0.0296461687454683 0.0271059693837019 0.0248056806210021 0.0227086620617238 0.0207851065607663 0.019012179007218 0.0173703328078997 0.0158435153611371 0.014419367536881 0.0130857064721001 0.0118349702565076 0.0106719706447397 0.00964347446680679 0.00863560098237154 0.00765239717197732 0.00669696252728676 0.00577315994562959 0.00488312116765187 0.00408010048124135 0.00320165183976435 0.00234724281365335 0.00156342943180644 0.00090277778227672
43 0.0356517840759151 0.0324739816278634 0.0296461687454685 0.0271059693837017 0.0248056806210021 0.0227086620617238 0.0207851065607662 0.019012179007218 0.0173703328078997 0.015843515361137 0.0144193675368809 0.0130857064721001 0.0118349702565075 0.0106719706447397 0.00964347446680684 0.00863560098237159 0.00765239717197726 0.00669696252728678 0.00577315994562959 0.0048831211676519 0.00408010048124136 0.00320165183976434 0.00234724281365334 0.00156342943180644 0.000902777782276724
44 0.0356517840759151 0.0324739816278636 0.0296461687454685 0.0271059693837019 0.0248056806210021 0.0227086620617237 0.0207851065607663 0.0190121790072179 0.0173703328078997 0.0158435153611371 0.0144193675368809 0.0130857064721 0.0118349702565076 0.0106719706447397 0.00964347446680679 0.00863560098237154 0.00765239717197732 0.00669696252728676 0.00577315994562959 0.00488312116765187 0.00408010048124135 0.00320165183976434 0.00234724281365335 0.00156342943180644 0.00090277778227672
45 0.0407989242022151 0.0373077459013053 0.0342050587572847 0.0314210795427716 0.0289025504715782 0.026608626398784 0.0245061467280043 0.0225697217722135 0.0207776624917132 0.0191121763460769 0.0175595614436771 0.0161063556748228 0.0147231648100401 0.0135143148344318 0.0124285293207544 0.0113492936154571 0.01028220171813 0.00923221956072483 0.00820548217249841 0.00720643954751925 0.00627419358671658 0.0051696448943876 0.00403499902065142 0.00291780722617337 0.00188335683993877
46 0.0407989242022151 0.0373077459013055 0.0342050587572847 0.0314210795427718 0.0289025504715782 0.0266086263987843 0.0245061467280043 0.0225697217722135 0.0207776624917132 0.0191121763460768 0.0175595614436772 0.0161063556748227 0.01472316481004 0.0135143148344318 0.0124285293207544 0.0113492936154571 0.01028220171813 0.00923221956072478 0.00820548217249841 0.00720643954751927 0.00627419358671658 0.0051696448943876 0.00403499902065142 0.00291780722617338 0.00188335683993877
47 0.0407989242022149 0.0373077459013053 0.0342050587572849 0.0314210795427716 0.0289025504715784 0.026608626398784 0.0245061467280043 0.0225697217722135 0.0207776624917132 0.0191121763460769 0.0175595614436771 0.0161063556748228 0.01472316481004 0.0135143148344318 0.0124285293207544 0.0113492936154571 0.01028220171813 0.00923221956072483 0.00820548217249839 0.00720643954751925 0.00627419358671661 0.00516964489438761 0.00403499902065142 0.00291780722617337 0.00188335683993877
48 0.0407989242022151 0.0373077459013055 0.0342050587572847 0.0314210795427718 0.0289025504715782 0.0266086263987843 0.0245061467280044 0.0225697217722135 0.0207776624917132 0.0191121763460769 0.0175595614436772 0.0161063556748227 0.01472316481004 0.0135143148344318 0.0124285293207544 0.0113492936154571 0.01028220171813 0.00923221956072478 0.00820548217249841 0.00720643954751927 0.00627419358671658 0.0051696448943876 0.00403499902065142 0.00291780722617338 0.00188335683993877
49 0.0407989242022151 0.0373077459013053 0.0342050587572847 0.0314210795427716 0.0289025504715782 0.026608626398784 0.0245061467280042 0.0225697217722135 0.0207776624917132 0.0191121763460768 0.0175595614436771 0.0161063556748228 0.01472316481004 0.0135143148344318 0.0124285293207544 0.0113492936154571 0.01028220171813 0.00923221956072483 0.00820548217249841 0.00720643954751925 0.00627419358671658 0.0051696448943876 0.00403499902065142 0.00291780722617337 0.00188335683993877
50 0.051201756291443 0.0469499023525738 0.0431829902159433 0.039812227584812 0.0367701993906776 0.0340054009380722 0.0314762244133471 0.0291508619704293 0.0270022749328453 0.0250083421554668 0.0231520221605107 0.0214167000741724 0.0197049209330805 0.0183235095982631 0.0170696460740334 0.0158111621888218 0.0145551033324055 0.013308131673455 0.0120786309271926 0.0108732578424662 0.00974841970186155 0.00831776051943769 0.00678995729517976 0.0052079138510144 0.00364123233641198
51 0.051201756291443 0.0469499023525738 0.0431829902159433 0.039812227584812 0.0367701993906774 0.0340054009380724 0.0314762244133469 0.0291508619704293 0.0270022749328453 0.0250083421554667 0.0231520221605106 0.0214167000741724 0.0197049209330805 0.0183235095982631 0.0170696460740334 0.0158111621888218 0.0145551033324054 0.013308131673455 0.0120786309271926 0.0108732578424662 0.00974841970186158 0.00831776051943769 0.00678995729517977 0.0052079138510144 0.00364123233641198
52 0.051201756291443 0.0469499023525736 0.0431829902159433 0.039812227584812 0.0367701993906776 0.0340054009380722 0.0314762244133471 0.0291508619704294 0.0270022749328452 0.0250083421554668 0.0231520221605107 0.0214167000741723 0.0197049209330806 0.0183235095982632 0.0170696460740335 0.0158111621888218 0.0145551033324055 0.013308131673455 0.0120786309271925 0.0108732578424662 0.00974841970186155 0.00831776051943769 0.00678995729517976 0.0052079138510144 0.00364123233641197
53 0.051201756291443 0.0469499023525738 0.0431829902159433 0.039812227584812 0.0367701993906774 0.0340054009380724 0.0314762244133469 0.0291508619704292 0.0270022749328453 0.0250083421554667 0.0231520221605106 0.0214167000741724 0.0197049209330805 0.0183235095982631 0.0170696460740334 0.0158111621888218 0.0145551033324055 0.013308131673455 0.0120786309271926 0.0108732578424662 0.00974841970186155 0.00831776051943769 0.00678995729517977 0.00520791385101441 0.00364123233641198
54 0.051201756291443 0.0469499023525738 0.0431829902159433 0.039812227584812 0.0367701993906776 0.0340054009380722 0.0314762244133471 0.0291508619704294 0.0270022749328453 0.0250083421554668 0.0231520221605107 0.0214167000741724 0.0197049209330805 0.0183235095982631 0.0170696460740334 0.0158111621888218 0.0145551033324054 0.013308131673455 0.0120786309271926 0.0108732578424662 0.00974841970186155 0.00831776051943769 0.00678995729517976 0.0052079138510144 0.00364123233641198
55 0.0611970590932012 0.0564614512651695 0.0522746976651337 0.0485350126110212 0.0451653915141771 0.0421071601072218 0.0393130760765529 0.0367470659120969 0.0343785636445513 0.0321826079192474 0.0301399673345688 0.028231983457056 0.0263588943590688 0.0248836897702758 0.0235308517396028 0.0221598989528515 0.0207786792577989 0.0193950065410032 0.0180189951699583 0.0166592000407269 0.0153134495287299 0.0135510424971514 0.0115911831916511 0.00945242444524725 0.00718117581999788
56 0.0611970590932016 0.0564614512651695 0.0522746976651339 0.0485350126110212 0.0451653915141771 0.042107160107222 0.0393130760765531 0.0367470659120971 0.034378563644551 0.0321826079192474 0.0301399673345688 0.028231983457056 0.0263588943590688 0.0248836897702758 0.0235308517396027 0.0221598989528515 0.0207786792577989 0.0193950065410032 0.0180189951699583 0.0166592000407269 0.0153134495287299 0.0135510424971514 0.0115911831916511 0.00945242444524724 0.00718117581999788
57 0.0611970590932012 0.0564614512651691 0.0522746976651337 0.048535012611021 0.0451653915141768 0.0421071601072218 0.0393130760765529 0.0367470659120969 0.0343785636445513 0.0321826079192475 0.0301399673345688 0.028231983457056 0.0263588943590688 0.0248836897702757 0.0235308517396028 0.0221598989528516 0.0207786792577989 0.0193950065410032 0.0180189951699583 0.0166592000407269 0.0153134495287299 0.0135510424971514 0.0115911831916511 0.00945242444524725 0.00718117581999786
58 0.0611970590932016 0.0564614512651695 0.0522746976651339 0.0485350126110212 0.0451653915141771 0.042107160107222 0.0393130760765531 0.0367470659120971 0.034378563644551 0.0321826079192474 0.0301399673345688 0.028231983457056 0.0263588943590688 0.0248836897702758 0.0235308517396028 0.0221598989528515 0.020778679257799 0.0193950065410032 0.0180189951699583 0.0166592000407269 0.0153134495287299 0.0135510424971514 0.0115911831916511 0.00945242444524725 0.00718117581999788
59 0.0611970590932012 0.0564614512651695 0.0522746976651337 0.0485350126110212 0.0451653915141771 0.0421071601072218 0.0393130760765529 0.0367470659120969 0.0343785636445513 0.0321826079192474 0.0301399673345688 0.028231983457056 0.0263588943590688 0.0248836897702758 0.0235308517396027 0.0221598989528515 0.0207786792577988 0.0193950065410032 0.0180189951699583 0.0166592000407269 0.0153134495287299 0.0135510424971514 0.0115911831916511 0.00945242444524724 0.00718117581999788
60 0.0830903988526042 0.0767959268785971 0.0712681340305716 0.0663589100023352 0.0619575478171468 0.0579804566342014 0.0543610528332688 0.0510487102951735 0.0480009642919457 0.0451833413914272 0.0425692900071597 0.0401334225866902 0.0377753761188095 0.0359273040093753 0.034225985238967 0.0324956153344589 0.0307460571673847 0.0289873199466902 0.0272325365172919 0.0254930511008418 0.0237480283510253 0.0213973574656673 0.0187328915054042 0.0157514383216357 0.0124764528493329
61 0.0830903988526046 0.0767959268785967 0.0712681340305716 0.0663589100023352 0.0619575478171468 0.0579804566342016 0.0543610528332688 0.0510487102951737 0.0480009642919457 0.0451833413914274 0.0425692900071598 0.0401334225866902 0.0377753761188095 0.0359273040093753 0.0342259852389669 0.032495615334459 0.0307460571673847 0.0289873199466902 0.0272325365172919 0.0254930511008418 0.0237480283510253 0.0213973574656674 0.0187328915054043 0.0157514383216358 0.0124764528493329
62 0.0830903988526042 0.0767959268785971 0.0712681340305711 0.0663589100023348 0.0619575478171466 0.0579804566342014 0.054361052833269 0.0510487102951735 0.0480009642919457 0.0451833413914272 0.0425692900071598 0.0401334225866901 0.0377753761188095 0.0359273040093754 0.034225985238967 0.0324956153344589 0.0307460571673847 0.0289873199466902 0.027232536517292 0.0254930511008418 0.0237480283510253 0.0213973574656672 0.0187328915054042 0.0157514383216357 0.0124764528493329
63 0.0830903988526046 0.0767959268785971 0.0712681340305716 0.0663589100023352 0.0619575478171468 0.0579804566342016 0.0543610528332688 0.0510487102951737 0.0480009642919457 0.0451833413914274 0.0425692900071598 0.0401334225866903 0.0377753761188095 0.0359273040093753 0.0342259852389669 0.032495615334459 0.0307460571673847 0.0289873199466903 0.027232536517292 0.0254930511008418 0.0237480283510253 0.0213973574656674 0.0187328915054042 0.0157514383216358 0.0124764528493328
64 0.0830903988526042 0.0767959268785967 0.0712681340305716 0.0663589100023352 0.0619575478171468 0.0579804566342014 0.0543610528332688 0.0510487102951735 0.0480009642919457 0.0451833413914272 0.0425692900071598 0.0401334225866901 0.0377753761188095 0.0359273040093753 0.034225985238967 0.0324956153344589 0.0307460571673847 0.0289873199466902 0.0272325365172919 0.0254930511008418 0.0237480283510253 0.0213973574656673 0.0187328915054042 0.0157514383216357 0.0124764528493329
65 0.109609552194104 0.101663818372811 0.0947380119419121 0.0886260167193373 0.0831759738985506 0.0782744678422342 0.0738322451391778 0.0697818179837677 0.0660671906864939 0.0626432071048454 0.0594751307628742 0.0565302272662312 0.0536988444383153 0.0515110159520258 0.0494882158040403 0.047422420238797 0.045325189020003 0.0432084958917531 0.041088336650908 0.0389788227633999 0.0368161607242887 0.0338351634056726 0.0303849863887593 0.0264177841252521 0.021897666389285
66 0.109609552194104 0.10166381837281 0.0947380119419121 0.0886260167193373 0.0831759738985506 0.0782744678422342 0.073832245139178 0.0697818179837679 0.0660671906864937 0.0626432071048456 0.0594751307628742 0.056530227266231 0.0536988444383155 0.0515110159520258 0.0494882158040403 0.047422420238797 0.0453251890200031 0.0432084958917531 0.041088336650908 0.0389788227633999 0.0368161607242887 0.0338351634056727 0.0303849863887593 0.0264177841252521 0.021897666389285
67 0.109609552194104 0.101663818372811 0.0947380119419121 0.0886260167193373 0.0831759738985506 0.078274467842234 0.0738322451391778 0.0697818179837677 0.0660671906864939 0.0626432071048454 0.0594751307628742 0.0565302272662312 0.0536988444383153 0.0515110159520257 0.0494882158040403 0.047422420238797 0.045325189020003 0.0432084958917532 0.041088336650908 0.0389788227633997 0.0368161607242887 0.0338351634056726 0.0303849863887594 0.0264177841252521 0.021897666389285
68 0.109609552194104 0.101663818372811 0.0947380119419121 0.0886260167193373 0.0831759738985506 0.0782744678422344 0.0738322451391778 0.0697818179837679 0.0660671906864939 0.0626432071048456 0.0594751307628742 0.056530227266231 0.0536988444383155 0.0515110159520259 0.0494882158040403 0.0474224202387971 0.0453251890200031 0.0432084958917531 0.041088336650908 0.0389788227633999 0.0368161607242888 0.0338351634056726 0.0303849863887593 0.0264177841252521 0.021897666389285
69 0.109609552194104 0.10166381837281 0.0947380119419121 0.0886260167193373 0.0831759738985506 0.078274467842234 0.0738322451391778 0.0697818179837677 0.0660671906864937 0.0626432071048454 0.0594751307628742 0.0565302272662312 0.0536988444383153 0.0515110159520257 0.0494882158040403 0.047422420238797 0.045325189020003 0.0432084958917531 0.041088336650908 0.0389788227633999 0.0368161607242887 0.0338351634056727 0.0303849863887593 0.0264177841252521 0.021897666389285
70 0.150598785992245 0.139986339284955 0.130853845033701 0.12287912192806 0.115830971922375 0.109540143312872 0.103876152163317 0.0987413842036394 0.0940562511511708 0.0897572865599423 0.0857958392455011 0.0821270292809009 0.0786800713873308 0.0759999835362823 0.0735161857395597 0.070973832846243 0.0683869205507588 0.0657701150008603 0.0631432369676866 0.0605239710114775 0.0578154214647512 0.0539455589395924 0.0494311980551026 0.0441339884488199 0.0379301815352939
71 0.150598785992245 0.139986339284955 0.130853845033701 0.12287912192806 0.115830971922374 0.109540143312872 0.103876152163317 0.0987413842036392 0.094056251151171 0.0897572865599423 0.0857958392455013 0.0821270292809009 0.0786800713873308 0.0759999835362823 0.0735161857395597 0.0709738328462431 0.0683869205507588 0.0657701150008604 0.0631432369676866 0.0605239710114775 0.0578154214647513 0.0539455589395924 0.0494311980551026 0.0441339884488198 0.0379301815352939
72 0.150598785992245 0.139986339284955 0.130853845033701 0.12287912192806 0.115830971922375 0.109540143312873 0.103876152163317 0.0987413842036392 0.094056251151171 0.0897572865599425 0.0857958392455009 0.0821270292809007 0.0786800713873305 0.0759999835362821 0.0735161857395595 0.0709738328462431 0.0683869205507586 0.0657701150008604 0.0631432369676866 0.0605239710114773 0.0578154214647512 0.0539455589395923 0.0494311980551025 0.0441339884488198 0.037930181535294
73 0.150598785992245 0.139986339284955 0.130853845033701 0.12287912192806 0.115830971922374 0.109540143312872 0.103876152163317 0.0987413842036392 0.0940562511511708 0.0897572865599425 0.0857958392455013 0.0821270292809009 0.0786800713873308 0.0759999835362823 0.0735161857395597 0.0709738328462431 0.0683869205507588 0.0657701150008603 0.0631432369676867 0.0605239710114775 0.0578154214647513 0.0539455589395924 0.0494311980551027 0.0441339884488199 0.0379301815352939
74 0.150598785992245 0.139986339284955 0.130853845033701 0.12287912192806 0.115830971922375 0.109540143312872 0.103876152163317 0.0987413842036392 0.0940562511511708 0.0897572865599421 0.0857958392455011 0.0821270292809009 0.0786800713873308 0.0759999835362823 0.0735161857395597 0.0709738328462431 0.0683869205507588 0.0657701150008603 0.0631432369676865 0.0605239710114775 0.0578154214647512 0.0539455589395924 0.0494311980551025 0.0441339884488198 0.0379301815352939
75 0.218567246410407 0.202542900194454 0.189132636429235 0.177676862501789 0.16773070988039 0.158983236070444 0.151204821833006 0.144228008801272 0.137920770887701 0.132180186900876 0.126928168975243 0.122095201179895 0.117562359240836 0.114118079125518 0.110926172091043 0.107659027417298 0.104334544316066 0.100971495498173 0.0975952985499879 0.0942286527820531 0.0907469978979032 0.0856705341992075 0.0796925757889312 0.0725869757055478 0.064113911759816
76 0.218567246410406 0.202542900194454 0.189132636429235 0.177676862501789 0.16773070988039 0.158983236070444 0.151204821833007 0.144228008801272 0.137920770887701 0.132180186900876 0.126928168975243 0.122095201179895 0.117562359240836 0.114118079125518 0.110926172091043 0.107659027417298 0.104334544316066 0.100971495498173 0.0975952985499879 0.0942286527820531 0.0907469978979032 0.0856705341992076 0.0796925757889312 0.0725869757055478 0.0641139117598161
77 0.218567246410407 0.202542900194454 0.189132636429234 0.177676862501789 0.16773070988039 0.158983236070444 0.151204821833006 0.144228008801271 0.137920770887701 0.132180186900876 0.126928168975243 0.122095201179895 0.117562359240836 0.114118079125518 0.110926172091043 0.107659027417298 0.104334544316066 0.100971495498173 0.0975952985499881 0.0942286527820531 0.0907469978979032 0.0856705341992075 0.0796925757889312 0.0725869757055478 0.064113911759816
78 0.218567246410407 0.202542900194454 0.189132636429235 0.177676862501789 0.16773070988039 0.158983236070444 0.151204821833007 0.144228008801272 0.137920770887701 0.132180186900876 0.126928168975243 0.122095201179896 0.117562359240836 0.114118079125518 0.110926172091043 0.107659027417298 0.104334544316066 0.100971495498173 0.0975952985499879 0.0942286527820531 0.0907469978979034 0.0856705341992075 0.0796925757889312 0.0725869757055478 0.0641139117598161
79 0.218567246410406 0.202542900194454 0.189132636429235 0.177676862501789 0.16773070988039 0.158983236070444 0.151204821833006 0.144228008801272 0.137920770887701 0.132180186900876 0.126928168975243 0.122095201179895 0.117562359240836 0.114118079125518 0.110926172091043 0.107659027417298 0.104334544316066 0.100971495498173 0.0975952985499879 0.0942286527820531 0.0907469978979032 0.0856705341992075 0.0796925757889312 0.0725869757055478 0.064113911759816
80 0.276356834697755 0.262229838368794 0.24974367982739 0.23859499317046 0.228553747590921 0.219444376280666 0.211125375990182 0.203488580893672 0.196442321921503 0.189911715880905 0.183839021964574 0.178168294142312 0.172777853170718 0.168635436303432 0.164760709740035 0.160758941570468 0.156649843447708 0.152454969760555 0.148205091432683 0.143928645975695 0.139465471138735 0.13288352664193 0.125018806920488 0.115508166444537 0.103931243327546
81 0.276356834697755 0.262229838368793 0.24974367982739 0.238594993170459 0.228553747590921 0.219444376280665 0.211125375990182 0.203488580893672 0.196442321921503 0.189911715880905 0.183839021964574 0.178168294142312 0.172777853170717 0.168635436303432 0.164760709740035 0.160758941570468 0.156649843447708 0.152454969760555 0.148205091432683 0.143928645975695 0.139465471138735 0.13288352664193 0.125018806920488 0.115508166444537 0.103931243327547
82 0.276356834697755 0.262229838368794 0.24974367982739 0.23859499317046 0.228553747590921 0.219444376280665 0.211125375990182 0.203488580893672 0.196442321921503 0.189911715880905 0.183839021964574 0.178168294142313 0.172777853170718 0.168635436303433 0.164760709740035 0.160758941570468 0.156649843447709 0.152454969760555 0.148205091432683 0.143928645975695 0.139465471138735 0.13288352664193 0.125018806920487 0.115508166444537 0.103931243327546
83 0.276356834697755 0.262229838368793 0.24974367982739 0.238594993170459 0.228553747590921 0.219444376280666 0.211125375990182 0.203488580893672 0.196442321921503 0.189911715880905 0.183839021964574 0.178168294142312 0.172777853170717 0.168635436303432 0.164760709740035 0.160758941570468 0.156649843447709 0.152454969760555 0.148205091432684 0.143928645975695 0.139465471138735 0.13288352664193 0.125018806920488 0.115508166444537 0.103931243327547
84 0.276356834697755 0.262229838368794 0.24974367982739 0.23859499317046 0.228553747590921 0.219444376280665 0.211125375990182 0.203488580893672 0.196442321921503 0.189911715880905 0.183839021964574 0.178168294142312 0.172777853170718 0.168635436303432 0.164760709740035 0.160758941570468 0.156649843447708 0.152454969760555 0.148205091432683 0.143928645975695 0.139465471138735 0.13288352664193 0.125018806920487 0.115508166444537 0.103931243327546
85 0.377357558941819 0.361440130412262 0.347185060436851 0.334305593931587 0.322580603761771 0.311839262409048 0.301941385912394 0.29277945958851 0.284260589061638 0.276308147401354 0.268863331449264 0.261867141883521 0.255176611872598 0.250008152844706 0.245152211517346 0.240115005192531 0.234919092821829 0.22958972150489 0.224164354467841 0.218678144692504 0.212923115166249 0.204380403469623 0.19408348474531 0.181496854303872 0.165965970802543
86 0.377357558941819 0.361440130412262 0.347185060436851 0.334305593931587 0.322580603761772 0.311839262409049 0.301941385912394 0.29277945958851 0.284260589061638 0.276308147401354 0.268863331449264 0.261867141883521 0.255176611872598 0.250008152844705 0.245152211517346 0.24011500519253 0.234919092821829 0.22958972150489 0.224164354467842 0.218678144692503 0.212923115166249 0.204380403469623 0.19408348474531 0.181496854303872 0.165965970802543
87 0.377357558941818 0.361440130412262 0.347185060436851 0.334305593931587 0.32258060376177 0.311839262409047 0.301941385912394 0.29277945958851 0.284260589061638 0.276308147401354 0.268863331449264 0.26186714188352 0.255176611872598 0.250008152844706 0.245152211517345 0.240115005192531 0.234919092821829 0.22958972150489 0.224164354467841 0.218678144692504 0.212923115166249 0.204380403469623 0.19408348474531 0.181496854303871 0.165965970802543
88 0.37735755894182 0.361440130412262 0.347185060436851 0.334305593931587 0.322580603761772 0.311839262409049 0.301941385912394 0.29277945958851 0.284260589061638 0.276308147401354 0.268863331449264 0.261867141883521 0.255176611872598 0.250008152844705 0.245152211517346 0.24011500519253 0.234919092821829 0.22958972150489 0.224164354467841 0.218678144692504 0.212923115166249 0.204380403469623 0.19408348474531 0.181496854303872 0.165965970802543
89 0.377357558941818 0.361440130412261 0.347185060436851 0.334305593931587 0.322580603761771 0.311839262409048 0.301941385912394 0.29277945958851 0.284260589061638 0.276308147401354 0.268863331449264 0.26186714188352 0.255176611872598 0.250008152844706 0.245152211517345 0.240115005192531 0.234919092821829 0.22958972150489 0.224164354467842 0.218678144692503 0.212923115166249 0.204380403469623 0.19408348474531 0.181496854303871 0.165965970802543
90 0.500412519143565 0.483941462157656 0.468972225339404 0.4552675941875 0.442640989716549 0.430946370993647 0.42006112901802 0.409891171621809 0.400353089288024 0.39137729794519 0.382910976924379 0.374898418765508 0.367184370550968 0.361190474051488 0.355531207336068 0.349632049500991 0.34351627241598 0.337210737673901 0.330757388573238 0.324196270643552 0.31727509014155 0.306927767232951 0.294337160643625 0.278767371121152 0.259275886852461
91 0.500412519143565 0.483941462157655 0.468972225339405 0.455267594187501 0.442640989716549 0.430946370993647 0.42006112901802 0.409891171621809 0.400353089288024 0.39137729794519 0.382910976924379 0.374898418765508 0.367184370550968 0.361190474051488 0.355531207336068 0.349632049500991 0.343516272415981 0.337210737673901 0.330757388573237 0.324196270643552 0.31727509014155 0.306927767232951 0.294337160643625 0.278767371121152 0.259275886852462
92 0.500412519143564 0.483941462157656 0.468972225339403 0.455267594187499 0.442640989716548 0.430946370993647 0.420061129018021 0.409891171621809 0.400353089288024 0.39137729794519 0.382910976924379 0.374898418765508 0.367184370550967 0.361190474051488 0.355531207336068 0.349632049500992 0.34351627241598 0.337210737673901 0.330757388573237 0.324196270643551 0.31727509014155 0.306927767232951 0.294337160643625 0.278767371121152 0.259275886852461
93 0.500412519143565 0.483941462157655 0.468972225339405 0.455267594187501 0.442640989716548 0.430946370993647 0.420061129018021 0.409891171621809 0.400353089288024 0.39137729794519 0.382910976924379 0.374898418765509 0.367184370550968 0.361190474051488 0.355531207336068 0.349632049500991 0.343516272415981 0.337210737673901 0.330757388573238 0.324196270643552 0.31727509014155 0.30692776723295 0.294337160643625 0.278767371121152 0.259275886852462
94 0.500412519143565 0.483941462157656 0.468972225339404 0.4552675941875 0.442640989716549 0.430946370993646 0.42006112901802 0.409891171621809 0.400353089288024 0.39137729794519 0.382910976924379 0.374898418765508 0.367184370550968 0.361190474051488 0.355531207336068 0.349632049500991 0.34351627241598 0.337210737673901 0.330757388573237 0.324196270643552 0.317275090141549 0.306927767232951 0.294337160643625 0.278767371121152 0.259275886852461
95 0.596364241681793 0.582186535558486 0.569262120589107 0.557402837133853 0.546458948597874 0.536312193950704 0.526862114377096 0.518031233973629 0.509750097128157 0.50196035404215 0.494617555761537 0.487674283115147 0.480996693118151 0.475813824528281 0.470925560348403 0.465836172512224 0.460567178745159 0.455143265761793 0.449602094983534 0.443979597046562 0.438061882259296 0.429242820269989 0.418562318953839 0.405441560624004 0.389171510224256
96 0.596364241681793 0.582186535558487 0.569262120589107 0.557402837133853 0.546458948597874 0.536312193950705 0.526862114377096 0.518031233973628 0.509750097128156 0.501960354042149 0.494617555761537 0.487674283115147 0.480996693118151 0.475813824528281 0.470925560348403 0.465836172512224 0.460567178745159 0.455143265761794 0.449602094983535 0.443979597046562 0.438061882259296 0.42924282026999 0.418562318953839 0.405441560624004 0.389171510224256
97 0.596364241681793 0.582186535558486 0.569262120589107 0.557402837133852 0.546458948597874 0.536312193950704 0.526862114377096 0.518031233973629 0.509750097128156 0.501960354042149 0.494617555761536 0.487674283115147 0.480996693118151 0.47581382452828 0.470925560348403 0.465836172512224 0.460567178745159 0.455143265761794 0.449602094983534 0.443979597046562 0.438061882259295 0.42924282026999 0.418562318953839 0.405441560624004 0.389171510224256
98 0.596364241681793 0.582186535558486 0.569262120589107 0.557402837133853 0.546458948597874 0.536312193950704 0.526862114377096 0.518031233973628 0.509750097128157 0.50196035404215 0.494617555761537 0.487674283115147 0.480996693118151 0.475813824528281 0.470925560348403 0.465836172512223 0.460567178745159 0.455143265761793 0.449602094983535 0.443979597046563 0.438061882259296 0.429242820269989 0.418562318953839 0.405441560624004 0.389171510224256
99 0.596364241681792 0.582186535558487 0.569262120589107 0.557402837133853 0.546458948597874 0.536312193950705 0.526862114377096 0.518031233973629 0.509750097128157 0.50196035404215 0.494617555761536 0.487674283115147 0.480996693118151 0.47581382452828 0.470925560348402 0.465836172512224 0.460567178745159 0.455143265761794 0.449602094983534 0.443979597046562 0.438061882259296 0.429242820269989 0.418562318953839 0.405441560624004 0.389171510224257
100 0.596364241681793 0.582186535558486 0.569262120589108 0.557402837133853 0.546458948597874 0.536312193950704 0.526862114377096 0.518031233973628 0.509750097128156 0.501960354042149 0.494617555761537 0.487674283115147 0.480996693118151 0.47581382452828 0.470925560348403 0.465836172512223 0.460567178745159 0.455143265761794 0.449602094983535 0.443979597046563 0.438061882259296 0.42924282026999 0.418562318953839 0.405441560624004 0.389171510224256
101 0.596364241681793 0.582186535558487 0.569262120589106 0.557402837133853 0.546458948597874 0.536312193950704 0.526862114377096 0.518031233973629 0.509750097128156 0.50196035404215 0.494617555761537 0.487674283115147 0.480996693118152 0.475813824528281 0.470925560348403 0.465836172512224 0.460567178745158 0.455143265761793 0.449602094983535 0.443979597046562 0.438061882259296 0.429242820269989 0.41856231895384 0.405441560624004 0.389171510224256
102 0.596364241681792 0.582186535558487 0.569262120589107 0.557402837133853 0.546458948597875 0.536312193950705 0.526862114377096 0.518031233973629 0.509750097128157 0.50196035404215 0.494617555761536 0.487674283115147 0.480996693118151 0.475813824528281 0.470925560348402 0.465836172512224 0.460567178745159 0.455143265761795 0.449602094983535 0.443979597046562 0.438061882259296 0.429242820269989 0.418562318953839 0.405441560624004 0.389171510224257
103 0.596364241681792 0.582186535558487 0.569262120589107 0.557402837133853 0.546458948597874 0.536312193950705 0.526862114377096 0.518031233973628 0.509750097128157 0.501960354042149 0.494617555761536 0.487674283115147 0.480996693118151 0.47581382452828 0.470925560348402 0.465836172512223 0.460567178745159 0.455143265761793 0.449602094983534 0.443979597046563 0.438061882259296 0.429242820269989 0.418562318953839 0.405441560624004 0.389171510224256
104 0.596364241681793 0.582186535558486 0.569262120589106 0.557402837133853 0.546458948597874 0.536312193950705 0.526862114377096 0.518031233973628 0.509750097128156 0.501960354042149 0.494617555761537 0.487674283115147 0.480996693118152 0.47581382452828 0.470925560348403 0.465836172512223 0.460567178745159 0.455143265761794 0.449602094983535 0.443979597046563 0.438061882259296 0.429242820269989 0.418562318953839 0.405441560624004 0.389171510224257
105 0.596364241681793 0.582186535558486 0.569262120589109 0.557402837133853 0.546458948597874 0.536312193950703 0.526862114377096 0.518031233973629 0.509750097128156 0.50196035404215 0.494617555761537 0.487674283115147 0.480996693118151 0.475813824528281 0.470925560348403 0.465836172512224 0.460567178745159 0.455143265761794 0.449602094983534 0.443979597046562 0.438061882259296 0.42924282026999 0.418562318953839 0.405441560624005 0.389171510224256
106 0.596364241681792 0.582186535558487 0.569262120589106 0.557402837133853 0.546458948597874 0.536312193950703 0.526862114377097 0.518031233973629 0.509750097128156 0.501960354042149 0.494617555761537 0.487674283115147 0.480996693118151 0.47581382452828 0.470925560348403 0.465836172512224 0.460567178745159 0.455143265761793 0.449602094983535 0.443979597046562 0.438061882259295 0.429242820269989 0.418562318953838 0.405441560624005 0.389171510224256
107 0.596364241681792 0.582186535558487 0.569262120589107 0.557402837133852 0.546458948597874 0.536312193950707 0.526862114377096 0.518031233973629 0.509750097128156 0.50196035404215 0.494617555761535 0.487674283115147 0.480996693118151 0.475813824528281 0.470925560348401 0.465836172512223 0.460567178745159 0.455143265761795 0.449602094983535 0.443979597046563 0.438061882259297 0.429242820269989 0.418562318953839 0.405441560624004 0.389171510224257
108 0.596364241681793 0.582186535558487 0.569262120589107 0.557402837133855 0.546458948597874 0.536312193950703 0.526862114377096 0.518031233973627 0.509750097128158 0.50196035404215 0.494617555761537 0.487674283115147 0.480996693118151 0.47581382452828 0.470925560348403 0.465836172512224 0.460567178745159 0.455143265761793 0.449602094983535 0.443979597046562 0.438061882259295 0.42924282026999 0.418562318953839 0.405441560624004 0.389171510224256
109 0.596364241681793 0.582186535558487 0.569262120589106 0.557402837133852 0.546458948597874 0.536312193950705 0.526862114377097 0.518031233973629 0.509750097128158 0.50196035404215 0.494617555761537 0.487674283115147 0.480996693118151 0.475813824528281 0.470925560348403 0.465836172512223 0.460567178745159 0.455143265761793 0.449602094983534 0.443979597046563 0.438061882259297 0.429242820269989 0.418562318953839 0.405441560624004 0.389171510224256
110 0.596364241681792 0.582186535558486 0.569262120589109 0.557402837133855 0.546458948597874 0.536312193950705 0.526862114377094 0.518031233973629 0.509750097128156 0.501960354042149 0.494617555761537 0.487674283115147 0.480996693118151 0.475813824528279 0.470925560348403 0.465836172512224 0.460567178745159 0.455143265761795 0.449602094983535 0.443979597046562 0.438061882259295 0.429242820269989 0.418562318953839 0.405441560624004 0.389171510224257
111 0.596364241681792 0.582186535558486 0.569262120589106 0.557402837133852 0.546458948597874 0.536312193950703 0.526862114377097 0.518031233973629 0.509750097128156 0.50196035404215 0.494617555761537 0.487674283115147 0.480996693118151 0.475813824528281 0.470925560348403 0.465836172512225 0.460567178745159 0.455143265761793 0.449602094983535 0.443979597046562 0.438061882259297 0.429242820269989 0.418562318953839 0.405441560624004 0.389171510224256
112 0.596364241681793 0.582186535558487 0.569262120589107 0.557402837133855 0.546458948597874 0.536312193950705 0.526862114377096 0.518031233973629 0.509750097128156 0.50196035404215 0.494617555761535 0.487674283115147 0.480996693118151 0.475813824528281 0.470925560348401 0.465836172512222 0.460567178745159 0.455143265761795 0.449602094983534 0.443979597046562 0.438061882259295 0.429242820269989 0.418562318953839 0.405441560624006 0.389171510224257
113 0.596364241681793 0.582186535558487 0.569262120589107 0.557402837133852 0.546458948597874 0.536312193950705 0.526862114377096 0.518031233973627 0.509750097128156 0.501960354042149 0.494617555761537 0.487674283115147 0.480996693118153 0.475813824528281 0.470925560348403 0.465836172512225 0.460567178745159 0.455143265761793 0.449602094983535 0.443979597046563 0.438061882259297 0.42924282026999 0.418562318953839 0.405441560624004 0.389171510224256
114 0.596364241681792 0.582186535558487 0.569262120589106 0.557402837133855 0.546458948597874 0.536312193950703 0.526862114377097 0.518031233973629 0.509750097128156 0.50196035404215 0.494617555761537 0.487674283115147 0.480996693118151 0.475813824528281 0.470925560348403 0.465836172512223 0.460567178745159 0.455143265761793 0.449602094983535 0.443979597046563 0.438061882259295 0.429242820269988 0.418562318953839 0.405441560624004 0.389171510224257
115 0.596364241681792 0.582186535558487 0.569262120589109 0.557402837133852 0.546458948597874 0.536312193950703 0.526862114377094 0.518031233973629 0.509750097128156 0.50196035404215 0.494617555761537 0.487674283115147 0.480996693118151 0.475813824528279 0.470925560348403 0.465836172512223 0.460567178745157 0.455143265761795 0.449602094983535 0.443979597046561 0.438061882259297 0.429242820269991 0.418562318953839 0.405441560624004 0.389171510224256
116 0.596364241681795 0.582186535558484 0.569262120589106 0.557402837133855 0.546458948597874 0.536312193950707 0.526862114377097 0.518031233973627 0.509750097128158 0.501960354042149 0.494617555761535 0.487674283115147 0.480996693118151 0.475813824528281 0.470925560348401 0.465836172512225 0.460567178745159 0.455143265761793 0.449602094983533 0.443979597046565 0.438061882259295 0.429242820269989 0.418562318953841 0.405441560624004 0.389171510224256
117 0.596364241681792 0.582186535558487 0.569262120589109 0.557402837133852 0.546458948597874 0.536312193950703 0.526862114377096 0.51803123397363 0.509750097128158 0.50196035404215 0.494617555761537 0.487674283115147 0.480996693118151 0.475813824528279 0.470925560348403 0.465836172512223 0.460567178745159 0.455143265761793 0.449602094983537 0.443979597046561 0.438061882259297 0.429242820269989 0.418562318953839 0.405441560624004 0.389171510224257
118 0.596364241681792 0.582186535558487 0.569262120589106 0.557402837133852 0.546458948597874 0.536312193950703 0.526862114377096 0.518031233973627 0.509750097128156 0.501960354042149 0.494617555761537 0.487674283115149 0.480996693118151 0.475813824528281 0.470925560348403 0.465836172512223 0.460567178745159 0.455143265761795 0.449602094983533 0.443979597046561 0.438061882259295 0.429242820269989 0.418562318953837 0.405441560624006 0.389171510224256
119 0.596364241681792 0.582186535558487 0.569262120589106 0.557402837133855 0.546458948597874 0.536312193950707 0.526862114377096 0.51803123397363 0.509750097128156 0.50196035404215 0.494617555761537 0.487674283115147 0.480996693118151 0.475813824528281 0.470925560348403 0.465836172512225 0.460567178745159 0.455143265761793 0.449602094983535 0.443979597046565 0.438061882259295 0.429242820269989 0.418562318953839 0.405441560624004 0.389171510224256
120 0.596364241681792 0.582186535558487 0.569262120589109 0.557402837133852 0.546458948597874 0.536312193950703 0.526862114377097 0.518031233973627 0.509750097128156 0.50196035404215 0.494617555761535 0.487674283115147 0.480996693118151 0.475813824528281 0.470925560348401 0.465836172512222 0.460567178745159 0.455143265761795 0.449602094983535 0.443979597046561 0.438061882259297 0.429242820269989 0.418562318953839 0.405441560624004 0.389171510224256
121 0.596364241681795 0.582186535558487 0.569262120589106 0.557402837133855 0.546458948597874 0.536312193950707 0.526862114377096 0.518031233973627 0.509750097128156 0.50196035404215 0.494617555761537 0.487674283115147 0.480996693118153 0.475813824528279 0.470925560348403 0.465836172512225 0.460567178745159 0.455143265761793 0.449602094983535 0.443979597046563 0.438061882259295 0.429242820269989 0.418562318953839 0.405441560624004 0.389171510224256
122 0.596364241681792 0.582186535558484 0.569262120589109 0.557402837133852 0.546458948597874 0.536312193950703 0.526862114377096 0.51803123397363 0.509750097128156 0.501960354042149 0.494617555761537 0.487674283115147 0.480996693118151 0.475813824528281 0.470925560348403 0.465836172512225 0.460567178745159 0.455143265761793 0.449602094983535 0.443979597046563 0.438061882259297 0.429242820269991 0.418562318953839 0.405441560624004 0.389171510224256
123 0.596364241681792 0.582186535558487 0.569262120589106 0.557402837133855 0.546458948597874 0.536312193950703 0.526862114377096 0.518031233973627 0.509750097128156 0.50196035404215 0.494617555761537 0.487674283115147 0.480996693118151 0.475813824528281 0.470925560348403 0.465836172512222 0.460567178745159 0.455143265761795 0.449602094983533 0.443979597046561 0.438061882259297 0.429242820269989 0.418562318953839 0.405441560624004 0.389171510224258
124 0.596364241681795 0.582186535558487 0.569262120589106 0.557402837133852 0.546458948597874 0.536312193950707 0.526862114377097 0.518031233973627 0.509750097128159 0.50196035404215 0.494617555761535 0.487674283115147 0.480996693118151 0.475813824528281 0.470925560348401 0.465836172512225 0.460567178745159 0.455143265761793 0.449602094983535 0.443979597046565 0.438061882259295 0.429242820269989 0.418562318953839 0.405441560624004 0.389171510224256
125 0.596364241681792 0.582186535558487 0.569262120589109 0.557402837133855 0.546458948597874 0.536312193950703 0.526862114377097 0.51803123397363 0.509750097128156 0.501960354042149 0.494617555761537 0.487674283115147 0.480996693118151 0.475813824528279 0.470925560348403 0.465836172512225 0.460567178745159 0.455143265761795 0.449602094983535 0.443979597046561 0.438061882259297 0.429242820269989 0.418562318953839 0.405441560624006 0.389171510224256
126 0.596364241681792 0.582186535558487 0.569262120589106 0.557402837133852 0.546458948597874 0.536312193950703 0.526862114377094 0.518031233973627 0.509750097128156 0.50196035404215 0.494617555761537 0.487674283115147 0.480996693118151 0.475813824528281 0.470925560348403 0.465836172512222 0.460567178745159 0.455143265761793 0.449602094983535 0.443979597046561 0.438061882259295 0.429242820269989 0.418562318953839 0.405441560624004 0.389171510224256
127 0.596364241681792 0.582186535558487 0.569262120589109 0.557402837133855 0.546458948597874 0.536312193950707 0.526862114377094 0.51803123397363 0.509750097128156 0.50196035404215 0.494617555761537 0.487674283115147 0.480996693118151 0.475813824528281 0.470925560348403 0.465836172512225 0.460567178745159 0.455143265761793 0.449602094983535 0.443979597046565 0.438061882259295 0.429242820269989 0.418562318953839 0.405441560624004 0.389171510224256
128 0.596364241681792 0.582186535558484 0.569262120589106 0.557402837133852 0.546458948597874 0.536312193950703 0.526862114377097 0.518031233973627 0.509750097128156 0.501960354042149 0.494617555761537 0.487674283115147 0.480996693118151 0.475813824528279 0.470925560348403 0.465836172512225 0.460567178745159 0.455143265761795 0.449602094983535 0.443979597046561 0.438061882259297 0.429242820269989 0.418562318953839 0.405441560624004 0.389171510224256
129 0.596364241681795 0.582186535558487 0.569262120589106 0.557402837133855 0.546458948597874 0.536312193950703 0.526862114377097 0.518031233973627 0.509750097128156 0.50196035404215 0.494617555761535 0.487674283115147 0.480996693118151 0.475813824528281 0.470925560348401 0.465836172512222 0.460567178745159 0.455143265761793 0.449602094983535 0.443979597046561 0.438061882259295 0.429242820269989 0.418562318953839 0.405441560624004 0.389171510224258
130 0.596364241681792 0.582186535558487 0.569262120589109 0.557402837133852 0.546458948597874 0.536312193950707 0.526862114377097 0.51803123397363 0.509750097128156 0.501960354042152 0.494617555761537 0.487674283115147 0.480996693118151 0.475813824528281 0.470925560348403 0.465836172512225 0.460567178745159 0.455143265761795 0.449602094983533 0.443979597046565 0.438061882259297 0.429242820269989 0.418562318953839 0.405441560624006 0.389171510224256
131 0.596364241681792 0.582186535558487 0.569262120589106 0.557402837133855 0.546458948597874 0.536312193950703 0.526862114377094 0.518031233973627 0.509750097128156 0.501960354042149 0.494617555761539 0.487674283115145 0.480996693118151 0.475813824528281 0.470925560348403 0.465836172512222 0.460567178745159 0.455143265761793 0.449602094983535 0.443979597046561 0.438061882259295 0.429242820269991 0.418562318953839 0.405441560624004 0.389171510224256
132 0.596364241681795 0.582186535558484 0.569262120589106 0.557402837133852 0.546458948597874 0.536312193950703 0.526862114377094 0.51803123397363 0.509750097128159 0.501960354042149 0.494617555761535 0.487674283115149 0.480996693118153 0.475813824528279 0.470925560348403 0.465836172512225 0.460567178745159 0.455143265761793 0.449602094983535 0.443979597046561 0.438061882259297 0.429242820269989 0.418562318953839 0.405441560624004 0.389171510224256
133 0.596364241681792 0.582186535558487 0.569262120589109 0.557402837133855 0.546458948597874 0.536312193950707 0.526862114377097 0.518031233973627 0.509750097128156 0.501960354042152 0.494617555761535 0.487674283115145 0.480996693118151 0.475813824528281 0.470925560348401 0.465836172512225 0.460567178745159 0.455143265761795 0.449602094983535 0.443979597046565 0.438061882259295 0.429242820269989 0.418562318953839 0.405441560624004 0.389171510224256
134 0.596364241681792 0.582186535558487 0.569262120589106 0.557402837133852 0.546458948597874 0.536312193950703 0.526862114377097 0.518031233973627 0.509750097128156 0.501960354042149 0.494617555761539 0.487674283115149 0.480996693118149 0.475813824528281 0.470925560348405 0.465836172512222 0.460567178745159 0.455143265761793 0.449602094983535 0.443979597046561 0.438061882259297 0.429242820269989 0.418562318953839 0.405441560624004 0.389171510224258
135 0.596364241681792 0.582186535558487 0.569262120589109 0.557402837133852 0.546458948597874 0.536312193950703 0.526862114377097 0.51803123397363 0.509750097128156 0.501960354042149 0.494617555761535 0.487674283115145 0.480996693118153 0.475813824528281 0.470925560348403 0.465836172512225 0.460567178745157 0.455143265761793 0.449602094983535 0.443979597046561 0.438061882259295 0.429242820269989 0.418562318953839 0.405441560624004 0.389171510224256
136 0.596364241681792 0.582186535558487 0.569262120589106 0.557402837133855 0.546458948597874 0.536312193950703 0.526862114377094 0.518031233973627 0.509750097128156 0.501960354042152 0.494617555761539 0.487674283115149 0.480996693118149 0.475813824528281 0.470925560348403 0.465836172512225 0.460567178745159 0.455143265761795 0.449602094983533 0.443979597046565 0.438061882259297 0.429242820269989 0.418562318953839 0.405441560624006 0.389171510224256
137 0.596364241681795 0.582186535558487 0.569262120589106 0.557402837133852 0.546458948597874 0.536312193950707 0.526862114377094 0.51803123397363 0.509750097128156 0.501960354042149 0.494617555761535 0.487674283115145 0.480996693118153 0.475813824528281 0.470925560348403 0.465836172512222 0.460567178745157 0.455143265761793 0.449602094983535 0.443979597046561 0.438061882259295 0.429242820269989 0.418562318953839 0.405441560624004 0.389171510224256
138 0.596364241681792 0.582186535558484 0.569262120589109 0.557402837133855 0.546458948597874 0.536312193950703 0.526862114377097 0.518031233973627 0.509750097128156 0.501960354042149 0.494617555761535 0.487674283115149 0.480996693118149 0.475813824528281 0.4709255603484 0.465836172512225 0.460567178745161 0.455143265761793 0.449602094983535 0.443979597046565 0.438061882259297 0.429242820269991 0.418562318953839 0.405441560624004 0.389171510224256
139 0.596364241681792 0.582186535558487 0.569262120589106 0.557402837133852 0.546458948597874 0.536312193950703 0.526862114377097 0.51803123397363 0.509750097128159 0.501960354042152 0.494617555761539 0.487674283115145 0.480996693118153 0.475813824528278 0.470925560348403 0.465836172512225 0.460567178745157 0.455143265761793 0.449602094983535 0.443979597046561 0.438061882259295 0.429242820269989 0.418562318953839 0.405441560624004 0.389171510224256
140 0.596364241681795 0.582186535558487 0.569262120589109 0.557402837133855 0.546458948597874 0.536312193950707 0.526862114377097 0.518031233973627 0.509750097128156 0.501960354042149 0.494617555761535 0.487674283115149 0.480996693118149 0.475813824528281 0.470925560348403 0.465836172512222 0.460567178745161 0.455143265761793 0.449602094983533 0.443979597046561 0.438061882259297 0.429242820269989 0.418562318953839 0.405441560624004 0.389171510224258
141 0.596364241681792 0.582186535558487 0.569262120589106 0.557402837133852 0.546458948597874 0.536312193950703 0.526862114377097 0.518031233973627 0.509750097128156 0.501960354042149 0.494617555761535 0.487674283115145 0.480996693118153 0.475813824528281 0.470925560348403 0.465836172512225 0.460567178745157 0.455143265761797 0.449602094983537 0.443979597046565 0.438061882259293 0.429242820269989 0.418562318953839 0.405441560624004 0.389171510224256
142 0.596364241681792 0.582186535558487 0.569262120589109 0.557402837133852 0.546458948597874 0.536312193950703 0.52686211437709 0.51803123397363 0.509750097128156 0.501960354042149 0.494617555761539 0.487674283115149 0.480996693118149 0.475813824528278 0.470925560348403 0.465836172512225 0.460567178745161 0.455143265761793 0.449602094983533 0.443979597046561 0.438061882259297 0.429242820269989 0.418562318953837 0.405441560624006 0.389171510224256
143 0.596364241681792 0.582186535558487 0.569262120589106 0.557402837133855 0.546458948597874 0.536312193950707 0.526862114377097 0.518031233973627 0.509750097128156 0.501960354042152 0.494617555761535 0.487674283115145 0.480996693118153 0.475813824528281 0.470925560348403 0.465836172512222 0.460567178745157 0.455143265761793 0.449602094983537 0.443979597046561 0.438061882259297 0.429242820269991 0.418562318953839 0.405441560624004 0.389171510224256
144 0.596364241681792 0.582186535558484 0.569262120589106 0.557402837133852 0.546458948597874 0.536312193950703 0.526862114377097 0.51803123397363 0.509750097128156 0.501960354042149 0.494617555761539 0.487674283115149 0.480996693118149 0.475813824528281 0.470925560348403 0.465836172512225 0.460567178745161 0.455143265761793 0.449602094983533 0.443979597046565 0.438061882259293 0.429242820269987 0.418562318953839 0.405441560624004 0.389171510224256
145 0.596364241681795 0.582186535558487 0.569262120589109 0.557402837133855 0.546458948597874 0.536312193950707 0.526862114377097 0.518031233973627 0.509750097128156 0.501960354042152 0.494617555761535 0.487674283115145 0.480996693118153 0.475813824528281 0.4709255603484 0.465836172512222 0.460567178745157 0.455143265761793 0.449602094983533 0.443979597046561 0.438061882259297 0.429242820269987 0.418562318953839 0.405441560624004 0.389171510224258
146 0.596364241681792 0.582186535558487 0.569262120589106 0.557402837133852 0.546458948597874 0.536312193950703 0.526862114377097 0.518031233973627 0.509750097128156 0.501960354042149 0.494617555761535 0.487674283115149 0.480996693118149 0.475813824528281 0.470925560348403 0.465836172512225 0.460567178745157 0.455143265761797 0.449602094983537 0.443979597046561 0.438061882259297 0.429242820269991 0.418562318953839 0.405441560624004 0.389171510224256
147 0.596364241681792 0.582186535558487 0.569262120589109 0.557402837133855 0.546458948597874 0.536312193950703 0.52686211437709 0.51803123397363 0.509750097128159 0.501960354042149 0.494617555761539 0.487674283115145 0.480996693118153 0.475813824528281 0.470925560348403 0.465836172512225 0.460567178745161 0.455143265761793 0.449602094983537 0.443979597046565 0.438061882259297 0.429242820269991 0.418562318953839 0.405441560624004 0.389171510224256
148 0.596364241681795 0.582186535558487 0.569262120589106 0.557402837133852 0.546458948597874 0.536312193950707 0.526862114377097 0.518031233973627 0.509750097128156 0.501960354042152 0.494617555761535 0.487674283115149 0.480996693118153 0.475813824528281 0.470925560348403 0.465836172512225 0.460567178745157 0.455143265761793 0.449602094983533 0.443979597046561 0.438061882259293 0.429242820269987 0.418562318953839 0.405441560624002 0.389171510224256
149 0.596364241681792 0.582186535558487 0.569262120589106 0.557402837133855 0.546458948597874 0.536312193950703 0.526862114377097 0.518031233973627 0.509750097128156 0.501960354042149 0.494617555761535 0.487674283115145 0.480996693118149 0.475813824528281 0.470925560348403 0.465836172512222 0.460567178745161 0.455143265761793 0.449602094983533 0.443979597046565 0.438061882259297 0.429242820269991 0.418562318953839 0.405441560624008 0.389171510224256
150 1 1 1 1 1 1 1 1 1 1 1 1 1 1 1 1 1 1 1 1 1 1 1 1 1
