"export-world data (NetLogo 6.0.4)"
"land_05_withInitialEcologicalCommunity.nlogo"
"11/05/2020 15:57:58:423 +0000"

"RANDOM STATE"
"0 0 -1727483681 329 0.11414144612592757 false -699316742 1026477171 -555431972 -1925665747 -1834118611 6246939 1972702261 -946854481 658206126 138105849 -903732651 512591449 -2142363028 -684379931 1986248476 -922423592 -1821270958 -1043740973 434428922 -1388054539 715911409 -823584651 -916894311 356729408 -449339284 977647339 538939610 476865033 1989112724 786420370 -244098692 637223717 1348891587 -919378468 -1124958618 -1068959077 -1894675979 -2027916940 331434372 879201798 -1206152362 901185011 -314502827 -61392762 1729788221 1375230480 1493502690 -732532491 879124176 -1681554248 -1813262881 -937176276 1867664874 1508555677 1669776723 184783761 1293673625 -655952199 -1998076229 -1984525312 1880934366 -483634198 979124197 592859417 355717785 -984313322 -111598972 203164981 -88921211 2081614143 -577348503 365506536 971562891 -1371832177 1433801413 1022851563 1469861516 285945820 -791116819 -1101617054 2006176807 -1283081633 -35664132 -1465706445 -525527545 1136155368 697168119 -1722367393 1113655768 891405044 1688860151 1227896773 1266435301 1418195324 -1279106664 -1706392756 -1040316531 -807623361 -1333515664 132119363 38307053 589403099 1770971133 -296541404 -1890085394 519191363 -502449666 -1365381546 -1153138580 -717850413 1437851993 -2107554138 -807014364 -1762237963 554960281 -1117444902 -909110982 2050605100 154709620 -535713703 -875693446 1847011690 -1025940022 -137353586 -363820237 -476546222 -1535842053 -1130559058 520681764 282942431 46437135 1994192231 114078619 -231223295 543162579 -1666568257 1826318440 1421645965 627929550 -832079338 -587860614 1824529704 885294977 1456127185 258716150 -1353580748 944047384 297244922 -1562630953 1021181230 -1134891572 1840534606 1548560496 417004629 -1261477276 48142281 1880483091 1759020776 -1575935292 -560865713 1781467121 1150802169 -1467995688 2071734939 -1071543724 370518439 -380393760 529831646 1805118472 1082718197 1643117096 -1535228582 -1896760441 -2138623239 1375348390 -158070868 1283648918 -113837842 -1267899694 -691114070 952037469 -18600312 -1870491680 -265202140 -990135590 -270762908 906484888 -1391397943 -1816451663 -1888398485 1749896188 804508346 -1692184746 -1780519056 -1575992605 -1103254434 585416666 -900026068 -1773233705 -695252568 -701085317 -1460762288 1295313674 468334661 427001019 -1183715798 1912350835 145233040 -192002774 -1256972862 -883745957 1132227248 -334281649 594067817 187112519 -225936101 -982075290 1588172543 -1196363804 -2133424789 338262113 1185210365 486349866 -1115533815 -1914411283 -416596462 98844266 -543563567 788937439 1800816001 -1626083626 1697126256 1805687371 1747298516 1460970053 -452719419 -881722463 620518431 -1460190703 -326944771 1924722522 1154032257 44309411 -401782015 1483285842 725089506 -1276956970 294454823 611452894 -1079635001 -1133523015 -1854227624 -512317147 -1518957782 -418492950 -1767249391 1728382143 -1579191758 -1496776456 -502759996 1435108550 -1006115834 1973842093 1442080300 1264769496 -1626981803 1985201894 -1689323214 129500542 773056609 -1342915976 -154839161 1331106217 -311131598 -1959256149 -698877554 1009893988 -497814514 1930813596 1658036132 -631843086 -305425742 -1827846125 1808105333 1910257702 39969780 2127963967 -676343259 509370875 1166735047 -1746744452 -2118547257 -884620981 579277718 -10908287 -1016350083 1480751104 -336586365 555072895 1639060870 2228722 1850856840 866879173 782102947 -1924460303 255554228 -1986554491 -2070269085 -1682853518 929596605 6581035 -685006324 -550736840 637224995 1536656228 -370860146 1545015113 1315814193 -1329753035 -2076276601 -1473156587 -396726804 1907603235 2071490299 -1156688976 1154770276 639506592 -658842406 -50431151 819989611 -963276919 -854166038 -1262978211 -1377441390 -1020391754 -1029143446 -702024312 343382938 336126105 -241154912 -177704309 2128382638 -2048103442 -1511579062 1684185605 1265207099 737211862 -658187483 -1227730914 -362334609 1604298388 -1333799727 -1909778831 -832572823 1141033975 274576046 -1995623016 528438127 -827896449 -1812206893 656331071 179037138 631389328 1164846934 851112690 1089984909 52634489 1371822317 -587022776 2145402805 -650862730 1662511505 -1724433133 -553235524 -1497875770 -1672605278 -666747277 1565257748 1354585860 -730114857 -268990673 -2109049991 1416230432 -1714466803 802426075 1532712361 -931417286 -1502759101 44620887 40092781 -1258836996 -651031407 -28731222 1914400437 658420225 -197815274 -1302168754 -796664858 -1032174028 658659287 -1480375011 1025929345 -64245669 1011258349 -735879754 -1907101397 1871769774 -424067026 -1112887885 570969280 1456596120 2033148430 1484895002 1814610202 -1942793473 -1122133714 1504585482 162367039 177424773 -371449080 1600558572 595592210 -697244404 -1860078264 -157816246 -1015060113 2093612688 1159405236 511803545 -835478437 -2122959813 -1220471070 -259691564 1703653782 -69438155 1504361900 587785278 2104066298 -752910364 550561405 362617761 -649625451 -1284571236 -1908795834 -1231966865 -78252516 39505720 853763012 255374584 1462420100 642213471 639404880 2102968163 1608061793 1969037231 685312499 -215744199 777229039 -437544710 -1123559661 794529419 955723443 274659962 2136798078 -1933445272 -1801634051 -225370627 -340504406 -1719936077 1511233619 -847128714 162857669 1121907582 -570959764 -1792862896 1259781199 124083571 695365580 1402787154 844571317 -143938163 -2130824475 863458527 -1028800351 1844301320 -1213943483 -283483793 -909360027 -1510228415 1153276003 717803237 696128093 -2125311390 -989516391 -168827454 -591801660 -344493729 -249950316 -1805254836 102888716 1249467151 875680517 -1215955854 -933108701 2100909309 -628564796 -320165097 92715668 -1041531283 -630416608 1203276144 -1617354409 -836168371 -425822037 645146747 -418452806 -932996555 -437421445 1944546435 1990756553 573019396 -81212737 -1074983218 -1246353054 414124603 -1968238296 -582725302 1222348627 594926923 -530232230 -1780814112 1066925607 -720499339 371411707 -1384132520 -2017780513 2069230006 -323086190 1001968408 -1914139393 -1196504615 880339365 -440874372 -979668275 326329971 -2142734115 -1678723525 1399740674 63307665 1849281167 -376960066 587990941 -963200670 -1367748254 462460685 111483565 -2140959977 -1791309194 408377748 -1284442082 92193039 1105539660 -2076668351 -1007723146 -176491009 1170209269 1369305895 589710215 -627843807 433810191 69890854 -871045760 416832004 767629320 1467107882 -333784196 -859065866 1491989351 -1990950553 -2105581039 957263755 -1630934806 1384258499 1640201799 -2021397383 -953169580 -1857929173 2145943281 156085901 285426765 1592724750 -33803794 -1094624815 75443577 786458892 -1371164996 -506432338 83512849 -1452063961 896516045 -617171111 -422543055 -516273448 -1763578046 -467407651 1329154688 -1286695665 993028169 1508001635 -285764413 -1786336768 -1622933881 -1680904597 -1056344821 1506567790 26962152 -1721699667 -1956160673 -1742614146 -570359798 -1325452936 56947162 -204294797 -649406029"

"GLOBALS"
"min-pxcor","max-pxcor","min-pycor","max-pycor","perspective","subject","nextIndex","directed-links","ticks","display-mode","ecol_albedotable","ecol_brushfrequencyinflection","ecol_brushfrequencyrate","ecol_grassfrequencyinflection","ecol_grassfrequencyrate","ecol_woodfrequencyinflection","ecol_woodfrequencyrate","elevationdistribution","elev_algorithm-style","elev_featureanglerange","elev_inversioniterations","elev_noise","elev_numdepressions","elev_numprotuberances","elev_numranges","elev_numrifts","elev_rangeaggregation","elev_rangeheight","elev_rangelength","elev_riftaggregation","elev_riftheight","elev_riftlength","elev_smoothingradius","elev_smoothstep","elev_valleyaxisinclination","elev_valleyslope","elev_xslope","elev_yslope","flow_do-fill-sinks","flow_riveraccumulationatstart","landratio","landwithriver","maxdist","maxelevation","maxflowaccumulation","meandeepdrainagecoefficient","meanrunoffcurvenumber","meanwaterholdingcapacity","minelevation","mostcommoncovertype","mostcommontexturetype","par_ecol_brushfrequencyinflection","par_ecol_brushfrequencyrate","par_ecol_grassfrequencyinflection","par_ecol_grassfrequencyrate","par_ecol_woodfrequencyinflection","par_ecol_woodfrequencyrate","par_elev_featureanglerange","par_elev_inversioniterations","par_elev_noise","par_elev_numdepressions","par_elev_numprotuberances","par_elev_numranges","par_elev_numrifts","par_elev_rangeaggregation","par_elev_rangeheight","par_elev_rangelength","par_elev_riftaggregation","par_elev_riftheight","par_elev_riftlength","par_elev_smoothingradius","par_elev_smoothstep","par_elev_valleyaxisinclination","par_elev_valleyslope","par_elev_xslope","par_elev_yslope","par_flow_riveraccumulationatstart","par_sealevel","par_soil_depthnoise","par_soil_formativeerosionrate","par_soil_max%clay","par_soil_max%sand","par_soil_max%silt","par_soil_maxdepth","par_soil_min%clay","par_soil_min%sand","par_soil_min%silt","par_soil_mindepth","par_soil_texturenoise","randomseed","sdelevation","sealevel","show-flows","show-transects","soil_depthnoise","soil_fieldcapacity","soil_formativeerosionrate","soil_hydrologicsoilgroups","soil_intakerate","soil_max%clay","soil_max%sand","soil_max%silt","soil_maxdepth","soil_maxwaterholdingcapacity","soil_min%clay","soil_min%sand","soil_min%silt","soil_mindepth","soil_minwaterholdingcapacity","soil_runoffcurvenumbertable","soil_saturation","soil_texturenoise","soil_texturetypes","soil_texturetypes_display","type-of-experiment","xtransect","ytransect"
"0","49","0","49","0","nobody","2600","""UNDIRECTED""","-1","""elevation (m)""","[[""inland water"" ""woodlands"" ""shrublands"" ""grasslands"" ""croplands"" ""wet bare not sandy soil"" ""dry bare not sandy soil"" ""wet bare sandy soil"" ""dry bare sandy soil""] [6 15 20 20 20 6 35 20 45]]","5.119433662459713","0.05111797405776402","1.625243764355318","0.09883703325103613","5.982906989306748","0.004896020752570373","[68.15949087711529 49.04789458808287 57.52567294642046 48.58116190490121 53.31527110455967 56.18044787512103 68.1104217773459 60.94760183439184 45.90648438363884 76.3223510335055 57.73721887253084 55.23490962234696 65.08152557755912 52.71903227375913 47.16693567022178 66.27479022362358 75.26098231150593 56.562470997151976 70.72096653611419 48.57376702735041 47.19191936298558 66.28781427503526 44.592978654793036 67.41496561850947 55.78424743657965 44.85049084458408 50.075027982598755 82.3922178404288 59.12257512962788 71.78991924404505 45.55081757537549 45.59507156089549 48.31703789187179 73.01747277050445 54.23224514348612 87.78618853556742 83.88429690526297 71.59153488460845 48.91830922168071 47.35493098220317 69.31262297591512 85.27842378478404 55.221311718655826 71.56901145919122 54.444242221383746 85.39323229518867 67.45068985976258 60.625177626656175 46.46606832281342 65.71538527302462 78.79087786353662 78.82905741561248 79.37236991928157 55.60186011077683 49.0363684077126 86.8453637285183 45.98367270628604 59.66633844728163 64.1700279403242 58.938800619890145 45.68560130240144 83.42119052383285 53.494961948848825 75.1734311206855 55.55329559476486 72.34681066330933 79.50925635651585 75.74689280687294 74.262898143998 62.024656189107105 59.41903539644602 48.75058086699539 80.06267100071597 67.24703895022753 61.37191993081901 50.05839484164231 75.2302872603151 86.30611523450824 67.04721708304828 56.76384835158675 91.33834629233482 69.59738557437926 61.1018478488202 42.98610591348289 87.10403967887684 42.20425205836071 42.31923290977024 72.04518963191694 51.09868912493009 96.34524622620052 59.85002880345996 69.77242102094377 50.90428291526284 53.08019536711514 79.90275235658629 44.137125081811284 76.44977892759655 47.16368076584006 51.964959751895506 93.24843441643998 45.941610376528814 56.85229514906918 70.21191391505286 67.21505227010219 70.50276127259215 60.257783529237244 56.48796329169038 64.1956979640817 46.83887903965003 53.49271219346241 51.353613399964004 48.33164500422621 64.93613297670676 63.06755891187453 72.24305447855352 43.22728906885927 50.11567045217339 63.290204338941045 43.45823185825699 57.05599008373822 59.50936437026387 87.8148098318886 82.33712959034017 90.67189280963099 50.63110613372733 50.2476606588289 97.25223746377466 70.79499032271114 92.26724087715309 74.61252900126243 56.868783930262204 75.05856095465816 68.64862454172183 49.1642301513852 58.27908651167893 68.8044764686011 48.374613803772085 42.92811600423813 66.85703523689611 77.67562225233769 91.59951166769261 95.8256413140117 81.67364655782188 85.39838515064073 92.72413085063764 76.71556864298927 54.527305925239276 54.225414210491806 44.64986037959723 63.414416737213216 98.51943383864217 59.36102277372371 52.44575777090692 57.37367940238656 92.61427616646381 48.49801995492948 60.90427147745379 82.45821626261724 53.31717874406851 69.02506174637259 46.223072115693704 70.95164925919057 92.30158905312075 58.69846220611859 53.15415650812993 53.39247121934612 78.20218648294185 63.25070919929772 65.82425328694754 49.982840382519235 59.0932296549546 75.66888676990905 52.96963181820259 43.158611790137584 58.33667786441916 56.50895356285206 55.25698217039727 44.0974080277369 68.24600500836064 62.37930884994603 60.79254266660341 58.6092462628426 53.38587545884488 71.83390224021113 61.40768435136172 60.19493137173108 56.30874526273405 77.93077866604787 68.9418962137099 53.6064753306785 90.82507696536618 58.66154046617327 84.85061786405117 76.29709620167665 77.49611878471526 79.00954489905554 67.48705065931314 82.16252781131246 87.03050128910024 48.17166107401132 50.52053491640797 76.2773558904864 63.489396569752216 43.83137149696102 43.07577614077222 50.75932858014609 80.48934411244903 61.7755842994672 61.599628263963496 53.78797363867626 43.49386497826375 49.009842815964504 45.070162358232594 64.01221943551134 89.87124567814143 61.421762785735396 45.779927750740036 50.36090394921605 43.13948627661514 73.71563325940643 83.01005208462237 70.4165994138018 63.14303893309011 53.78582930641174 73.3203998417383 49.333426063134084 72.34066190865312 48.73631669894859 87.31035031241653 62.06719167019824 60.70846082048709 63.191758074628844 62.693710913952685 64.40811509666389 44.983878469812204 72.01153900497695 69.9765659758304 51.97662876296526 56.04867540714789 60.57983917734381 52.48297827913528 80.28516580321066 42.26129372270624 72.82173312458612 58.460393572091526 58.28444436020803 56.44559586986623 54.83450928899927 68.1728337707622 75.28285261947599 50.21787877625354 52.99718951531548 69.2067796768437 47.59410460807223 96.00039328652076 60.8910953979442 86.71321850420034 80.48779397818191 74.26642987333048 61.61591543897207 47.49051630445247 57.13154259139169 46.574118006300665 77.86056526608832 76.39882354470319 55.54474288084755 94.44500693029404 53.39686306354665 50.852055015186835 73.10953302869288 79.56697971040596 71.54396393294658 85.4698023865719 98.71641174137581 50.36048872876722 78.86082543240559 75.57678185351546 79.60873372740184 57.03650553441856 53.55521757188413 71.50482894441619 56.01758471632661 54.919100698295225 87.3958346472712 67.87017769617611 63.69930570487497 50.75391784396619 53.700546370029215 49.678892215698305 75.49749462367298 45.518511954283866 58.494200551509934 90.06914939710737 63.855746803789984 80.63596546836885 86.22029063309213 45.93129254654028 56.40552597609809 80.30369190862132 70.68472518111831 80.30445029340737 78.34199409450862 59.665222305865555 85.71241486828139 57.58788269240466 63.16039845117278 100.6876592532394 51.204268837197745 43.187389185054926 58.70858831520184 44.79774947568868 76.46526511632403 69.65548234662006 65.12814623075447 78.60419151875925 49.80719766927699 88.5784860734641 49.78177157840324 60.181912629537365 62.70785725381717 82.9627506144358 57.55214803235884 73.55207623298423 59.72594338132373 70.73517349537185 48.60321644243324 72.12895924320452 60.71225518741355 43.066951693538854 58.49717908532072 88.55175132520196 43.24181820139357 71.69723325330455 65.67875690705638 73.62787221946321 60.69203449826091 74.88673058186924 81.62837251192376 93.62494648041913 90.5859260552132 68.17359959195993 49.26361833314711 55.92723566003719 53.80447001793675 70.27825013343138 60.57735570958291 48.713693836506486 77.97735582584329 42.775776140772216 85.26677359339284 68.89880816695106 62.31061776101053 67.84321986586598 44.47976389487151 66.39115729763805 51.841609138361335 49.318500753228726 83.23258882646948 68.56420020912464 54.192204531306054 49.93945104346227 52.07934810492178 56.44478216036532 73.01116027272536 45.97385368425524 44.49281720334729 53.4189305578538 90.00362175994084 82.30833035790293 50.26912556883562 52.80155329880792 68.16119336840228 48.049816582895104 67.80274159433561 42.265797904342044 43.58141492584701 65.36368915616833 78.72644027932294 69.96479118249303 69.99323602771356 72.21596748733006 83.22666567422328 42.52426312580682 46.078517339465904 61.457085487241045 52.336701295778525 44.49957836673126 49.896347304761036 63.15459950340268 59.45147221790617 66.52799083702469 65.33909317265562 76.71790591191865 84.1834795319084 66.40259905606402 64.34813803251316 50.42716418450259 60.68332678333914 56.073248040514976 73.09760021863218 88.59069069310806 66.2770106461251 90.0896852583601 73.68541728290124 63.03938006465886 77.97353492918444 45.2074492909173 50.78894324343221 53.51809067627014 66.14677879578868 78.91591596144141 66.62876758939102 82.00768174593178 42.519232909770245 66.1067233948811 68.2877552712608 51.631615983057074 48.57358006702206 68.19201963863546 71.84671844734298 46.522843853486854 94.19998852027257 43.94123279711184 62.230501055853765 89.85427515349113 49.790691057583935 80.02487674501003 59.988996877568 50.2595434558964 65.24926510847783 53.124777045600226 64.55246971962374 76.96786130565255 85.06743123187664 79.06009189220714 72.24075109652392 74.88279184471727 66.00166051828309 45.24740449885009 65.02214216096728 55.47314383184338 68.70995818330117 86.21015112492249 43.01771210502667 52.402695384174 82.55700919801119 73.56922604732233 49.391283097948055 76.23444878981141 42.773457996085256 54.34021311082841 83.13442457278508 58.644680007186864 45.87521818497082 45.50674991814709 42.746847091950066 79.26284170552209 43.795483562217015 45.422853013410474 70.25568945340733 42.89394086899248 79.4431653932067 89.1162393916461 66.3574468454021 87.2670238049148 77.52291796006412 56.28564976049919 56.11255310143329 94.37771899725783 71.64172490174354 72.36221472544321 43.348601667842026 42.60420801941383 73.07198906132155 71.90771717665972 64.7716877331369 43.26551171272075 46.92120019866641 74.7731239435831 77.53552678420202 93.92881861507476 58.956242896496164 63.72409812977933 75.94201851909426 70.35896171779936 67.86222814184745 65.02261778396682 52.08626324457231 43.49856252263737 74.2475711873322 64.66117220866455 69.08404397399147 71.9841295493944 77.31885415484088 92.1122346499721 43.08116027529965 43.66690274812684 77.1900950535598 75.11271739538643 67.74757550342247 47.57895753008049 79.09688588566758 46.76452280067894 57.6285626773051 63.366560911762434 55.78932465107295 49.302045669519764 65.48544872585043 55.724580853611485 54.52471731456106 80.39691960973227 64.83228763202365 43.23011284532527 59.625844081950916 49.02656566573367 62.68761874940172 58.45448747491713 86.03224598534247 44.02753649012541 42.10425205836071 72.21831890088075 42.675776140772214 58.67015999287553 46.14552627961507 68.31675314732178 51.49571730858689 46.979346441528335 61.87696676907101 88.98855485032541 54.41620846389785 87.30192315680074 51.59561084355671 66.6420858293892 83.79816547102493 82.54801565182538 82.60319165138245 45.631630488172796 87.50735754179345 68.56385890099195 64.12719618384554 62.43387806816598 73.77588075448637 73.1688213556096 69.96790650886214 41.678418727555034 57.515812969713274 62.84087609091942 53.44711334221516 87.36742227298991 54.23853781181443 84.49152429893331 47.211337704388754 64.11389928500344 76.57535408255873 77.22915000546334 55.69154695650521 60.83660705071887 67.11764358102441 43.340998491860155 50.11510881040257 45.58572873435282 83.0988964643308 44.63599970059378 42.24980972619258 49.21571323395046 71.00877415679203 50.1204008105139 81.35752982473123 60.02696271760939 58.16430223573308 69.17603893425436 83.43508119387481 57.07761583132141 67.12381255200887 89.45836630786224 78.51065739982576 94.00173266347335 59.509231458187074 81.19177422951701 42.76182493190409 42.96584753980344 67.90353433001712 57.39214796640205 59.37782265067361 50.45448915176196 63.7578699341233 64.2968915131529 43.381414925847004 58.44539100770672 81.28406465235058 73.43059109335644 57.068835690623146 79.31478720805222 76.1598537121894 59.686337104579735 68.49902870288382 47.74865252067328 57.13720580429497 56.50198476177958 58.913170877676535 61.93195169145365 78.2992057384335 54.30474904911994 58.082555901832734 69.52932903735642 61.03431269580857 59.7814115299216 94.82947579744479 49.04317565712577 79.38445345467522 60.17596392386808 54.730341975892046 79.50126713860547 74.52701109076176 52.222973431538804 49.30628158905213 47.59404134511177 47.1090989160154 63.09036064600625 60.61666634415842 42.3962715304954 88.20633564156202 56.41762731761525 42.80165576576858 65.7582563459269 53.65583969860798 69.5993434248054 72.56243639823768 84.58717315009352 44.84515797832394 88.75272246250636 55.68463301829091 88.8790354104593 51.40170335313709 78.18186994908812 97.28405647292666 44.64499379837856 57.873442403612295 77.1963598976609 80.41377793450812 53.12573776343755 43.76908765298472 48.56238328800367 64.12597095835042 82.76969700704132 42.86584753980344 70.25455041055145 81.68306612197283 77.4416445670937 67.31564846923357 45.40032848184891 78.81479313019935 43.38842187105503 63.556241980846025 49.455950050467 51.51052679487486 51.60446689684788 54.71902058125481 78.4713568737458 51.18178519364879 69.77444170665768 43.73878156573068 74.61784423501258 57.6778205573528 69.19710165439012 70.18587391904519 79.78614920308138 57.05520389948004 76.5803444677684 64.5254930355706 65.52164289722549 50.39063240871203 87.04608364370424 82.19001537943714 42.78738918505492 52.81505831239661 68.97493570126441 57.43947122000858 54.784705712384024 68.58604783574093 84.63019912772634 97.2583799658104 89.94233950885562 57.70252940763804 67.77586942402527 63.084830979222644 42.90144285008378 82.73509448479052 60.80844082278192 51.31895961176789 69.67514980626524 83.53996961319731 55.309150376305894 77.13846265795578 86.35429985142298 49.04591388278001 54.77962517364282 58.03809363032735 86.41677821795317 56.24889915421979 63.277317777310586 61.7842203804863 58.165306850700986 70.63772321616456 53.98796708988451 44.0675684931488 54.46763249982105 61.687885766608375 64.65903765418606 42.84684709195007 70.03299866116956 52.760721587954706 76.51777055532624 93.63639381049576 66.08641069784363 57.83795265016262 51.62887471945548 98.3992747493055 74.6538254696346 75.82680827810128 51.35733637017391 94.32215884845613 61.77176073095397 74.03488571456913 86.50786307110923 81.13547005008618 81.60263593607212 48.78436308869422 42.97577614077222 67.1228801138978 70.67452401280646 45.7225717975879 47.59023677160023 94.3150817032978 41.56730559101845 53.480271363613284 49.369176897675096 50.48480384857393 63.4593617356635 44.310493788696036 74.65763074221823 42.45234708254572 66.96289612530136 42.699221427785474 51.76654501138061 89.30942489339989 84.6650997917711 63.53806460026507 79.21217881974357 59.45712578450622 63.81881338198849 43.17577614077222 88.98441897770738 80.46455451525323 45.16299180562107 47.52863176194929 73.80096332816602 57.31395925671628 67.47491197648665 45.4947615009334 52.758459195655966 61.90641902236055 62.88406757253999 46.84939965924706 47.798892108551854 47.91977096447168 72.83304373310739 57.285330450809454 75.71298289440047 70.8707152703164 78.74626812079416 57.35495523350447 77.47893368565988 60.39282450287124 66.69480690640029 82.88627245113796 76.05581139564777 69.3854249349594 74.20283397927258 84.42745397045447 82.89358759305964 80.33741222215238 64.666145104419 74.498005978897 77.82633265322873 47.152552497759956 54.616160018523395 46.262622820314455 49.7420832690416 42.775776140772216 53.859187019330435 63.47809362531362 54.59129631113443 86.61869453147364 65.29037623806066 69.05297553843334 81.6924885651576 77.05131226424004 60.56446316252925 74.49027040133325 50.83606434798232 46.167279528757994 64.4669142681928 74.71174202624249 64.59661752467456 66.99632965949365 47.241328316889515 59.921840057149595 73.93179705376774 58.24739764770883 49.27644920276016 78.42078022641024 61.14262717816561 59.771068823998746 95.94101394864839 70.41627371072158 82.30086499724447 52.1241859618605 53.063356054709736 65.84431394589473 46.37247478552843 64.02832780416537 53.26870587841472 67.76542429904742 74.07692695025779 95.65737976689144 73.40604650543571 53.48453967196232 58.66969511482982 73.56028549329676 53.32774304363183 79.78131728778514 56.25978999497444 55.65729178462885 86.20269317436444 53.5559676356997 60.76764540544613 59.52971864213694 60.902780384329745 46.79979211560033 43.95080061285693 56.468269875841884 52.57581191844861 78.05209193333698 75.40993450373264 92.51417227995645 53.94033571671592 54.60103263604137 72.33886451562137 78.55882002284105 93.49550792146502 75.45720945480389 55.81810043610448 57.29212649372897 56.85400146986424 77.85909770465602 56.048231185215336 75.81244953619213 41.96579790434204 63.04006195773001 43.403014174801804 74.89627755357822 78.35661347819581 72.37199312300986 48.756039321285606 56.73280803414792 51.902876951898264 43.28738918505493 49.046467758475906 55.72363677958534 52.431025523532384 71.38533451071346 43.70249450679428 62.75495476543746 68.55262609264818 50.93431239938978 66.76465824660573 45.59182464839592 62.693696905835935 46.99692491909417 45.84475852599699 48.60937378380365 46.252136566729675 76.20663661378796 52.66552924185157 64.44668194709703 68.85733407083015 70.76399585349408 67.61886384972925 81.04860969740852 48.01106725805844 77.30998470176016 63.9399327244157 57.53375189324351 46.690110803676745 54.226010117962474 52.038635218869224 53.632478782807915 59.54434891112236 66.38535391128886 56.517041080066065 60.94012287608737 48.145198750449964 49.772143675262626 60.203729712811764 50.32050981228888 42.85726460520952 81.805064990331 70.22088818656832 83.70529431677426 87.59817487213341 53.031033991027954 69.27957530917905 56.0075419594072 66.6799953564474 68.31934261761569 44.0635330242466 82.11248201410314 43.96021590575162 89.09400924754263 58.19192456182415 46.31748377437427 76.83340712420235 70.81825601191409 68.25910775495994 61.412117248785435 66.45343490229249 41.778418727555035 58.80846995353626 61.591365074612256 68.01526441763247 47.79451820683458 43.42308265839572 84.40443869555378 43.66723248678873 61.587589902261556 42.94684709195007 59.16973630683609 51.572422548894934 46.915202911997234 46.268575597887164 50.999577752687195 48.31937159129101 59.80610158758176 52.198722023303304 87.18775811054363 68.45980335192726 44.6203406574951 57.903824931227305 66.72167755129394 56.53115078307222 56.50768858617744 60.52830958354436 69.2774721545905 71.2302510745847 95.88055902386557 80.54246011073445 48.500120064927124 44.129404582556624 82.07459659630028 68.79400479182488 59.368068456347636 77.02886577706616 85.41172232819409 53.693406395243386 46.39817270135367 77.11658720624833 45.1047004045199 71.09468083786342 44.48073615727281 58.947315131736815 56.73072132372245 43.124017858723796 52.7740174995835 61.84154017881908 81.5400513384142 79.34596387099559 63.58445726132743 65.01274438259782 57.733702543384844 53.37361088400068 58.74139903263443 58.65730676500557 84.73462421534836 66.59651826422385 47.289385494338184 55.00661778447162 53.49260026877293 77.09504813254075 97.94910853204152 55.764731086279276 49.41526138812121 44.632293854384685 45.69905340169282 71.88072313764974 53.96947164844496 90.44429494358764 88.63373384116571 67.30961365631354 63.58750129260603 73.03853953560075 58.82448738366158 80.91765699568973 71.32593011463953 47.15421652457393 43.473344170822074 49.79429099774038 50.55572957563557 79.75747596082664 55.19797325216242 78.27476240866648 61.106008606309814 56.803760157907234 50.57392494337968 89.91079203708577 71.85268339141119 45.44575074944414 52.77062623438878 60.52496846226573 61.35749975367031 43.28429181792414 49.603557384992875 77.62309088610144 94.55417091816761 63.107220600037124 72.5738193334434 82.38320270503094 44.35258287383937 59.02989450993476 49.524736877420544 59.0364684818023 56.96078775208763 54.336988107131674 86.27018763121274 68.35928805441958 62.913239741143535 74.26648798123065 62.579009525921485 74.29448099241284 65.4005387135612 60.1972625972782 48.06207249644293 51.0205850627744 57.905313824558384 54.0067720036392 44.901571919811474 62.673316495211836 63.97795010236693 83.03986404718114 58.590188208436395 63.755011797780995 51.72757428490595 61.42699944433886 70.33820224576435 41.88004637901384 62.481504993786714 68.69018929586994 70.25979987119308 64.90546144427128 51.75993022295264 71.47051722819688 69.5833407413823 46.697054742865376 43.96165611784535 50.942078507746125 65.7656548556802 90.76845902218463 77.30223349509328 43.087389185054924 58.636322593921236 80.0417851232385 47.42365161912071 48.85587338883583 50.49291977311561 75.91068331090071 56.91517942803632 84.39011186431208 65.98899175574175 50.74828688892544 67.94805125450408 85.2771727810105 73.30457127178052 43.24441903564604 61.63754920016105 64.54336415325551 66.43596273031714 44.15343533984615 78.45708739926059 77.3266476491671 53.69931870725401 90.86732058951658 69.32116974546004 70.629846640069 51.77882551543342 64.10951931954264 43.45208391533607 50.18898281096909 50.02796027384254 57.31974423501724 68.33322410310828 54.63275372069649 45.91039258800056 48.03164881666488 71.10635760910174 75.61764392574858 64.26021935885245 50.29394377229155 42.16129372270624 69.3719276010563 55.39602954950953 61.40490346263925 43.17577614077222 61.83633098786714 62.69721241979467 64.75151331550579 72.73533529077768 84.35587719566666 61.590306615029164 48.592202817176286 55.58594306470832 62.20739382950907 43.57927822581296 63.850516936652646 81.409123883606 64.35396216783263 57.4778855281688 65.81575038788984 55.7231519972469 49.67625491286629 71.14181383974156 80.76461892220863 43.68723340514919 67.51431296472705 43.19110373571131 52.82170319827815 42.16579790434204 46.960119693442614 53.930314779685574 59.0830662935727 85.40583892596769 48.97150534516547 71.24400459274871 67.66612874293887 83.55042637730374 58.86045262052091 85.01825306808186 42.419232909770244 65.96821831538703 84.11816854495078 61.06749279720749 72.83902932369111 69.61610836148446 54.080220349155 72.04670564815231 50.913383388457426 59.97575820398434 48.07241778721673 61.76782157627706 80.23446202628286 57.36711799858378 69.51061462600983 60.990770689398744 65.1695461837266 58.63943562390602 76.52189136691595 45.97444178540882 78.6954111468076 52.02284524306228 47.07023861019361 55.552471031210615 48.862709890088546 74.0870149055801 76.54914798143531 55.31273068648835 57.80556126248987 71.75880684292564 79.77742509557086 50.03407761093216 65.3780701364225 95.62831072925906 72.5691153337308 52.37547857764841 60.54154105274185 74.4572975835009 61.42546045376682 47.56712465084784 50.24204259667586 94.3300537484364 59.43539855039944 73.13059116680685 73.8522604575187 79.15575546468321 46.47666777718245 66.43953686721156 74.45553436220499 50.82184637685482 76.02756922626668 61.22968053576756 63.31016178068104 65.38347196268818 48.23594600031611 70.36366005859902 80.85415855879754 56.93375575159475 70.39902671720503 53.70957129165753 89.65433822666374 49.54073380857282 78.97583498007921 51.831692471675794 58.3130134093048 84.64050285029805 61.5205965630759 59.38850568947021 76.15061438581469 49.66064809911948 68.98065996692443 53.12818881363927 66.87776686100264 55.78100941314977 69.81304981602469 78.21694075095226 55.35755970531214 60.7746461592776 68.45076057954917 62.529488567739605 54.87787602247324 54.83061024387115 45.00100020168397 64.83382869868768 73.85082585731308 51.51369180676091 59.73194484673112 92.28322928385651 63.73880176260923 51.87748828800807 68.7019896744163 55.91417473259653 42.642861512831416 76.58511182571922 57.420062497679965 84.74387087938894 51.21377551792883 43.10792052077602 53.4207739910203 72.7437057535509 63.76223496748432 55.302665519271756 45.95789786624819 53.86793805313095 57.225368101957685 56.487445440384114 63.699454602341255 87.56558151913059 48.826205329822876 70.43356788253402 69.75694528204731 84.54899197926517 79.32194520728166 47.506486449665665 83.88107878397867 60.27997943824302 63.20188400824159 61.720161889529 61.43090668473363 62.876497724273264 49.81687962852693 61.991648933601326 89.355970128932 66.73743711194199 76.67471372601429 46.43512300045143 43.35357102138397 81.52439391502153 65.41356038145688 55.821830710956746 66.91339939496564 64.48557115834397 67.93070826458163 77.41206115504332 69.02453854821651 88.05607516457655 49.16204902399211 45.73908090942142 50.80058249455486 82.81801097738563 42.47288538113638 55.20860882721812 46.49164254307642 68.52660882955651 51.06241876746483 53.20234580272985 67.91090629055901 89.45937064039427 51.81897236753929 46.582415145789646 78.54927296612092 61.80416845028964 96.51944349136502 67.08150414350075 78.6240508460254 55.48747178534588 84.17396525301456 80.66426515836262 88.09931604744651 71.84837652185541 59.75697450789973 66.26772669182876 64.09551190939874 68.70071594982034 43.79224932471738 43.73425279303618 56.655268621309425 72.56546014529752 47.61824020733659 91.1194530346246 95.21512028243669 88.02764767566967 72.87272358859012 62.1314522564541 49.12746620850892 47.66135530534362 77.69401358564433 81.10738646676676 53.82308925430149 58.97966276829133 61.6413333644485 45.445951069611446 48.4347367134283 77.63372640889027 62.35632796055336 77.86184983697134 77.29549828949447 60.419833467581356 44.971658423648186 77.65890995826848 83.08847851606527 81.70283087958528 73.85600067618866 74.39527623311466 73.57854197015229 77.50890350549028 55.64081139257462 75.17192026395124 43.181414925847 96.85649213003981 48.59121407171596 90.20300947648268 45.76292152581837 61.75204445816817 66.52988303244331 70.96186374896898 69.11064020647598 58.18236359421445 79.03882372181604 66.22520815160179 61.980523828772505 42.61324059838036 75.77149577753264 41.98742408883134 99.6119771730031 79.75076121333419 45.179828489782835 59.71225563443936 46.71567140366665 51.23778522887868 49.46380880708312 49.13867280333728 66.29252387060991 61.93760304948779 52.3557548655515 58.658605454311115 72.17893877547327 70.31861530601843 51.835115065558426 77.82031613181523 52.628017239638076 55.460451770009584 70.28511561853097 77.17413140366568 54.30408770602621 77.09729424608972 68.8726268371508 74.30201924164268 54.980307192429294 81.06864422832122 81.34265300548833 76.98818851181207 93.73002782660606 61.702773082368495 93.64019880252977 42.891849657574284 44.29322674709017 43.27577614077222 44.0089455215765 70.45704043449327 85.06381616718537 62.98714344089923 45.344816293198306 93.91462767495932 55.13276311260093 43.719311955339265 56.264958475949214 86.07629029931672 42.671731756803496 43.54877615142733 63.1206206427443 47.28754217572124 72.91353404463345 51.30921298785799 59.935423176407184 76.06546711406648 58.19738644272984 88.75005042874088 52.89692119670302 44.30381091540655 78.46099542501679 63.28878273069547 49.12184019887527 44.438851704303694 41.63704400602895 53.02963925040543 44.04640109232551 81.03717169801733 57.42119483874841 71.48632688669021 66.882935862101 57.85493844733931 61.21786294210172 61.69632028768174 70.62131572831639 85.95276462274622 60.519533448601265 79.37607296116022 64.88692661907051 69.82602559345753 44.96762713715808 43.41558995318767 61.0399877020681 64.09191494325702 47.94949635498382 59.519013259266 59.537825618704204 48.074574459058084 66.07967704588343 63.05015155074071 69.08434053738908 82.99166414477227 42.87577614077222 55.740054190602244 65.81266375666416 56.52110593303307 63.61319845253649 47.81292113428557 62.57074929574658 64.44994608248521 72.1001479159161 52.00686520177803 43.701002856436006 87.48242144060285 71.29570671757898 45.85492098013729 59.487086130049406 76.30613293084788 51.50497633084015 47.25507688019829 95.38475028983785 63.47344239802953 46.88344580750228 43.789106587441566 93.24539505289525 73.89429431178776 74.1438865153653 70.62971766632505 74.16493545481347 71.63508295406291 43.779829233928496 78.11590931887554 54.20967667278039 57.664132264480955 79.34242471042863 56.42833992786446 71.79134441426326 43.158611790137584 54.88618649745059 85.70586802365955 77.53421991263235 48.2985454717194 50.312710952980076 43.24788512465929 59.50444748978008 54.54844243201278 58.938870954581006 83.72829550030703 65.8939728185891 86.314662473088 62.70914739369108 85.97943875665558 78.54329814960784 48.629995969337664 47.5348363610679 54.20821885031755 80.68883357028827 78.0622813166621 50.529669645346 46.61969340347531 69.75384375488582 74.80997123491366 88.10397127589545 48.40804647694186 92.9728290266174 48.39009031714806 65.59028634417417 66.32487280385077 56.59367269978941 43.967301093215646 62.35697619660855 70.87632218356201 68.67804994573963 62.25242399676792 43.97348665730066 50.72511238453281 68.30779577893912 47.243494075857505 73.47124856190902 87.71996961739828 42.886105913482886 67.00623990081644 76.10118374765754 69.03186061249062 69.42632361485819 83.93857723823767 62.0188325379713 52.37723975367897 79.07321810539639 56.80403474711342 73.01262061111208 52.3571035477923 74.63708035759264 86.36622758141911 63.799415842216874 72.58564201160148 69.41480962625114 50.2044868232114 95.76140361541377 67.45805503302334 52.12581868228652 90.30333762680985 45.10371886421197 70.06991299327503 44.43560220357851 68.94864508170232 57.74907473852939 53.30716821316392 89.25299016837467 41.97257222354697 64.36258871336995 70.68829658582031 93.57279786213347 62.296178397688564 65.49784990167575 43.347207359904374 72.59632775677585 67.4808794284154 79.22656840364297 84.21217272521756 83.28986985091672 65.39985482803051 59.19318778335358 44.8390730912515 82.8713538075267 62.05395172504102 50.75737244827387 81.14383367910523 50.571851454484836 46.638255179008574 59.00376951471573 62.148940530738784 54.674688357209284 67.91476540627863 63.219647487734946 75.23168791949247 70.5872451303753 68.5050402934829 63.27818521823276 42.98738918505492 52.15899088259551 52.636074772946735 61.499298547929655 76.03844875990936 63.80971195445561 64.86402206601619 64.72881331177449 46.882641987526526 46.525415083785575 52.56107612215199 62.378763299772885 52.620587709568774 49.65707682517443 48.343266392975124 48.27560799171813 64.2533125081624 60.980581288862254 63.1540256023671 85.62124295314797 57.557796211800934 56.47218638575071 66.69591623262383 88.1190257210071 73.703360279567 70.64899300457654 52.12767024084563 91.21743072912487 64.46166009953873 74.37991287160499 51.456742195166086 44.857387622659786 58.284710885998216 62.971595786454714 58.852151325440495 85.25911363118468 51.63721234389364 50.46797013576489 66.06408729426559 62.04275363464014 45.295232608902374 90.01029736724124 46.78342596525713 43.71550226177446 43.45357102138397 65.05009486700365 70.71664627575015 51.218696684193105 46.39922349533737 45.212600193279286 70.20692737852133 52.850574806592924 43.281414925847 74.76490083012737 70.0327818175881 65.14034890004912 54.30642722710019 77.86927522190467 59.35115333258197 62.964321505869165 74.78918542548186 54.28036667158504 65.50814205922131 58.12352932418019 89.44859019421393 63.01852414671051 87.9971024568801 72.27488529350919 41.78004637901384 63.76509684635613 67.53628643539426 53.490580076610144 53.21218399846968 80.19956959243595 45.69954783737421 57.903128390733116 44.08313595015099 46.77391985225568 74.88113514396406 44.170392395524615 45.19406073081122 63.77922739342517 55.727857779545786 65.42831672801395 47.575857125813116 71.47654320102103 54.55938410862653 90.86559116142249 58.33002880240197 41.33704400602895 50.70156781741575 64.24158591045169 81.31796813527549 78.2532017128668 57.34238048223582 79.98949252854635 63.14762941228123 46.02128024169498 45.25580884586605 55.10736237826643 64.39175194237446 43.221683949191885 42.03272788836542 55.96431983227217 47.60942275545797 49.36231179618018 74.48672059895429 48.11905059367381 44.627166319178016 67.97930225958464 65.84536986556078 71.44405014685492 90.88732174349656 53.68868408100076 58.063993818391154 43.80549156623627 55.90544325619588 69.18867228228139 67.47537092971429 63.96956132280245 82.05517873332633 48.36301830291286 69.65392990233323 61.25990120022777 91.62457593444482 68.81574158886721 76.50652668418873 55.5875681379127 54.09904346779149 52.977917790661785 45.21854350044164 70.37705153225309 74.06210202923847 48.332695240476006 74.40863933864969 58.146751106740496 49.605502252190576 45.346082410293285 83.79011800807308 84.82549403509219 61.02648628360849 95.32142245222329 79.76989109830336 48.64388496738108 53.9499772516471 53.781428008468595 62.866075513159906 62.7668648893285 68.50282343759358 72.86265938281855 80.97248576006686 53.359171291948634 46.943334057461726 45.89557370391871 60.7125850111707 67.18520961907062 87.05125729257227 64.90353318397888 65.67794386337803 92.95053510657453 61.902010108920294 47.875951098574575 94.73763081119701 58.09852197135126 59.917364607520064 58.3413172056124 73.50777683740904 54.14518024087009 87.52614706084675 56.292508491608736 73.64200579663537 62.262333971757805 84.21475235334786 45.89650868353139 58.05346888632532 62.41491197818379 50.05356483137392 50.96295027448776 88.72583272459067 51.144881422222475 75.92547765393861 52.863305925797825 73.51481081718416 54.402436789055386 65.74820041582834 72.90736211729424 80.32800829692904 65.99879408878147 55.31663948314636 44.25268415348523 71.86020141791019 64.74864371162435 42.50897518231245 63.42555320761565 54.46861159091391 61.032415245334114 43.44099849186016 60.54407339612514 51.49433032899768 72.03017964576327 45.75136020932605 70.17911846196405 47.40537593279034 54.971406346018405 66.2624000723611 79.37068728218608 55.33071835548832 43.19264261076716 74.05423316125267 74.75483747149998 60.34539883336312 43.26894735040806 80.95677905104147 89.51276468190767 61.50853124692027 62.141866733781924 63.97796182983859 79.52684589189242 48.36243098564267 92.3043105162715 76.71405115195049 67.06070124075642 82.3067351985749 52.30534406394758 51.333738437486154 93.85924843062494 71.59626518385103 82.64105613748477 45.578120764724986 55.11071529185075 63.77535254510981 57.653580200677865 66.43287334829498 87.40434080517181 72.98637511904653 77.17120694646292 81.32226724858297 73.23019706399452 83.85852041767214 45.22446985058474 59.18764934891776 43.5512418503562 43.74364832668166 56.06828074244659 64.6880471750439 49.61237137551712 44.776581235007654 73.28390569326118 48.3595973509976 55.936225176581864 73.8194247909986 57.80076885435881 41.53704400602895 55.190500204573226 77.39791791542125 83.13232974116488 43.25357102138397 41.80468785653519 53.81452367750535 58.40151515325761 99.29847829866762 78.92102020489764 69.98047123785528 45.14030428599603 62.88064308171425 50.67350881570363 47.26534811552233 62.716666116816164 50.23343188587505 62.745733771793724 79.45172282615593 83.80055264084862 57.789213840646156 49.987821699682684 99.23425608799114 91.12793761278142 53.57495418421196 63.30084380026585 88.65567926864406 67.54735335695592 67.51410582585386 56.00381148387224 75.00036020877403 54.68192896201251 55.60166311786736 76.71093011992136 98.11457215737357 54.90661186071646 60.375044549494106 77.89672683869988 49.74260251309048 45.01890618310834 60.27253115430927 68.00561142788379 65.77405760908856 81.97961358117885 47.42917040985183 56.23764334502366 52.33205256225568 90.9144698176161 49.3774372561488 50.0820576966391 84.52267824781177 88.90252241402708 46.141275973082536 44.23543678249931 89.57560664180832 80.11080290028579 67.07871775360869 60.95181001231438 47.95795812030859 66.42427998665269 91.83174214312588 42.88738918505492 65.12677423709019 66.8724902427403 47.69955490756419 59.85360802890613 49.07023157593144 52.92900459181392 73.60938613353827 64.53126925819231 54.73679185754495 68.56274439405153 49.9031264078628 43.91005728160494 58.71275833847006 69.26759638303457 82.95209863067416 68.97661936472416 89.9929309542505 87.78496345052673 84.00938257567267 65.35674841158031 49.50279706741176 80.9529310414369 69.8009507063857 67.25626540170302 86.01415071420703 67.09196888978134 95.14943104129026 67.6446484976189 50.687905688940226 47.6307207580469 73.33732773167391 61.14778221850471 62.92930749633396 58.56991671261368 64.73968824479239 69.6537888529796 47.8093197374444 51.10115236818487 50.79256461428953 43.05861179013758 54.703123899635244 51.89746098897855 86.98226680915668 66.7046655361882 71.59683953415727 64.95440554850589 74.19583264461383 63.898159505858686 75.6918606956967 54.74400823495567 53.06688248518791 46.451639601194756 54.633234525793526 72.02482091445289 46.80467258945695 62.72889063391661 82.66483271312784 82.37709006552602 100.35524820687782 59.10845837283929 81.17778680719415 54.09600898049058 72.16049987538294 72.36162701035555 51.274159328744354 42.775776140772216 45.649203273774006 57.85287652752126 65.80961566107496 72.9140984428144 71.95240582948313 76.30965403916976 75.97428647620836 48.11759171166872 47.26881157298413 51.712793521167036 57.931774654708995 52.44311879863648 61.75593453486824 66.79881569051608 44.73010474697178 47.606397688430874 92.49763833438897 50.609496900684256 53.90888224746678 45.70338714304109 50.828779975243684 66.29064526612689 84.54336657018901 64.90380641532009 69.35639589870713 44.102295102360394 41.43704400602895 100.45781160843657 55.178260471435664 56.95278431740762 43.55863817244718 56.251170544520654 51.59372608169166 59.50150559765524 86.17641865400476 52.64782039842048 55.64858334919269 81.11087312458488 47.04797839920401 88.31711813103874 84.83712478086963 53.079395463644914 81.66597936757748 75.70337721657359 89.28122194785226 72.48193336497008 75.45961787978588 56.55384586126967 52.53205762158217 62.91557223282729 53.71095015868248 56.062964517109336 63.82718586130185 45.50801897931757 55.42287146895973 64.29212381550414 43.52308265839572 57.27080872161647 89.35359835382161 64.06102284111708 48.65438083456631 60.8225024723361 88.50107768792668 92.08697132126824 66.51646208692877 65.58543721416152 44.14446905792283 56.58971120138977 56.97440178804148 67.48121518411716 46.65511986440699 66.97416377604084 75.90712474203386 67.83743233685175 60.78472066818961 60.507523959177064 87.03368438176858 46.84503531480327 70.39379898361301 62.86969611670099 59.466526204458006 80.20802068747125 74.25109144025639 74.63514608060481 66.93361206468737 74.33616394119684 55.10869822579333 99.7496337032882 68.94877607628882 72.92590432485595 45.63819990819358 47.1714917627197 70.9622911928077 66.76556494326883 52.264856337701346 54.50269074696295 52.019143009756704 52.04687531057804 66.91456637393865 92.03549555784403 43.66142882703498 76.74520044961804 91.40787006619256 71.42807641677464 77.90575681060582 47.38676155003668 45.690119946064975 52.59387212737408 64.68771028902057 71.32011661993245 82.60110338949707 59.50874194720147 79.06925257905141 56.772445872203846 45.617451523256 46.8251471682081 44.5630394348018 75.68383941388365 59.1053072843091 47.034742870469586 56.59049025572658 49.86194557833279 60.70962690956755 86.19295076310325 83.0931001560948 73.10678205473589 58.611117639157825 64.73442551126573 44.33343390487247 59.578580419263716 42.684316178353 51.478432868377496 73.16060886843044 71.96797877547664 63.308374359938526 54.70851927097016 48.63107308047305 52.5603650627258 46.59162792873762 50.53650334202163 76.88026146760188 58.96579634745198 45.87955218903772 44.26740317294573 57.91701268164795 77.41845259774709 92.56140855158235 45.23259691993884 86.5924326183416 49.106608360931176 65.5116242204681 51.04125278609068 72.18382831420604 64.72269429961483 58.03744002620691 76.01708991673988 48.996509401334016 53.55420956838657 57.84821078908886 67.80296673411088 48.313212734582876 79.18407101842325 52.48424465294497 44.378888873300454 75.02871736837548 60.07048585665501 45.17475614791039 62.60922137000328 68.27492317916553 87.72024752034358 62.43796618736987 67.83596026994772 99.1905358005058 61.93704694761475 57.99190823269126 55.670642911502306 80.37779084916203 67.50230217380225 64.08987422109799 91.71162611456607 47.83469138182001 53.64907577661046 61.62460416349017 58.569568018168404 50.069906727489865 54.885142005144864 71.07848508359471 46.309501355613875 95.63973093146609 62.337681858712344 67.29622095282427 47.74476931956358 82.84318536227633 68.07428624885443 47.88063356592378 58.90842628944492 76.83180156782589 66.32371593002773 77.698256970657 88.4389734154582 54.353465527799806 83.84204805324336 64.08093522901288 84.78112070377716 43.163291779384075 65.89371245119791 90.38106839780194 66.93353955282925 45.468610346746445 61.79854921890065 45.89537645412306 52.33377622172296 60.94991106649977 60.070800624799574 70.362940277496 45.354746276313776 69.57592701227934 55.26828309778221 67.30356783014726 50.809666988028944 56.63261376831443 49.9527480914368 44.99471668805481 72.78189614019452 72.06769928551012 68.36328920757431 61.530867790305294 63.02223677942466 47.2828847013508 70.87160765741905 68.09203274391368 71.47235654053684 62.74178356929386 42.00876263823866 51.885038703184385 85.23151171159468 85.26774799072001 51.63385394829576 59.7783831012058 42.98116027529965 56.16442249327815 68.69806301662042 97.07891107177953 48.65993248901089 44.91911547492775 56.257598209628284 65.4033533734429 64.70053981074255 49.658008246940945 67.90367254138896 59.73383635319709 59.80192557010929 75.169132712352 85.37437806920656 79.9539113767805 98.0830396358777 49.69003420689654 69.47811604131265 51.07818797617335 72.03959512118497 65.53994246076846 43.76719457136054 86.36230851105773 60.60058654348491 57.39928253441567 49.55498295620563 53.00678513249141 43.14181820139357 49.22005883300088 80.37982219903134 64.50245174620443 64.74137766294828 52.54507803158429 86.93689638031336 67.64451290733987 61.164805105066065 86.75932696201593 63.10628013940087 86.03977238182698 82.37663517887191 66.27097811981025 51.425396989267476 46.859739562439195 48.56221713398557 54.04482858605811 46.78337736395508 75.88940092328934 73.56563506166887 75.67231999946893 53.209468390037586 45.640854837968114 70.23112055212106 48.1487433725667 61.58840475635091 47.20618781367352 49.744422597943405 100.47481393267924 66.33819182855288 59.97566126323425 58.538194616326365 58.084303347796265 50.64112613629387 75.65934408483182 83.00704830461879 67.57815480472712 88.37047839559082 93.16951739035423 98.01639778309402 47.283415731825635 74.76563429884503 54.20340583381447 82.6782848907732 60.70055218908799 71.65012445662036 44.30791953393191 57.81871694160748 47.83424292110669 59.014129328005055 84.59529746926515 42.06579790434204 57.17037147262731 59.906847650975564 54.91095979478463 73.21389768911553 48.886711725214354 53.72134650792205 71.1016705483057 76.5434962049888 62.70924974672363 72.61346268100613 74.18726700395811 63.80673957945905 57.42163465103792 59.70671220593559 48.348641839306666 53.38110442198784 63.08519112976315 58.73100896482667 79.1330358061633 76.23721264955549 44.98830573728993 81.22660577351247 45.0361792423976 59.41783946852313 49.38382713849445 58.264973045971495 83.68404057789711 66.59113232919418 44.678093312151425 49.23256231713352 97.25594650148557 54.65605252799564 81.90921761248637 81.75246353242794 45.079162464010956 48.0117428752219 89.96977472442506 69.28013471214105 72.10786480722517 56.98773091918402 56.44472990748076 57.28017824035906 65.93955047876038 65.96826814387532 91.3906461966626 43.013773614932155 62.15579120325539 60.74989831590288 44.32111941245285 48.78153921141052 62.63185846306731 71.06688751488079 92.76165432779098 70.99461790893913 54.50242734222624 46.41872050973666 51.833745633681865 51.07528121800243 54.146198804105204 67.36043955545234 75.59989904020767 68.28852095168264 58.379123871356825 46.85464429400786 55.4595018233409 51.9945864438852 46.24774164270339 96.9465358864299 59.2114690425187 70.99624148473849 72.88657430432168 65.25005384578029 44.68948284643408 44.09565630217695 53.410172869669054 57.453782056922954 80.97136904147493 60.385401016849414 67.61054396276032 73.54434280429663 48.04708449553379 58.14876555765167 56.37441249476455 59.05241355021509 81.39247620092603 91.31625793599653 60.039991376374985 46.0479094837416 44.67549553581939 46.64940604189268 62.0197604304437 78.6801823798068 93.91076629936045 46.76642265394195 75.09593239160219 56.38536753978222 79.71865350993994 53.9124678214881 61.71723068117523 82.09083373197842 47.04383484185897 51.44736074673676 78.1665477521031 62.05730451464872 53.870901808093166 64.82566651115874 87.88958795348981 42.467533899001744 43.248601667842024 66.6528698830801 61.28425496585491 73.48710432380717 44.90238622447424 71.67928831626087 59.0585366712107 47.70580589688561 60.18761617079743 93.14870470343581 53.32661269073964 70.17252431200254 86.70662191450182 79.24913949854104 62.36181429834538 57.493357586112964 43.45875478563849 63.06617332762297 73.07651888605528 65.540454929999 73.63554498479857 71.09833606368407 48.264463154838666 59.050471641671486 95.25593465016291 46.92983550474402 80.75553587368317 82.51870652470105 52.20768050369512 74.80064191591083 52.115244626740164 76.80369723799541 58.30514664018094 70.52355652634289 51.906944738438426 63.41263543020253 53.441337933787416 49.60803518923231 63.057750938202645 85.47289985742965 57.290762457980634 65.6859107662471 74.48656767880973 77.08432092307706 77.97090922470976 51.3042857556748 63.90709878547618 48.58292691143278 64.98195468258541 49.63618011508255 60.8373454306383 54.80881175192281 44.54095221144499 87.00486928006978 55.19870024899126 49.18140323925287 69.36953786258532 58.05540993545428 43.368947350408064 74.75226150249608 47.52125316844689 59.56925497274748 64.34103433008138 69.69174613056303 58.95585705799116 84.8470217869321 59.859300086939385 64.83591258204919 87.89336791019778 90.85612381036061 90.38364169691198 85.63613164079776 47.28216861591952 66.75107434845418 76.43306522203116 67.66087852082504 66.4705416673578 52.1664270541192 74.13061576764873 90.90728402487866 42.68738918505492 60.15582878293666 47.997982842243196 45.748702115128374 58.091259714397836 55.47251316932055 46.91027437502214 82.07090632905172 58.397056582584774 43.481414925847005 67.33921413998183 84.67435955646111 52.29310312301068 91.72313905785524 65.2707329253736 92.59106350074495 59.39153153871625 73.64418976406643 76.263907452279 45.41467234883669 74.42545118320263 95.00189363498683 43.295490780695005 82.03665455276986 82.92536397160004 64.63285625664092 45.12026259657725]","""C#""","27.55477237105989","0.8034146939016429","3.8990969680741734","7","8","84","28","0.6514305516295513","42.32227366656633","1169","0.9862759635528947","-45.21315830108322","1773","3.464823227814083","1","0.4626980965498432","0.01889394159555782","0.007520590575139523","0.005575912723914825","true","213019","1","1","34.64823227814083","100.6876592532394","2021","0.9520827520096667","78.3344","0.16282605488467944","41.33704400602895","[""wood-grass""]","[""Clay loam""]","0","0","0","0","0","0","0","0","1","0","0","0","0","0","0","0","0","0","0","0","0","0","0","0","0","0","40","0","0","0","0","0","0","0","60","40","300","0","168","14.13344339723758","40","true","false","18.09505284938135","[0.357 0.306 0.26 0.14 0.1 0.306 0.306 0.17 0.255 0.272 0.3485 0.2365]","2.3923213199488123","[""D"" ""D"" ""B"" ""A"" ""A"" ""D"" ""C"" ""A"" ""B"" ""B"" ""D"" ""D""]","[2.54 5.08 8.89 12.7 15.24 6.35 6.35 10.16 7.62 8.128 3.81 3.81]","86.75001404878516","54.656311336555035","94.24847538480098","226.31951423015258","[1.5 0 0 1.2 1 0 0 2 0 2.5 1.7 2]","84.08619491381152","45.54698015710636","92.39265042274901","160.22946302270321","[1.2 0 0 1.1 0.25 0 0 1.25 0 2 1.5 1.8]","[[""fallow | bare soil | null"" ""fallow | crop residue | poor"" ""fallow | crop residue | good"" ""row crop | straight row | poor"" ""row crop | straight row | good"" ""row crop | straight row and residue | poor"" ""row crop | straight row and residue | good"" ""row crop | contoured | poor"" ""row crop | contoured | good"" ""row crop | contoured and residue | poor"" ""row crop | contoured and residue | good"" ""row crop | contoured and terraced | poor"" ""row crop | contoured and terraced | good"" ""row crop | contoured and terraced and residue | poor"" ""row crop | contoured and terraced and residue | good"" ""small grain crop | straight row | poor"" ""small grain crop | straight row | good"" ""small grain crop | straight row and residue | poor"" ""small grain crop | straight row and residue | good"" ""small grain crop | contoured | poor"" ""small grain crop | contoured | good"" ""small grain crop | contoured and residue | poor"" ""small grain crop | contoured and residue | good"" ""small grain crop | contoured and terraced | poor"" ""small grain crop | contoured and terraced | good"" ""small grain crop | contoured and terraced and residue | poor"" ""small grain crop | contoured and terraced and residue | good"" ""close-seeded or broadcast legumes or rotation meadow | straight row | poor"" ""close-seeded or broadcast legumes or rotation meadow | straight row | good"" ""close-seeded or broadcast legumes or rotation meadow | contoured | poor"" ""close-seeded or broadcast legumes or rotation meadow | contoured | good"" ""close-seeded or broadcast legumes or rotation meadow | contoured and terraced | poor"" ""close-seeded or broadcast legumes or rotation meadow | contoured and terraced | good"" ""pasture or grassland or range | continuous forage for grazing | poor"" ""pasture or grassland or range | continuous forage for grazing | fair"" ""pasture or grassland or range | continuous forage for grazing | good"" ""meadow | continuous grass protected from grazing and generally mowed for hay | null"" ""brush | brush-weed-grass mixture with brush the major element | poor"" ""brush | brush-weed-grass mixture with brush the major element | fair"" ""brush | brush-weed-grass mixture with brush the major element | good"" ""woods-grass combination or tree farm | heavily grazed | poor"" ""woods-grass combination or tree farm | not heavily grazed | fair"" ""woods-grass combination or tree farm | lightly or only occasionally grazed | good"" ""woods | used and managed but not planted | poor"" ""woods | used and managed but not planted | fair"" ""woods | used and managed but not planted | good"" ""farmsteads | buildings lanes driveways and surrounding lots | null"" ""herbaceous | mixture of grass weeds and low-growing brush with brush the minor element | poor"" ""herbaceous | mixture of grass weeds and low-growing brush with brush the minor element | fair"" ""herbaceous | mixture of grass weeds and low-growing brush with brush the minor element | good"" ""oak-aspen | mountain brush mixture of oak brush-aspen-mountain mahogany-bitter brush-maple-other brush | poor"" ""oak-aspen | mountain brush mixture of oak brush-aspen-mountain mahogany-bitter brush-maple-other brush | fair"" ""oak-aspen | mountain brush mixture of oak brush-aspen-mountain mahogany-bitter brush-maple-other brush | good"" ""pinyon-juniper | pinyon-juniper-or both-grass understory | poor"" ""pinyon-juniper | pinyon-juniper-or both-grass understory | fair"" ""pinyon-juniper | pinyon-juniper-or both-grass understory | good"" ""sagebrush | with grass understory | poor"" ""sagebrush | with grass understory | fair"" ""sagebrush | with grass understory | good"" ""desert shrub | major plants include saltbush-greasewood-creosotebush-blackbrush-bursage-palo verde-mesquite-cactus | poor"" ""desert shrub | major plants include saltbush-greasewood-creosotebush-blackbrush-bursage-palo verde-mesquite-cactus | fair"" ""desert shrub | major plants include saltbush-greasewood-creosotebush-blackbrush-bursage-palo verde-mesquite-cactus | good"" ""free water | surface covered with free water | null""] [77 76 74 72 67 71 64 70 65 69 64 66 62 65 61 65 63 64 60 63 61 62 60 61 59 60 58 66 58 64 55 63 51 68 49 39 30 48 35 30 57 43 32 45 36 30 59 0 0 0 0 0 0 0 0 0 0 0 0 63 55 49 100] [86 85 83 81 78 80 75 79 75 78 74 74 71 73 70 76 75 75 72 74 73 73 72 72 70 71 69 77 72 75 69 73 67 79 69 61 58 67 56 48 73 65 58 66 60 55 74 80 71 62 66 48 30 75 58 41 67 51 35 77 72 68 100] [91 90 88 88 85 87 82 84 82 83 81 80 78 79 77 84 83 83 80 82 81 81 80 79 78 78 77 85 81 83 78 80 76 86 79 74 71 77 70 65 82 76 72 77 73 70 82 87 81 74 74 57 41 85 73 61 80 63 47 85 81 79 100] [94 93 90 91 89 90 85 88 86 87 85 82 81 81 80 88 87 86 84 85 84 84 83 82 81 81 80 89 85 85 83 83 80 89 84 80 78 83 77 73 86 82 79 83 79 77 86 93 89 85 79 63 48 89 80 71 85 70 55 88 86 84 100]]","[0.6 0 0.5 0 0.4 0 0 0 0 0 0 0]","6.7464471870110305","[""Clay"" ""Clay loam"" ""Loam"" ""Loamy sand"" ""Sand"" ""Sandy clay"" ""Sandy clay loam"" ""Sandy loam"" ""Silt"" ""Silt loam"" ""Silty clay"" ""Silty clay loam""]","[""Sand"" ""Loamy sand"" ""Sandy loam"" ""Loam"" ""Silt loam"" ""Silt"" ""Silty clay loam"" ""Silty clay"" ""Clay"" ""Clay loam"" ""Sandy clay"" ""Sandy clay loam""]","""random""","0","0"

"TURTLES"
"who","color","heading","xcor","ycor","shape","label","label-color","breed","hidden?","size","pen-size","pen-mode","numpoints"
"0","75","151","38","12","""default""","""""","9.9","{breed flowholders}","true","1","1","""up""",
"1","105","323","8","37","""default""","""""","9.9","{breed flowholders}","true","1","1","""up""",
"2","125","171","28","11","""default""","""""","9.9","{breed flowholders}","true","1","1","""up""",
"3","45","211","37","15","""default""","""""","9.9","{breed flowholders}","true","1","1","""up""",
"4","115","281","8","47","""default""","""""","9.9","{breed flowholders}","true","1","1","""up""",
"5","105","77","16","28","""default""","""""","9.9","{breed flowholders}","true","1","1","""up""",
"6","125","3","37","29","""default""","""""","9.9","{breed flowholders}","true","1","1","""up""",
"7","55","226","48","7","""default""","""""","9.9","{breed flowholders}","true","1","1","""up""",
"8","65","287","9","7","""default""","""""","9.9","{breed flowholders}","true","1","1","""up""",
"9","95","147","8","29","""default""","""""","9.9","{breed flowholders}","true","1","1","""up""",
"10","105","180","29","14","""default""","""""","9.9","{breed flowholders}","true","1","1","""up""",
"11","97","180","36","0","""line half""","""""","9.9","{breed flowholders}","false","1","1","""up""",
"12","25","221","45","22","""default""","""""","9.9","{breed flowholders}","true","1","1","""up""",
"13","115","142","35","4","""default""","""""","9.9","{breed flowholders}","true","1","1","""up""",
"14","65","287","36","34","""default""","""""","9.9","{breed flowholders}","true","1","1","""up""",
"15","5","119","40","41","""default""","""""","9.9","{breed flowholders}","true","1","1","""up""",
"16","75","356","42","42","""default""","""""","9.9","{breed flowholders}","true","1","1","""up""",
"17","75","276","45","10","""default""","""""","9.9","{breed flowholders}","true","1","1","""up""",
"18","55","270","19","41","""default""","""""","9.9","{breed flowholders}","true","1","1","""up""",
"19","75","357","28","40","""default""","""""","9.9","{breed flowholders}","true","1","1","""up""",
"20","65","149","12","12","""default""","""""","9.9","{breed flowholders}","true","1","1","""up""",
"21","115","299","41","36","""default""","""""","9.9","{breed flowholders}","true","1","1","""up""",
"22","65","261","33","19","""default""","""""","9.9","{breed flowholders}","true","1","1","""up""",
"23","25","342","38","25","""default""","""""","9.9","{breed flowholders}","true","1","1","""up""",
"24","75","97","14","20","""default""","""""","9.9","{breed flowholders}","true","1","1","""up""",
"25","35","34","32","24","""default""","""""","9.9","{breed flowholders}","true","1","1","""up""",
"26","97","90","49","42","""line half""","""""","9.9","{breed flowholders}","false","1","1","""up""",
"27","55","147","14","45","""default""","""""","9.9","{breed flowholders}","true","1","1","""up""",
"28","75","219","44","40","""default""","""""","9.9","{breed flowholders}","true","1","1","""up""",
"29","105","250","17","46","""default""","""""","9.9","{breed flowholders}","true","1","1","""up""",
"30","105","10","24","9","""default""","""""","9.9","{breed flowholders}","true","1","1","""up""",
"31","97","0","14","49","""line half""","""""","9.9","{breed flowholders}","false","1","1","""up""",
"32","5","359","4","6","""default""","""""","9.9","{breed flowholders}","true","1","1","""up""",
"33","125","53","4","19","""default""","""""","9.9","{breed flowholders}","true","1","1","""up""",
"34","45","355","8","3","""default""","""""","9.9","{breed flowholders}","true","1","1","""up""",
"35","135","357","21","17","""default""","""""","9.9","{breed flowholders}","true","1","1","""up""",
"36","115","277","32","16","""default""","""""","9.9","{breed flowholders}","true","1","1","""up""",
"37","135","62","40","33","""default""","""""","9.9","{breed flowholders}","true","1","1","""up""",
"38","45","283","13","18","""default""","""""","9.9","{breed flowholders}","true","1","1","""up""",
"39","135","12","41","34","""default""","""""","9.9","{breed flowholders}","true","1","1","""up""",
"40","135","227","5","16","""default""","""""","9.9","{breed flowholders}","true","1","1","""up""",
"41","5","169","22","3","""default""","""""","9.9","{breed flowholders}","true","1","1","""up""",
"42","15","89","20","16","""default""","""""","9.9","{breed flowholders}","true","1","1","""up""",
"43","35","159","19","38","""default""","""""","9.9","{breed flowholders}","true","1","1","""up""",
"44","15","1","25","10","""default""","""""","9.9","{breed flowholders}","true","1","1","""up""",
"45","55","207","26","36","""default""","""""","9.9","{breed flowholders}","true","1","1","""up""",
"46","115","287","5","12","""default""","""""","9.9","{breed flowholders}","true","1","1","""up""",
"47","5","243","8","42","""default""","""""","9.9","{breed flowholders}","true","1","1","""up""",
"48","97","270","0","20","""line half""","""""","9.9","{breed flowholders}","false","1","1","""up""",
"49","135","142","38","24","""default""","""""","9.9","{breed flowholders}","true","1","1","""up""",
"50","5","2","4","27","""default""","""""","9.9","{breed flowholders}","true","1","1","""up""",
"51","55","242","1","22","""default""","""""","9.9","{breed flowholders}","true","1","1","""up""",
"52","135","80","33","20","""default""","""""","9.9","{breed flowholders}","true","1","1","""up""",
"53","65","245","32","41","""default""","""""","9.9","{breed flowholders}","true","1","1","""up""",
"54","97","0","3","49","""line half""","""""","9.9","{breed flowholders}","false","1","1","""up""",
"55","45","320","33","41","""default""","""""","9.9","{breed flowholders}","true","1","1","""up""",
"56","125","115","3","19","""default""","""""","9.9","{breed flowholders}","true","1","1","""up""",
"57","65","351","21","6","""default""","""""","9.9","{breed flowholders}","true","1","1","""up""",
"58","135","253","40","39","""default""","""""","9.9","{breed flowholders}","true","1","1","""up""",
"59","5","108","38","13","""default""","""""","9.9","{breed flowholders}","true","1","1","""up""",
"60","55","150","41","45","""default""","""""","9.9","{breed flowholders}","true","1","1","""up""",
"61","55","138","15","11","""default""","""""","9.9","{breed flowholders}","true","1","1","""up""",
"62","25","288","36","22","""default""","""""","9.9","{breed flowholders}","true","1","1","""up""",
"63","65","97","6","14","""default""","""""","9.9","{breed flowholders}","true","1","1","""up""",
"64","125","136","15","48","""default""","""""","9.9","{breed flowholders}","true","1","1","""up""",
"65","35","83","6","25","""default""","""""","9.9","{breed flowholders}","true","1","1","""up""",
"66","85","304","48","12","""default""","""""","9.9","{breed flowholders}","true","1","1","""up""",
"67","25","341","35","9","""default""","""""","9.9","{breed flowholders}","true","1","1","""up""",
"68","55","132","12","5","""default""","""""","9.9","{breed flowholders}","true","1","1","""up""",
"69","65","326","33","12","""default""","""""","9.9","{breed flowholders}","true","1","1","""up""",
"70","115","106","30","39","""default""","""""","9.9","{breed flowholders}","true","1","1","""up""",
"71","125","347","37","33","""default""","""""","9.9","{breed flowholders}","true","1","1","""up""",
"72","85","222","4","41","""default""","""""","9.9","{breed flowholders}","true","1","1","""up""",
"73","115","324","47","25","""default""","""""","9.9","{breed flowholders}","true","1","1","""up""",
"74","105","335","30","9","""default""","""""","9.9","{breed flowholders}","true","1","1","""up""",
"75","125","18","10","25","""default""","""""","9.9","{breed flowholders}","true","1","1","""up""",
"76","85","136","34","29","""default""","""""","9.9","{breed flowholders}","true","1","1","""up""",
"77","45","276","47","12","""default""","""""","9.9","{breed flowholders}","true","1","1","""up""",
"78","115","90","5","24","""default""","""""","9.9","{breed flowholders}","true","1","1","""up""",
"79","97","0","22","49","""line half""","""""","9.9","{breed flowholders}","false","1","1","""up""",
"80","45","225","11","47","""default""","""""","9.9","{breed flowholders}","true","1","1","""up""",
"81","85","269","21","37","""default""","""""","9.9","{breed flowholders}","true","1","1","""up""",
"82","15","346","22","40","""default""","""""","9.9","{breed flowholders}","true","1","1","""up""",
"83","85","28","48","28","""default""","""""","9.9","{breed flowholders}","true","1","1","""up""",
"84","35","335","22","32","""default""","""""","9.9","{breed flowholders}","true","1","1","""up""",
"85","25","153","41","25","""default""","""""","9.9","{breed flowholders}","true","1","1","""up""",
"86","65","357","40","14","""default""","""""","9.9","{breed flowholders}","true","1","1","""up""",
"87","85","149","26","48","""default""","""""","9.9","{breed flowholders}","true","1","1","""up""",
"88","105","273","44","34","""default""","""""","9.9","{breed flowholders}","true","1","1","""up""",
"89","85","233","32","15","""default""","""""","9.9","{breed flowholders}","true","1","1","""up""",
"90","65","322","32","44","""default""","""""","9.9","{breed flowholders}","true","1","1","""up""",
"91","25","251","13","25","""default""","""""","9.9","{breed flowholders}","true","1","1","""up""",
"92","35","95","36","14","""default""","""""","9.9","{breed flowholders}","true","1","1","""up""",
"93","45","295","22","26","""default""","""""","9.9","{breed flowholders}","true","1","1","""up""",
"94","35","265","16","21","""default""","""""","9.9","{breed flowholders}","true","1","1","""up""",
"95","125","250","24","40","""default""","""""","9.9","{breed flowholders}","true","1","1","""up""",
"96","35","210","42","28","""default""","""""","9.9","{breed flowholders}","true","1","1","""up""",
"97","55","182","30","23","""default""","""""","9.9","{breed flowholders}","true","1","1","""up""",
"98","115","149","3","24","""default""","""""","9.9","{breed flowholders}","true","1","1","""up""",
"99","95","220","42","43","""default""","""""","9.9","{breed flowholders}","true","1","1","""up""",
"100","125","323","23","18","""default""","""""","9.9","{breed flowholders}","true","1","1","""up""",
"101","15","331","33","36","""default""","""""","9.9","{breed flowholders}","true","1","1","""up""",
"102","125","345","3","40","""default""","""""","9.9","{breed flowholders}","true","1","1","""up""",
"103","65","223","15","13","""default""","""""","9.9","{breed flowholders}","true","1","1","""up""",
"104","5","80","11","21","""default""","""""","9.9","{breed flowholders}","true","1","1","""up""",
"105","85","107","4","47","""default""","""""","9.9","{breed flowholders}","true","1","1","""up""",
"106","97","90","49","24","""line half""","""""","9.9","{breed flowholders}","false","1","1","""up""",
"107","85","137","45","46","""default""","""""","9.9","{breed flowholders}","true","1","1","""up""",
"108","75","90","15","35","""default""","""""","9.9","{breed flowholders}","true","1","1","""up""",
"109","105","80","24","45","""default""","""""","9.9","{breed flowholders}","true","1","1","""up""",
"110","97","180","42","0","""line half""","""""","9.9","{breed flowholders}","false","1","1","""up""",
"111","75","70","42","25","""default""","""""","9.9","{breed flowholders}","true","1","1","""up""",
"112","55","292","19","25","""default""","""""","9.9","{breed flowholders}","true","1","1","""up""",
"113","5","30","7","17","""default""","""""","9.9","{breed flowholders}","true","1","1","""up""",
"114","105","215","10","35","""default""","""""","9.9","{breed flowholders}","true","1","1","""up""",
"115","5","270","38","26","""default""","""""","9.9","{breed flowholders}","true","1","1","""up""",
"116","135","89","46","18","""default""","""""","9.9","{breed flowholders}","true","1","1","""up""",
"117","125","356","36","20","""default""","""""","9.9","{breed flowholders}","true","1","1","""up""",
"118","55","129","6","37","""default""","""""","9.9","{breed flowholders}","true","1","1","""up""",
"119","115","228","33","1","""default""","""""","9.9","{breed flowholders}","true","1","1","""up""",
"120","65","346","27","28","""default""","""""","9.9","{breed flowholders}","true","1","1","""up""",
"121","125","103","38","18","""default""","""""","9.9","{breed flowholders}","true","1","1","""up""",
"122","85","219","29","5","""default""","""""","9.9","{breed flowholders}","true","1","1","""up""",
"123","97","270","0","29","""line half""","""""","9.9","{breed flowholders}","false","1","1","""up""",
"124","35","230","36","10","""default""","""""","9.9","{breed flowholders}","true","1","1","""up""",
"125","135","256","2","9","""default""","""""","9.9","{breed flowholders}","true","1","1","""up""",
"126","75","140","30","28","""default""","""""","9.9","{breed flowholders}","true","1","1","""up""",
"127","25","323","27","39","""default""","""""","9.9","{breed flowholders}","true","1","1","""up""",
"128","105","241","41","38","""default""","""""","9.9","{breed flowholders}","true","1","1","""up""",
"129","135","88","5","14","""default""","""""","9.9","{breed flowholders}","true","1","1","""up""",
"130","15","60","22","41","""default""","""""","9.9","{breed flowholders}","true","1","1","""up""",
"131","75","46","14","1","""default""","""""","9.9","{breed flowholders}","true","1","1","""up""",
"132","35","358","17","34","""default""","""""","9.9","{breed flowholders}","true","1","1","""up""",
"133","65","146","23","16","""default""","""""","9.9","{breed flowholders}","true","1","1","""up""",
"134","75","251","3","11","""default""","""""","9.9","{breed flowholders}","true","1","1","""up""",
"135","45","298","44","38","""default""","""""","9.9","{breed flowholders}","true","1","1","""up""",
"136","55","168","45","36","""default""","""""","9.9","{breed flowholders}","true","1","1","""up""",
"137","75","248","33","44","""default""","""""","9.9","{breed flowholders}","true","1","1","""up""",
"138","85","40","18","18","""default""","""""","9.9","{breed flowholders}","true","1","1","""up""",
"139","125","271","6","12","""default""","""""","9.9","{breed flowholders}","true","1","1","""up""",
"140","45","112","11","15","""default""","""""","9.9","{breed flowholders}","true","1","1","""up""",
"141","115","102","3","8","""default""","""""","9.9","{breed flowholders}","true","1","1","""up""",
"142","125","218","29","10","""default""","""""","9.9","{breed flowholders}","true","1","1","""up""",
"143","15","292","18","27","""default""","""""","9.9","{breed flowholders}","true","1","1","""up""",
"144","25","226","18","8","""default""","""""","9.9","{breed flowholders}","true","1","1","""up""",
"145","35","325","19","18","""default""","""""","9.9","{breed flowholders}","true","1","1","""up""",
"146","45","109","45","11","""default""","""""","9.9","{breed flowholders}","true","1","1","""up""",
"147","55","15","22","20","""default""","""""","9.9","{breed flowholders}","true","1","1","""up""",
"148","75","296","40","9","""default""","""""","9.9","{breed flowholders}","true","1","1","""up""",
"149","85","354","1","37","""default""","""""","9.9","{breed flowholders}","true","1","1","""up""",
"150","55","81","13","30","""default""","""""","9.9","{breed flowholders}","true","1","1","""up""",
"151","45","15","47","14","""default""","""""","9.9","{breed flowholders}","true","1","1","""up""",
"152","75","230","19","36","""default""","""""","9.9","{breed flowholders}","true","1","1","""up""",
"153","85","68","21","7","""default""","""""","9.9","{breed flowholders}","true","1","1","""up""",
"154","25","327","14","48","""default""","""""","9.9","{breed flowholders}","true","1","1","""up""",
"155","105","74","45","33","""default""","""""","9.9","{breed flowholders}","true","1","1","""up""",
"156","25","77","29","41","""default""","""""","9.9","{breed flowholders}","true","1","1","""up""",
"157","25","315","8","17","""default""","""""","9.9","{breed flowholders}","true","1","1","""up""",
"158","125","351","32","46","""default""","""""","9.9","{breed flowholders}","true","1","1","""up""",
"159","15","240","4","10","""default""","""""","9.9","{breed flowholders}","true","1","1","""up""",
"160","115","333","29","15","""default""","""""","9.9","{breed flowholders}","true","1","1","""up""",
"161","15","326","4","11","""default""","""""","9.9","{breed flowholders}","true","1","1","""up""",
"162","75","223","31","41","""default""","""""","9.9","{breed flowholders}","true","1","1","""up""",
"163","35","88","24","2","""default""","""""","9.9","{breed flowholders}","true","1","1","""up""",
"164","15","133","34","39","""default""","""""","9.9","{breed flowholders}","true","1","1","""up""",
"165","115","231","10","20","""default""","""""","9.9","{breed flowholders}","true","1","1","""up""",
"166","15","40","18","29","""default""","""""","9.9","{breed flowholders}","true","1","1","""up""",
"167","85","293","39","28","""default""","""""","9.9","{breed flowholders}","true","1","1","""up""",
"168","95","342","4","36","""default""","""""","9.9","{breed flowholders}","true","1","1","""up""",
"169","85","137","28","3","""default""","""""","9.9","{breed flowholders}","true","1","1","""up""",
"170","105","178","18","48","""default""","""""","9.9","{breed flowholders}","true","1","1","""up""",
"171","55","204","39","7","""default""","""""","9.9","{breed flowholders}","true","1","1","""up""",
"172","115","270","32","42","""default""","""""","9.9","{breed flowholders}","true","1","1","""up""",
"173","97","0","27","49","""line half""","""""","9.9","{breed flowholders}","false","1","1","""up""",
"174","45","104","37","39","""default""","""""","9.9","{breed flowholders}","true","1","1","""up""",
"175","97","270","0","11","""line half""","""""","9.9","{breed flowholders}","false","1","1","""up""",
"176","105","291","15","19","""default""","""""","9.9","{breed flowholders}","true","1","1","""up""",
"177","55","16","14","42","""default""","""""","9.9","{breed flowholders}","true","1","1","""up""",
"178","135","88","20","5","""default""","""""","9.9","{breed flowholders}","true","1","1","""up""",
"179","15","350","48","5","""default""","""""","9.9","{breed flowholders}","true","1","1","""up""",
"180","5","101","47","16","""default""","""""","9.9","{breed flowholders}","true","1","1","""up""",
"181","65","17","5","2","""default""","""""","9.9","{breed flowholders}","true","1","1","""up""",
"182","75","284","25","31","""default""","""""","9.9","{breed flowholders}","true","1","1","""up""",
"183","75","158","26","21","""default""","""""","9.9","{breed flowholders}","true","1","1","""up""",
"184","15","325","1","20","""default""","""""","9.9","{breed flowholders}","true","1","1","""up""",
"185","85","58","7","10","""default""","""""","9.9","{breed flowholders}","true","1","1","""up""",
"186","75","227","27","37","""default""","""""","9.9","{breed flowholders}","true","1","1","""up""",
"187","75","225","43","11","""default""","""""","9.9","{breed flowholders}","true","1","1","""up""",
"188","125","206","12","21","""default""","""""","9.9","{breed flowholders}","true","1","1","""up""",
"189","125","99","21","25","""default""","""""","9.9","{breed flowholders}","true","1","1","""up""",
"190","85","136","24","47","""default""","""""","9.9","{breed flowholders}","true","1","1","""up""",
"191","135","340","17","2","""default""","""""","9.9","{breed flowholders}","true","1","1","""up""",
"192","95","221","5","3","""default""","""""","9.9","{breed flowholders}","true","1","1","""up""",
"193","135","327","40","4","""default""","""""","9.9","{breed flowholders}","true","1","1","""up""",
"194","65","107","26","35","""default""","""""","9.9","{breed flowholders}","true","1","1","""up""",
"195","95","147","34","23","""default""","""""","9.9","{breed flowholders}","true","1","1","""up""",
"196","25","188","35","22","""default""","""""","9.9","{breed flowholders}","true","1","1","""up""",
"197","15","164","13","29","""default""","""""","9.9","{breed flowholders}","true","1","1","""up""",
"198","95","65","15","22","""default""","""""","9.9","{breed flowholders}","true","1","1","""up""",
"199","45","141","10","2","""default""","""""","9.9","{breed flowholders}","true","1","1","""up""",
"200","95","31","25","24","""default""","""""","9.9","{breed flowholders}","true","1","1","""up""",
"201","75","311","1","13","""default""","""""","9.9","{breed flowholders}","true","1","1","""up""",
"202","97","90","49","19","""line half""","""""","9.9","{breed flowholders}","false","1","1","""up""",
"203","75","263","31","2","""default""","""""","9.9","{breed flowholders}","true","1","1","""up""",
"204","95","340","5","28","""default""","""""","9.9","{breed flowholders}","true","1","1","""up""",
"205","135","300","25","44","""default""","""""","9.9","{breed flowholders}","true","1","1","""up""",
"206","35","170","43","15","""default""","""""","9.9","{breed flowholders}","true","1","1","""up""",
"207","75","242","40","26","""default""","""""","9.9","{breed flowholders}","true","1","1","""up""",
"208","135","110","18","1","""default""","""""","9.9","{breed flowholders}","true","1","1","""up""",
"209","115","172","21","3","""default""","""""","9.9","{breed flowholders}","true","1","1","""up""",
"210","15","42","39","27","""default""","""""","9.9","{breed flowholders}","true","1","1","""up""",
"211","15","135","19","21","""default""","""""","9.9","{breed flowholders}","true","1","1","""up""",
"212","97","0","9","49","""line half""","""""","9.9","{breed flowholders}","false","1","1","""up""",
"213","15","346","19","22","""default""","""""","9.9","{breed flowholders}","true","1","1","""up""",
"214","125","355","24","4","""default""","""""","9.9","{breed flowholders}","true","1","1","""up""",
"215","135","76","1","24","""default""","""""","9.9","{breed flowholders}","true","1","1","""up""",
"216","65","286","33","27","""default""","""""","9.9","{breed flowholders}","true","1","1","""up""",
"217","15","243","30","6","""default""","""""","9.9","{breed flowholders}","true","1","1","""up""",
"218","85","297","11","6","""default""","""""","9.9","{breed flowholders}","true","1","1","""up""",
"219","125","275","34","18","""default""","""""","9.9","{breed flowholders}","true","1","1","""up""",
"220","105","343","1","1","""default""","""""","9.9","{breed flowholders}","true","1","1","""up""",
"221","105","85","23","3","""default""","""""","9.9","{breed flowholders}","true","1","1","""up""",
"222","55","164","31","35","""default""","""""","9.9","{breed flowholders}","true","1","1","""up""",
"223","97","90","49","0","""line half""","""""","9.9","{breed flowholders}","false","1","1","""up""",
"224","25","172","4","30","""default""","""""","9.9","{breed flowholders}","true","1","1","""up""",
"225","105","209","31","27","""default""","""""","9.9","{breed flowholders}","true","1","1","""up""",
"226","25","122","10","4","""default""","""""","9.9","{breed flowholders}","true","1","1","""up""",
"227","5","150","21","47","""default""","""""","9.9","{breed flowholders}","true","1","1","""up""",
"228","25","236","18","26","""default""","""""","9.9","{breed flowholders}","true","1","1","""up""",
"229","125","49","15","12","""default""","""""","9.9","{breed flowholders}","true","1","1","""up""",
"230","96.92490563154387","0","42","49","""line half""","""""","9.9","{breed flowholders}","false","1","1","""up""",
"231","75","86","38","20","""default""","""""","9.9","{breed flowholders}","true","1","1","""up""",
"232","75","78","23","10","""default""","""""","9.9","{breed flowholders}","true","1","1","""up""",
"233","125","99","42","45","""default""","""""","9.9","{breed flowholders}","true","1","1","""up""",
"234","97","0","13","49","""line half""","""""","9.9","{breed flowholders}","false","1","1","""up""",
"235","135","224","48","38","""default""","""""","9.9","{breed flowholders}","true","1","1","""up""",
"236","95","62","44","43","""default""","""""","9.9","{breed flowholders}","true","1","1","""up""",
"237","25","15","31","26","""default""","""""","9.9","{breed flowholders}","true","1","1","""up""",
"238","55","174","23","22","""default""","""""","9.9","{breed flowholders}","true","1","1","""up""",
"239","65","315","41","19","""default""","""""","9.9","{breed flowholders}","true","1","1","""up""",
"240","135","105","38","37","""default""","""""","9.9","{breed flowholders}","true","1","1","""up""",
"241","55","289","24","32","""default""","""""","9.9","{breed flowholders}","true","1","1","""up""",
"242","45","84","35","35","""default""","""""","9.9","{breed flowholders}","true","1","1","""up""",
"243","35","314","30","31","""default""","""""","9.9","{breed flowholders}","true","1","1","""up""",
"244","85","268","31","9","""default""","""""","9.9","{breed flowholders}","true","1","1","""up""",
"245","75","129","17","29","""default""","""""","9.9","{breed flowholders}","true","1","1","""up""",
"246","95","17","36","23","""default""","""""","9.9","{breed flowholders}","true","1","1","""up""",
"247","35","356","35","38","""default""","""""","9.9","{breed flowholders}","true","1","1","""up""",
"248","65","84","35","21","""default""","""""","9.9","{breed flowholders}","true","1","1","""up""",
"249","45","85","29","46","""default""","""""","9.9","{breed flowholders}","true","1","1","""up""",
"250","25","13","14","22","""default""","""""","9.9","{breed flowholders}","true","1","1","""up""",
"251","55","16","32","26","""default""","""""","9.9","{breed flowholders}","true","1","1","""up""",
"252","35","103","10","21","""default""","""""","9.9","{breed flowholders}","true","1","1","""up""",
"253","65","206","23","27","""default""","""""","9.9","{breed flowholders}","true","1","1","""up""",
"254","15","128","42","36","""default""","""""","9.9","{breed flowholders}","true","1","1","""up""",
"255","45","199","45","43","""default""","""""","9.9","{breed flowholders}","true","1","1","""up""",
"256","5","140","19","46","""default""","""""","9.9","{breed flowholders}","true","1","1","""up""",
"257","125","229","28","10","""default""","""""","9.9","{breed flowholders}","true","1","1","""up""",
"258","105","246","25","30","""default""","""""","9.9","{breed flowholders}","true","1","1","""up""",
"259","125","359","30","7","""default""","""""","9.9","{breed flowholders}","true","1","1","""up""",
"260","25","263","48","2","""default""","""""","9.9","{breed flowholders}","true","1","1","""up""",
"261","97","180","23","0","""line half""","""""","9.9","{breed flowholders}","false","1","1","""up""",
"262","115","349","2","38","""default""","""""","9.9","{breed flowholders}","true","1","1","""up""",
"263","115","179","19","30","""default""","""""","9.9","{breed flowholders}","true","1","1","""up""",
"264","25","97","27","44","""default""","""""","9.9","{breed flowholders}","true","1","1","""up""",
"265","85","124","41","7","""default""","""""","9.9","{breed flowholders}","true","1","1","""up""",
"266","65","330","13","21","""default""","""""","9.9","{breed flowholders}","true","1","1","""up""",
"267","65","347","4","48","""default""","""""","9.9","{breed flowholders}","true","1","1","""up""",
"268","5","343","3","15","""default""","""""","9.9","{breed flowholders}","true","1","1","""up""",
"269","25","157","12","11","""default""","""""","9.9","{breed flowholders}","true","1","1","""up""",
"270","35","290","11","29","""default""","""""","9.9","{breed flowholders}","true","1","1","""up""",
"271","135","51","39","3","""default""","""""","9.9","{breed flowholders}","true","1","1","""up""",
"272","25","329","38","28","""default""","""""","9.9","{breed flowholders}","true","1","1","""up""",
"273","105","226","17","28","""default""","""""","9.9","{breed flowholders}","true","1","1","""up""",
"274","25","57","12","3","""default""","""""","9.9","{breed flowholders}","true","1","1","""up""",
"275","55","52","1","5","""default""","""""","9.9","{breed flowholders}","true","1","1","""up""",
"276","97","0","45","49","""line half""","""""","9.9","{breed flowholders}","false","1","1","""up""",
"277","65","128","43","3","""default""","""""","9.9","{breed flowholders}","true","1","1","""up""",
"278","15","77","19","47","""default""","""""","9.9","{breed flowholders}","true","1","1","""up""",
"279","95","255","12","25","""default""","""""","9.9","{breed flowholders}","true","1","1","""up""",
"280","115","242","3","26","""default""","""""","9.9","{breed flowholders}","true","1","1","""up""",
"281","65","28","26","39","""default""","""""","9.9","{breed flowholders}","true","1","1","""up""",
"282","65","296","11","26","""default""","""""","9.9","{breed flowholders}","true","1","1","""up""",
"283","75","341","8","44","""default""","""""","9.9","{breed flowholders}","true","1","1","""up""",
"284","125","101","24","14","""default""","""""","9.9","{breed flowholders}","true","1","1","""up""",
"285","55","45","34","6","""default""","""""","9.9","{breed flowholders}","true","1","1","""up""",
"286","55","78","15","15","""default""","""""","9.9","{breed flowholders}","true","1","1","""up""",
"287","135","246","45","29","""default""","""""","9.9","{breed flowholders}","true","1","1","""up""",
"288","97","0","6","49","""line half""","""""","9.9","{breed flowholders}","false","1","1","""up""",
"289","45","327","19","3","""default""","""""","9.9","{breed flowholders}","true","1","1","""up""",
"290","65","125","18","30","""default""","""""","9.9","{breed flowholders}","true","1","1","""up""",
"291","97","90","49","27","""line half""","""""","9.9","{breed flowholders}","false","1","1","""up""",
"292","125","230","9","4","""default""","""""","9.9","{breed flowholders}","true","1","1","""up""",
"293","75","212","26","34","""default""","""""","9.9","{breed flowholders}","true","1","1","""up""",
"294","97","180","11","0","""line half""","""""","9.9","{breed flowholders}","false","1","1","""up""",
"295","75","136","23","33","""default""","""""","9.9","{breed flowholders}","true","1","1","""up""",
"296","135","167","19","1","""default""","""""","9.9","{breed flowholders}","true","1","1","""up""",
"297","15","108","39","26","""default""","""""","9.9","{breed flowholders}","true","1","1","""up""",
"298","135","270","17","36","""default""","""""","9.9","{breed flowholders}","true","1","1","""up""",
"299","97","270","0","37","""line half""","""""","9.9","{breed flowholders}","false","1","1","""up""",
"300","75","23","5","1","""default""","""""","9.9","{breed flowholders}","true","1","1","""up""",
"301","95","331","33","33","""default""","""""","9.9","{breed flowholders}","true","1","1","""up""",
"302","96.99459834877914","180","10","0","""line half""","""""","9.9","{breed flowholders}","false","1","1","""up""",
"303","105","15","12","6","""default""","""""","9.9","{breed flowholders}","true","1","1","""up""",
"304","45","6","6","41","""default""","""""","9.9","{breed flowholders}","true","1","1","""up""",
"305","15","157","27","47","""default""","""""","9.9","{breed flowholders}","true","1","1","""up""",
"306","75","159","43","44","""default""","""""","9.9","{breed flowholders}","true","1","1","""up""",
"307","95","214","43","37","""default""","""""","9.9","{breed flowholders}","true","1","1","""up""",
"308","95","181","24","23","""default""","""""","9.9","{breed flowholders}","true","1","1","""up""",
"309","25","273","37","43","""default""","""""","9.9","{breed flowholders}","true","1","1","""up""",
"310","97","180","40","0","""line half""","""""","9.9","{breed flowholders}","false","1","1","""up""",
"311","75","322","29","6","""default""","""""","9.9","{breed flowholders}","true","1","1","""up""",
"312","65","197","25","38","""default""","""""","9.9","{breed flowholders}","true","1","1","""up""",
"313","95","207","30","38","""default""","""""","9.9","{breed flowholders}","true","1","1","""up""",
"314","5","187","2","8","""default""","""""","9.9","{breed flowholders}","true","1","1","""up""",
"315","125","196","48","45","""default""","""""","9.9","{breed flowholders}","true","1","1","""up""",
"316","97","0","26","49","""line half""","""""","9.9","{breed flowholders}","false","1","1","""up""",
"317","65","291","14","40","""default""","""""","9.9","{breed flowholders}","true","1","1","""up""",
"318","45","338","42","5","""default""","""""","9.9","{breed flowholders}","true","1","1","""up""",
"319","65","47","14","26","""default""","""""","9.9","{breed flowholders}","true","1","1","""up""",
"320","125","352","28","43","""default""","""""","9.9","{breed flowholders}","true","1","1","""up""",
"321","5","244","29","47","""default""","""""","9.9","{breed flowholders}","true","1","1","""up""",
"322","95","185","8","45","""default""","""""","9.9","{breed flowholders}","true","1","1","""up""",
"323","55","301","11","43","""default""","""""","9.9","{breed flowholders}","true","1","1","""up""",
"324","5","303","45","13","""default""","""""","9.9","{breed flowholders}","true","1","1","""up""",
"325","15","107","44","13","""default""","""""","9.9","{breed flowholders}","true","1","1","""up""",
"326","5","123","31","5","""default""","""""","9.9","{breed flowholders}","true","1","1","""up""",
"327","85","90","19","45","""default""","""""","9.9","{breed flowholders}","true","1","1","""up""",
"328","105","162","8","39","""default""","""""","9.9","{breed flowholders}","true","1","1","""up""",
"329","35","234","35","23","""default""","""""","9.9","{breed flowholders}","true","1","1","""up""",
"330","65","359","40","18","""default""","""""","9.9","{breed flowholders}","true","1","1","""up""",
"331","125","217","29","21","""default""","""""","9.9","{breed flowholders}","true","1","1","""up""",
"332","35","152","6","15","""default""","""""","9.9","{breed flowholders}","true","1","1","""up""",
"333","35","208","40","1","""default""","""""","9.9","{breed flowholders}","true","1","1","""up""",
"334","95","66","37","30","""default""","""""","9.9","{breed flowholders}","true","1","1","""up""",
"335","75","200","35","31","""default""","""""","9.9","{breed flowholders}","true","1","1","""up""",
"336","5","21","2","25","""default""","""""","9.9","{breed flowholders}","true","1","1","""up""",
"337","35","119","11","1","""default""","""""","9.9","{breed flowholders}","true","1","1","""up""",
"338","55","90","45","37","""default""","""""","9.9","{breed flowholders}","true","1","1","""up""",
"339","75","268","40","5","""default""","""""","9.9","{breed flowholders}","true","1","1","""up""",
"340","97","90","49","11","""line half""","""""","9.9","{breed flowholders}","false","1","1","""up""",
"341","125","173","39","19","""default""","""""","9.9","{breed flowholders}","true","1","1","""up""",
"342","95","263","6","31","""default""","""""","9.9","{breed flowholders}","true","1","1","""up""",
"343","105","183","4","28","""default""","""""","9.9","{breed flowholders}","true","1","1","""up""",
"344","105","351","48","25","""default""","""""","9.9","{breed flowholders}","true","1","1","""up""",
"345","85","161","5","29","""default""","""""","9.9","{breed flowholders}","true","1","1","""up""",
"346","95","117","43","4","""default""","""""","9.9","{breed flowholders}","true","1","1","""up""",
"347","5","307","25","48","""default""","""""","9.9","{breed flowholders}","true","1","1","""up""",
"348","105","153","41","27","""default""","""""","9.9","{breed flowholders}","true","1","1","""up""",
"349","25","297","23","12","""default""","""""","9.9","{breed flowholders}","true","1","1","""up""",
"350","97","270","0","25","""line half""","""""","9.9","{breed flowholders}","false","1","1","""up""",
"351","135","83","12","43","""default""","""""","9.9","{breed flowholders}","true","1","1","""up""",
"352","95","343","7","39","""default""","""""","9.9","{breed flowholders}","true","1","1","""up""",
"353","105","49","41","2","""default""","""""","9.9","{breed flowholders}","true","1","1","""up""",
"354","96.99459834877914","180","5","0","""line half""","""""","9.9","{breed flowholders}","false","1","1","""up""",
"355","75","46","17","7","""default""","""""","9.9","{breed flowholders}","true","1","1","""up""",
"356","35","334","16","45","""default""","""""","9.9","{breed flowholders}","true","1","1","""up""",
"357","5","17","28","30","""default""","""""","9.9","{breed flowholders}","true","1","1","""up""",
"358","115","13","38","40","""default""","""""","9.9","{breed flowholders}","true","1","1","""up""",
"359","97","270","0","5","""line half""","""""","9.9","{breed flowholders}","false","1","1","""up""",
"360","55","218","31","43","""default""","""""","9.9","{breed flowholders}","true","1","1","""up""",
"361","5","70","28","46","""default""","""""","9.9","{breed flowholders}","true","1","1","""up""",
"362","125","209","35","1","""default""","""""","9.9","{breed flowholders}","true","1","1","""up""",
"363","55","203","17","25","""default""","""""","9.9","{breed flowholders}","true","1","1","""up""",
"364","55","227","44","37","""default""","""""","9.9","{breed flowholders}","true","1","1","""up""",
"365","97","270","0","48","""line half""","""""","9.9","{breed flowholders}","false","1","1","""up""",
"366","125","153","9","10","""default""","""""","9.9","{breed flowholders}","true","1","1","""up""",
"367","135","115","38","29","""default""","""""","9.9","{breed flowholders}","true","1","1","""up""",
"368","25","348","7","4","""default""","""""","9.9","{breed flowholders}","true","1","1","""up""",
"369","15","155","39","39","""default""","""""","9.9","{breed flowholders}","true","1","1","""up""",
"370","115","82","23","15","""default""","""""","9.9","{breed flowholders}","true","1","1","""up""",
"371","115","5","26","45","""default""","""""","9.9","{breed flowholders}","true","1","1","""up""",
"372","45","193","27","18","""default""","""""","9.9","{breed flowholders}","true","1","1","""up""",
"373","55","99","17","47","""default""","""""","9.9","{breed flowholders}","true","1","1","""up""",
"374","15","152","20","22","""default""","""""","9.9","{breed flowholders}","true","1","1","""up""",
"375","65","226","41","44","""default""","""""","9.9","{breed flowholders}","true","1","1","""up""",
"376","15","270","12","44","""default""","""""","9.9","{breed flowholders}","true","1","1","""up""",
"377","105","346","42","3","""default""","""""","9.9","{breed flowholders}","true","1","1","""up""",
"378","105","338","3","46","""default""","""""","9.9","{breed flowholders}","true","1","1","""up""",
"379","125","72","37","22","""default""","""""","9.9","{breed flowholders}","true","1","1","""up""",
"380","75","8","9","25","""default""","""""","9.9","{breed flowholders}","true","1","1","""up""",
"381","125","253","13","20","""default""","""""","9.9","{breed flowholders}","true","1","1","""up""",
"382","105","183","32","25","""default""","""""","9.9","{breed flowholders}","true","1","1","""up""",
"383","5","345","46","19","""default""","""""","9.9","{breed flowholders}","true","1","1","""up""",
"384","95","341","5","21","""default""","""""","9.9","{breed flowholders}","true","1","1","""up""",
"385","85","69","6","29","""default""","""""","9.9","{breed flowholders}","true","1","1","""up""",
"386","135","162","8","43","""default""","""""","9.9","{breed flowholders}","true","1","1","""up""",
"387","5","99","19","10","""default""","""""","9.9","{breed flowholders}","true","1","1","""up""",
"388","75","62","6","1","""default""","""""","9.9","{breed flowholders}","true","1","1","""up""",
"389","65","327","46","39","""default""","""""","9.9","{breed flowholders}","true","1","1","""up""",
"390","25","297","4","3","""default""","""""","9.9","{breed flowholders}","true","1","1","""up""",
"391","115","299","34","16","""default""","""""","9.9","{breed flowholders}","true","1","1","""up""",
"392","45","88","39","29","""default""","""""","9.9","{breed flowholders}","true","1","1","""up""",
"393","97","90","49","35","""line half""","""""","9.9","{breed flowholders}","false","1","1","""up""",
"394","45","332","19","40","""default""","""""","9.9","{breed flowholders}","true","1","1","""up""",
"395","85","326","38","27","""default""","""""","9.9","{breed flowholders}","true","1","1","""up""",
"396","45","93","36","24","""default""","""""","9.9","{breed flowholders}","true","1","1","""up""",
"397","5","120","1","11","""default""","""""","9.9","{breed flowholders}","true","1","1","""up""",
"398","45","175","36","38","""default""","""""","9.9","{breed flowholders}","true","1","1","""up""",
"399","115","173","35","27","""default""","""""","9.9","{breed flowholders}","true","1","1","""up""",
"400","105","88","18","41","""default""","""""","9.9","{breed flowholders}","true","1","1","""up""",
"401","135","4","36","43","""default""","""""","9.9","{breed flowholders}","true","1","1","""up""",
"402","125","53","10","1","""default""","""""","9.9","{breed flowholders}","true","1","1","""up""",
"403","25","11","36","27","""default""","""""","9.9","{breed flowholders}","true","1","1","""up""",
"404","115","234","29","7","""default""","""""","9.9","{breed flowholders}","true","1","1","""up""",
"405","45","180","48","30","""default""","""""","9.9","{breed flowholders}","true","1","1","""up""",
"406","97","180","25","0","""line half""","""""","9.9","{breed flowholders}","false","1","1","""up""",
"407","85","69","21","32","""default""","""""","9.9","{breed flowholders}","true","1","1","""up""",
"408","115","320","21","8","""default""","""""","9.9","{breed flowholders}","true","1","1","""up""",
"409","35","221","19","12","""default""","""""","9.9","{breed flowholders}","true","1","1","""up""",
"410","5","158","22","36","""default""","""""","9.9","{breed flowholders}","true","1","1","""up""",
"411","45","131","8","4","""default""","""""","9.9","{breed flowholders}","true","1","1","""up""",
"412","115","15","48","48","""default""","""""","9.9","{breed flowholders}","true","1","1","""up""",
"413","5","230","32","38","""default""","""""","9.9","{breed flowholders}","true","1","1","""up""",
"414","85","278","3","22","""default""","""""","9.9","{breed flowholders}","true","1","1","""up""",
"415","97","0","28","49","""line half""","""""","9.9","{breed flowholders}","false","1","1","""up""",
"416","65","136","22","31","""default""","""""","9.9","{breed flowholders}","true","1","1","""up""",
"417","5","110","31","4","""default""","""""","9.9","{breed flowholders}","true","1","1","""up""",
"418","105","248","39","48","""default""","""""","9.9","{breed flowholders}","true","1","1","""up""",
"419","105","245","14","36","""default""","""""","9.9","{breed flowholders}","true","1","1","""up""",
"420","85","181","33","46","""default""","""""","9.9","{breed flowholders}","true","1","1","""up""",
"421","85","168","21","42","""default""","""""","9.9","{breed flowholders}","true","1","1","""up""",
"422","15","224","38","8","""default""","""""","9.9","{breed flowholders}","true","1","1","""up""",
"423","45","122","45","45","""default""","""""","9.9","{breed flowholders}","true","1","1","""up""",
"424","85","145","38","30","""default""","""""","9.9","{breed flowholders}","true","1","1","""up""",
"425","5","299","17","21","""default""","""""","9.9","{breed flowholders}","true","1","1","""up""",
"426","125","236","9","48","""default""","""""","9.9","{breed flowholders}","true","1","1","""up""",
"427","135","74","23","43","""default""","""""","9.9","{breed flowholders}","true","1","1","""up""",
"428","125","82","25","17","""default""","""""","9.9","{breed flowholders}","true","1","1","""up""",
"429","115","235","8","25","""default""","""""","9.9","{breed flowholders}","true","1","1","""up""",
"430","5","124","41","22","""default""","""""","9.9","{breed flowholders}","true","1","1","""up""",
"431","115","189","9","44","""default""","""""","9.9","{breed flowholders}","true","1","1","""up""",
"432","125","238","10","19","""default""","""""","9.9","{breed flowholders}","true","1","1","""up""",
"433","65","2","36","49","""default""","""""","9.9","{breed flowholders}","true","1","1","""up""",
"434","125","242","21","14","""default""","""""","9.9","{breed flowholders}","true","1","1","""up""",
"435","115","155","11","35","""default""","""""","9.9","{breed flowholders}","true","1","1","""up""",
"436","135","280","6","20","""default""","""""","9.9","{breed flowholders}","true","1","1","""up""",
"437","25","126","10","18","""default""","""""","9.9","{breed flowholders}","true","1","1","""up""",
"438","135","45","29","42","""default""","""""","9.9","{breed flowholders}","true","1","1","""up""",
"439","15","105","27","21","""default""","""""","9.9","{breed flowholders}","true","1","1","""up""",
"440","75","56","32","23","""default""","""""","9.9","{breed flowholders}","true","1","1","""up""",
"441","135","256","15","26","""default""","""""","9.9","{breed flowholders}","true","1","1","""up""",
"442","85","102","12","34","""default""","""""","9.9","{breed flowholders}","true","1","1","""up""",
"443","15","319","10","47","""default""","""""","9.9","{breed flowholders}","true","1","1","""up""",
"444","135","194","42","9","""default""","""""","9.9","{breed flowholders}","true","1","1","""up""",
"445","95","52","47","24","""default""","""""","9.9","{breed flowholders}","true","1","1","""up""",
"446","97","270","0","42","""line half""","""""","9.9","{breed flowholders}","false","1","1","""up""",
"447","15","88","45","40","""default""","""""","9.9","{breed flowholders}","true","1","1","""up""",
"448","135","26","21","43","""default""","""""","9.9","{breed flowholders}","true","1","1","""up""",
"449","85","317","13","27","""default""","""""","9.9","{breed flowholders}","true","1","1","""up""",
"450","135","224","7","20","""default""","""""","9.9","{breed flowholders}","true","1","1","""up""",
"451","105","318","8","46","""default""","""""","9.9","{breed flowholders}","true","1","1","""up""",
"452","105","323","31","19","""default""","""""","9.9","{breed flowholders}","true","1","1","""up""",
"453","75","96","36","1","""default""","""""","9.9","{breed flowholders}","true","1","1","""up""",
"454","65","210","33","35","""default""","""""","9.9","{breed flowholders}","true","1","1","""up""",
"455","95","271","9","35","""default""","""""","9.9","{breed flowholders}","true","1","1","""up""",
"456","97","90","49","1","""line half""","""""","9.9","{breed flowholders}","false","1","1","""up""",
"457","15","231","46","17","""default""","""""","9.9","{breed flowholders}","true","1","1","""up""",
"458","95","359","31","17","""default""","""""","9.9","{breed flowholders}","true","1","1","""up""",
"459","97","0","19","49","""line half""","""""","9.9","{breed flowholders}","false","1","1","""up""",
"460","45","94","19","11","""default""","""""","9.9","{breed flowholders}","true","1","1","""up""",
"461","45","246","9","38","""default""","""""","9.9","{breed flowholders}","true","1","1","""up""",
"462","135","57","17","12","""default""","""""","9.9","{breed flowholders}","true","1","1","""up""",
"463","5","154","29","45","""default""","""""","9.9","{breed flowholders}","true","1","1","""up""",
"464","25","28","7","45","""default""","""""","9.9","{breed flowholders}","true","1","1","""up""",
"465","85","46","3","21","""default""","""""","9.9","{breed flowholders}","true","1","1","""up""",
"466","65","15","33","29","""default""","""""","9.9","{breed flowholders}","true","1","1","""up""",
"467","35","257","25","33","""default""","""""","9.9","{breed flowholders}","true","1","1","""up""",
"468","65","48","1","40","""default""","""""","9.9","{breed flowholders}","true","1","1","""up""",
"469","115","18","10","11","""default""","""""","9.9","{breed flowholders}","true","1","1","""up""",
"470","5","80","40","15","""default""","""""","9.9","{breed flowholders}","true","1","1","""up""",
"471","55","282","36","9","""default""","""""","9.9","{breed flowholders}","true","1","1","""up""",
"472","95","132","6","43","""default""","""""","9.9","{breed flowholders}","true","1","1","""up""",
"473","95","168","25","25","""default""","""""","9.9","{breed flowholders}","true","1","1","""up""",
"474","105","344","13","35","""default""","""""","9.9","{breed flowholders}","true","1","1","""up""",
"475","135","272","36","25","""default""","""""","9.9","{breed flowholders}","true","1","1","""up""",
"476","97","270","0","19","""line half""","""""","9.9","{breed flowholders}","false","1","1","""up""",
"477","75","335","43","36","""default""","""""","9.9","{breed flowholders}","true","1","1","""up""",
"478","105","193","39","32","""default""","""""","9.9","{breed flowholders}","true","1","1","""up""",
"479","85","226","2","21","""default""","""""","9.9","{breed flowholders}","true","1","1","""up""",
"480","5","92","25","40","""default""","""""","9.9","{breed flowholders}","true","1","1","""up""",
"481","35","86","43","22","""default""","""""","9.9","{breed flowholders}","true","1","1","""up""",
"482","25","124","21","30","""default""","""""","9.9","{breed flowholders}","true","1","1","""up""",
"483","75","235","11","34","""default""","""""","9.9","{breed flowholders}","true","1","1","""up""",
"484","35","140","6","34","""default""","""""","9.9","{breed flowholders}","true","1","1","""up""",
"485","45","264","1","4","""default""","""""","9.9","{breed flowholders}","true","1","1","""up""",
"486","125","86","17","20","""default""","""""","9.9","{breed flowholders}","true","1","1","""up""",
"487","55","346","36","36","""default""","""""","9.9","{breed flowholders}","true","1","1","""up""",
"488","55","295","14","12","""default""","""""","9.9","{breed flowholders}","true","1","1","""up""",
"489","95","179","23","44","""default""","""""","9.9","{breed flowholders}","true","1","1","""up""",
"490","125","260","47","35","""default""","""""","9.9","{breed flowholders}","true","1","1","""up""",
"491","125","260","48","27","""default""","""""","9.9","{breed flowholders}","true","1","1","""up""",
"492","25","212","9","33","""default""","""""","9.9","{breed flowholders}","true","1","1","""up""",
"493","65","56","47","21","""default""","""""","9.9","{breed flowholders}","true","1","1","""up""",
"494","45","155","11","10","""default""","""""","9.9","{breed flowholders}","true","1","1","""up""",
"495","97","270","0","32","""line half""","""""","9.9","{breed flowholders}","false","1","1","""up""",
"496","85","28","48","10","""default""","""""","9.9","{breed flowholders}","true","1","1","""up""",
"497","75","19","34","15","""default""","""""","9.9","{breed flowholders}","true","1","1","""up""",
"498","15","56","44","27","""default""","""""","9.9","{breed flowholders}","true","1","1","""up""",
"499","25","209","24","28","""default""","""""","9.9","{breed flowholders}","true","1","1","""up""",
"500","97","180","14","0","""line half""","""""","9.9","{breed flowholders}","false","1","1","""up""",
"501","97","270","0","40","""line half""","""""","9.9","{breed flowholders}","false","1","1","""up""",
"502","75","221","15","17","""default""","""""","9.9","{breed flowholders}","true","1","1","""up""",
"503","5","119","20","18","""default""","""""","9.9","{breed flowholders}","true","1","1","""up""",
"504","125","150","31","15","""default""","""""","9.9","{breed flowholders}","true","1","1","""up""",
"505","15","350","48","29","""default""","""""","9.9","{breed flowholders}","true","1","1","""up""",
"506","15","196","26","8","""default""","""""","9.9","{breed flowholders}","true","1","1","""up""",
"507","5","44","43","42","""default""","""""","9.9","{breed flowholders}","true","1","1","""up""",
"508","135","153","31","3","""default""","""""","9.9","{breed flowholders}","true","1","1","""up""",
"509","75","241","35","41","""default""","""""","9.9","{breed flowholders}","true","1","1","""up""",
"510","5","299","41","37","""default""","""""","9.9","{breed flowholders}","true","1","1","""up""",
"511","55","170","34","8","""default""","""""","9.9","{breed flowholders}","true","1","1","""up""",
"512","45","135","47","13","""default""","""""","9.9","{breed flowholders}","true","1","1","""up""",
"513","55","66","27","3","""default""","""""","9.9","{breed flowholders}","true","1","1","""up""",
"514","105","7","10","31","""default""","""""","9.9","{breed flowholders}","true","1","1","""up""",
"515","115","263","43","23","""default""","""""","9.9","{breed flowholders}","true","1","1","""up""",
"516","15","280","9","3","""default""","""""","9.9","{breed flowholders}","true","1","1","""up""",
"517","97","180","28","0","""line half""","""""","9.9","{breed flowholders}","false","1","1","""up""",
"518","125","59","25","47","""default""","""""","9.9","{breed flowholders}","true","1","1","""up""",
"519","135","108","37","21","""default""","""""","9.9","{breed flowholders}","true","1","1","""up""",
"520","97","270","0","23","""line half""","""""","9.9","{breed flowholders}","false","1","1","""up""",
"521","45","320","18","35","""default""","""""","9.9","{breed flowholders}","true","1","1","""up""",
"522","55","137","44","7","""default""","""""","9.9","{breed flowholders}","true","1","1","""up""",
"523","105","270","30","45","""default""","""""","9.9","{breed flowholders}","true","1","1","""up""",
"524","45","190","40","35","""default""","""""","9.9","{breed flowholders}","true","1","1","""up""",
"525","5","69","46","22","""default""","""""","9.9","{breed flowholders}","true","1","1","""up""",
"526","105","68","29","27","""default""","""""","9.9","{breed flowholders}","true","1","1","""up""",
"527","15","103","29","3","""default""","""""","9.9","{breed flowholders}","true","1","1","""up""",
"528","5","181","25","4","""default""","""""","9.9","{breed flowholders}","true","1","1","""up""",
"529","25","186","28","25","""default""","""""","9.9","{breed flowholders}","true","1","1","""up""",
"530","135","267","17","31","""default""","""""","9.9","{breed flowholders}","true","1","1","""up""",
"531","45","265","36","16","""default""","""""","9.9","{breed flowholders}","true","1","1","""up""",
"532","95","303","22","17","""default""","""""","9.9","{breed flowholders}","true","1","1","""up""",
"533","105","358","33","8","""default""","""""","9.9","{breed flowholders}","true","1","1","""up""",
"534","97","270","0","43","""line half""","""""","9.9","{breed flowholders}","false","1","1","""up""",
"535","85","236","28","7","""default""","""""","9.9","{breed flowholders}","true","1","1","""up""",
"536","45","233","9","34","""default""","""""","9.9","{breed flowholders}","true","1","1","""up""",
"537","25","298","5","46","""default""","""""","9.9","{breed flowholders}","true","1","1","""up""",
"538","115","289","17","5","""default""","""""","9.9","{breed flowholders}","true","1","1","""up""",
"539","95","119","31","14","""default""","""""","9.9","{breed flowholders}","true","1","1","""up""",
"540","115","191","43","20","""default""","""""","9.9","{breed flowholders}","true","1","1","""up""",
"541","95","37","11","42","""default""","""""","9.9","{breed flowholders}","true","1","1","""up""",
"542","97","90","49","37","""line half""","""""","9.9","{breed flowholders}","false","1","1","""up""",
"543","97","0","31","49","""line half""","""""","9.9","{breed flowholders}","false","1","1","""up""",
"544","55","90","14","13","""default""","""""","9.9","{breed flowholders}","true","1","1","""up""",
"545","115","88","4","45","""default""","""""","9.9","{breed flowholders}","true","1","1","""up""",
"546","45","308","5","8","""default""","""""","9.9","{breed flowholders}","true","1","1","""up""",
"547","45","9","24","29","""default""","""""","9.9","{breed flowholders}","true","1","1","""up""",
"548","55","175","45","25","""default""","""""","9.9","{breed flowholders}","true","1","1","""up""",
"549","15","0","37","41","""default""","""""","9.9","{breed flowholders}","true","1","1","""up""",
"550","95","220","18","7","""default""","""""","9.9","{breed flowholders}","true","1","1","""up""",
"551","35","321","42","40","""default""","""""","9.9","{breed flowholders}","true","1","1","""up""",
"552","25","264","15","29","""default""","""""","9.9","{breed flowholders}","true","1","1","""up""",
"553","45","9","42","14","""default""","""""","9.9","{breed flowholders}","true","1","1","""up""",
"554","15","128","10","37","""default""","""""","9.9","{breed flowholders}","true","1","1","""up""",
"555","125","268","38","2","""default""","""""","9.9","{breed flowholders}","true","1","1","""up""",
"556","105","141","37","48","""default""","""""","9.9","{breed flowholders}","true","1","1","""up""",
"557","135","297","34","43","""default""","""""","9.9","{breed flowholders}","true","1","1","""up""",
"558","25","77","26","28","""default""","""""","9.9","{breed flowholders}","true","1","1","""up""",
"559","5","249","12","32","""default""","""""","9.9","{breed flowholders}","true","1","1","""up""",
"560","75","96","8","10","""default""","""""","9.9","{breed flowholders}","true","1","1","""up""",
"561","15","137","32","35","""default""","""""","9.9","{breed flowholders}","true","1","1","""up""",
"562","135","302","34","41","""default""","""""","9.9","{breed flowholders}","true","1","1","""up""",
"563","15","65","14","8","""default""","""""","9.9","{breed flowholders}","true","1","1","""up""",
"564","97","90","49","29","""line half""","""""","9.9","{breed flowholders}","false","1","1","""up""",
"565","85","28","46","15","""default""","""""","9.9","{breed flowholders}","true","1","1","""up""",
"566","125","94","45","6","""default""","""""","9.9","{breed flowholders}","true","1","1","""up""",
"567","135","35","41","46","""default""","""""","9.9","{breed flowholders}","true","1","1","""up""",
"568","125","309","4","13","""default""","""""","9.9","{breed flowholders}","true","1","1","""up""",
"569","65","48","9","41","""default""","""""","9.9","{breed flowholders}","true","1","1","""up""",
"570","35","242","22","25","""default""","""""","9.9","{breed flowholders}","true","1","1","""up""",
"571","55","240","23","14","""default""","""""","9.9","{breed flowholders}","true","1","1","""up""",
"572","97","0","35","49","""line half""","""""","9.9","{breed flowholders}","false","1","1","""up""",
"573","95","36","47","6","""default""","""""","9.9","{breed flowholders}","true","1","1","""up""",
"574","135","222","22","48","""default""","""""","9.9","{breed flowholders}","true","1","1","""up""",
"575","105","197","28","28","""default""","""""","9.9","{breed flowholders}","true","1","1","""up""",
"576","75","140","31","29","""default""","""""","9.9","{breed flowholders}","true","1","1","""up""",
"577","75","358","40","28","""default""","""""","9.9","{breed flowholders}","true","1","1","""up""",
"578","55","312","44","9","""default""","""""","9.9","{breed flowholders}","true","1","1","""up""",
"579","75","0","43","31","""default""","""""","9.9","{breed flowholders}","true","1","1","""up""",
"580","55","322","27","17","""default""","""""","9.9","{breed flowholders}","true","1","1","""up""",
"581","125","39","15","40","""default""","""""","9.9","{breed flowholders}","true","1","1","""up""",
"582","55","41","18","4","""default""","""""","9.9","{breed flowholders}","true","1","1","""up""",
"583","75","159","46","25","""default""","""""","9.9","{breed flowholders}","true","1","1","""up""",
"584","125","339","18","24","""default""","""""","9.9","{breed flowholders}","true","1","1","""up""",
"585","35","156","40","21","""default""","""""","9.9","{breed flowholders}","true","1","1","""up""",
"586","97","90","49","7","""line half""","""""","9.9","{breed flowholders}","false","1","1","""up""",
"587","105","277","29","18","""default""","""""","9.9","{breed flowholders}","true","1","1","""up""",
"588","35","11","43","9","""default""","""""","9.9","{breed flowholders}","true","1","1","""up""",
"589","115","337","12","7","""default""","""""","9.9","{breed flowholders}","true","1","1","""up""",
"590","75","145","35","42","""default""","""""","9.9","{breed flowholders}","true","1","1","""up""",
"591","95","215","30","19","""default""","""""","9.9","{breed flowholders}","true","1","1","""up""",
"592","105","127","20","39","""default""","""""","9.9","{breed flowholders}","true","1","1","""up""",
"593","35","64","20","17","""default""","""""","9.9","{breed flowholders}","true","1","1","""up""",
"594","95","334","39","31","""default""","""""","9.9","{breed flowholders}","true","1","1","""up""",
"595","35","52","33","21","""default""","""""","9.9","{breed flowholders}","true","1","1","""up""",
"596","15","42","15","6","""default""","""""","9.9","{breed flowholders}","true","1","1","""up""",
"597","45","334","39","36","""default""","""""","9.9","{breed flowholders}","true","1","1","""up""",
"598","97","180","20","0","""line half""","""""","9.9","{breed flowholders}","false","1","1","""up""",
"599","55","145","8","35","""default""","""""","9.9","{breed flowholders}","true","1","1","""up""",
"600","5","341","3","2","""default""","""""","9.9","{breed flowholders}","true","1","1","""up""",
"601","55","22","35","6","""default""","""""","9.9","{breed flowholders}","true","1","1","""up""",
"602","55","190","6","8","""default""","""""","9.9","{breed flowholders}","true","1","1","""up""",
"603","85","117","30","26","""default""","""""","9.9","{breed flowholders}","true","1","1","""up""",
"604","35","86","37","7","""default""","""""","9.9","{breed flowholders}","true","1","1","""up""",
"605","75","283","25","8","""default""","""""","9.9","{breed flowholders}","true","1","1","""up""",
"606","125","255","25","3","""default""","""""","9.9","{breed flowholders}","true","1","1","""up""",
"607","125","200","9","2","""default""","""""","9.9","{breed flowholders}","true","1","1","""up""",
"608","75","216","29","25","""default""","""""","9.9","{breed flowholders}","true","1","1","""up""",
"609","75","203","20","28","""default""","""""","9.9","{breed flowholders}","true","1","1","""up""",
"610","135","352","44","29","""default""","""""","9.9","{breed flowholders}","true","1","1","""up""",
"611","115","267","7","29","""default""","""""","9.9","{breed flowholders}","true","1","1","""up""",
"612","115","342","10","7","""default""","""""","9.9","{breed flowholders}","true","1","1","""up""",
"613","115","69","20","44","""default""","""""","9.9","{breed flowholders}","true","1","1","""up""",
"614","97","270","0","22","""line half""","""""","9.9","{breed flowholders}","false","1","1","""up""",
"615","5","75","37","3","""default""","""""","9.9","{breed flowholders}","true","1","1","""up""",
"616","45","257","42","19","""default""","""""","9.9","{breed flowholders}","true","1","1","""up""",
"617","95","210","18","21","""default""","""""","9.9","{breed flowholders}","true","1","1","""up""",
"618","5","273","6","28","""default""","""""","9.9","{breed flowholders}","true","1","1","""up""",
"619","105","134","48","44","""default""","""""","9.9","{breed flowholders}","true","1","1","""up""",
"620","45","85","38","48","""default""","""""","9.9","{breed flowholders}","true","1","1","""up""",
"621","75","339","10","14","""default""","""""","9.9","{breed flowholders}","true","1","1","""up""",
"622","115","183","21","27","""default""","""""","9.9","{breed flowholders}","true","1","1","""up""",
"623","85","140","26","44","""default""","""""","9.9","{breed flowholders}","true","1","1","""up""",
"624","35","324","7","34","""default""","""""","9.9","{breed flowholders}","true","1","1","""up""",
"625","97","180","15","0","""line half""","""""","9.9","{breed flowholders}","false","1","1","""up""",
"626","55","73","18","25","""default""","""""","9.9","{breed flowholders}","true","1","1","""up""",
"627","115","221","7","5","""default""","""""","9.9","{breed flowholders}","true","1","1","""up""",
"628","35","112","1","36","""default""","""""","9.9","{breed flowholders}","true","1","1","""up""",
"629","85","299","8","8","""default""","""""","9.9","{breed flowholders}","true","1","1","""up""",
"630","65","243","28","26","""default""","""""","9.9","{breed flowholders}","true","1","1","""up""",
"631","5","316","34","35","""default""","""""","9.9","{breed flowholders}","true","1","1","""up""",
"632","25","279","32","18","""default""","""""","9.9","{breed flowholders}","true","1","1","""up""",
"633","95","284","43","41","""default""","""""","9.9","{breed flowholders}","true","1","1","""up""",
"634","135","271","5","19","""default""","""""","9.9","{breed flowholders}","true","1","1","""up""",
"635","15","180","39","42","""default""","""""","9.9","{breed flowholders}","true","1","1","""up""",
"636","35","291","33","23","""default""","""""","9.9","{breed flowholders}","true","1","1","""up""",
"637","15","304","31","28","""default""","""""","9.9","{breed flowholders}","true","1","1","""up""",
"638","135","222","14","43","""default""","""""","9.9","{breed flowholders}","true","1","1","""up""",
"639","25","337","39","4","""default""","""""","9.9","{breed flowholders}","true","1","1","""up""",
"640","125","171","38","33","""default""","""""","9.9","{breed flowholders}","true","1","1","""up""",
"641","115","204","40","27","""default""","""""","9.9","{breed flowholders}","true","1","1","""up""",
"642","75","223","5","22","""default""","""""","9.9","{breed flowholders}","true","1","1","""up""",
"643","15","110","1","28","""default""","""""","9.9","{breed flowholders}","true","1","1","""up""",
"644","25","270","5","35","""default""","""""","9.9","{breed flowholders}","true","1","1","""up""",
"645","105","138","18","5","""default""","""""","9.9","{breed flowholders}","true","1","1","""up""",
"646","135","310","30","24","""default""","""""","9.9","{breed flowholders}","true","1","1","""up""",
"647","45","264","36","18","""default""","""""","9.9","{breed flowholders}","true","1","1","""up""",
"648","35","164","19","17","""default""","""""","9.9","{breed flowholders}","true","1","1","""up""",
"649","105","8","5","25","""default""","""""","9.9","{breed flowholders}","true","1","1","""up""",
"650","97","90","49","12","""line half""","""""","9.9","{breed flowholders}","false","1","1","""up""",
"651","105","271","7","38","""default""","""""","9.9","{breed flowholders}","true","1","1","""up""",
"652","5","239","11","4","""default""","""""","9.9","{breed flowholders}","true","1","1","""up""",
"653","95","337","48","23","""default""","""""","9.9","{breed flowholders}","true","1","1","""up""",
"654","97","90","49","41","""line half""","""""","9.9","{breed flowholders}","false","1","1","""up""",
"655","85","32","30","3","""default""","""""","9.9","{breed flowholders}","true","1","1","""up""",
"656","5","246","48","21","""default""","""""","9.9","{breed flowholders}","true","1","1","""up""",
"657","95","68","26","16","""default""","""""","9.9","{breed flowholders}","true","1","1","""up""",
"658","95","97","27","33","""default""","""""","9.9","{breed flowholders}","true","1","1","""up""",
"659","125","357","34","7","""default""","""""","9.9","{breed flowholders}","true","1","1","""up""",
"660","97","90","49","10","""line half""","""""","9.9","{breed flowholders}","false","1","1","""up""",
"661","95","148","22","10","""default""","""""","9.9","{breed flowholders}","true","1","1","""up""",
"662","75","304","28","24","""default""","""""","9.9","{breed flowholders}","true","1","1","""up""",
"663","55","86","29","20","""default""","""""","9.9","{breed flowholders}","true","1","1","""up""",
"664","125","212","6","2","""default""","""""","9.9","{breed flowholders}","true","1","1","""up""",
"665","85","229","7","44","""default""","""""","9.9","{breed flowholders}","true","1","1","""up""",
"666","45","72","48","20","""default""","""""","9.9","{breed flowholders}","true","1","1","""up""",
"667","75","7","7","33","""default""","""""","9.9","{breed flowholders}","true","1","1","""up""",
"668","75","101","25","32","""default""","""""","9.9","{breed flowholders}","true","1","1","""up""",
"669","135","142","4","42","""default""","""""","9.9","{breed flowholders}","true","1","1","""up""",
"670","97","90","49","13","""line half""","""""","9.9","{breed flowholders}","false","1","1","""up""",
"671","75","208","25","7","""default""","""""","9.9","{breed flowholders}","true","1","1","""up""",
"672","115","232","37","28","""default""","""""","9.9","{breed flowholders}","true","1","1","""up""",
"673","15","226","34","20","""default""","""""","9.9","{breed flowholders}","true","1","1","""up""",
"674","15","57","22","47","""default""","""""","9.9","{breed flowholders}","true","1","1","""up""",
"675","25","59","19","14","""default""","""""","9.9","{breed flowholders}","true","1","1","""up""",
"676","97","0","16","49","""line half""","""""","9.9","{breed flowholders}","false","1","1","""up""",
"677","15","107","12","17","""default""","""""","9.9","{breed flowholders}","true","1","1","""up""",
"678","105","83","42","38","""default""","""""","9.9","{breed flowholders}","true","1","1","""up""",
"679","125","153","43","47","""default""","""""","9.9","{breed flowholders}","true","1","1","""up""",
"680","105","331","40","24","""default""","""""","9.9","{breed flowholders}","true","1","1","""up""",
"681","125","192","14","32","""default""","""""","9.9","{breed flowholders}","true","1","1","""up""",
"682","45","105","15","1","""default""","""""","9.9","{breed flowholders}","true","1","1","""up""",
"683","35","300","46","45","""default""","""""","9.9","{breed flowholders}","true","1","1","""up""",
"684","97","90","49","48","""line half""","""""","9.9","{breed flowholders}","false","1","1","""up""",
"685","65","121","29","1","""default""","""""","9.9","{breed flowholders}","true","1","1","""up""",
"686","75","303","22","29","""default""","""""","9.9","{breed flowholders}","true","1","1","""up""",
"687","45","35","45","21","""default""","""""","9.9","{breed flowholders}","true","1","1","""up""",
"688","97","270","0","27","""line half""","""""","9.9","{breed flowholders}","false","1","1","""up""",
"689","45","276","43","2","""default""","""""","9.9","{breed flowholders}","true","1","1","""up""",
"690","75","116","39","12","""default""","""""","9.9","{breed flowholders}","true","1","1","""up""",
"691","135","1","40","43","""default""","""""","9.9","{breed flowholders}","true","1","1","""up""",
"692","55","217","33","37","""default""","""""","9.9","{breed flowholders}","true","1","1","""up""",
"693","95","174","31","30","""default""","""""","9.9","{breed flowholders}","true","1","1","""up""",
"694","105","184","26","27","""default""","""""","9.9","{breed flowholders}","true","1","1","""up""",
"695","5","332","32","14","""default""","""""","9.9","{breed flowholders}","true","1","1","""up""",
"696","75","185","39","34","""default""","""""","9.9","{breed flowholders}","true","1","1","""up""",
"697","105","130","21","26","""default""","""""","9.9","{breed flowholders}","true","1","1","""up""",
"698","75","292","18","39","""default""","""""","9.9","{breed flowholders}","true","1","1","""up""",
"699","125","158","45","42","""default""","""""","9.9","{breed flowholders}","true","1","1","""up""",
"700","65","118","44","32","""default""","""""","9.9","{breed flowholders}","true","1","1","""up""",
"701","15","237","23","24","""default""","""""","9.9","{breed flowholders}","true","1","1","""up""",
"702","65","320","41","43","""default""","""""","9.9","{breed flowholders}","true","1","1","""up""",
"703","5","48","23","38","""default""","""""","9.9","{breed flowholders}","true","1","1","""up""",
"704","65","74","18","43","""default""","""""","9.9","{breed flowholders}","true","1","1","""up""",
"705","95","36","44","47","""default""","""""","9.9","{breed flowholders}","true","1","1","""up""",
"706","135","281","46","33","""default""","""""","9.9","{breed flowholders}","true","1","1","""up""",
"707","125","104","27","14","""default""","""""","9.9","{breed flowholders}","true","1","1","""up""",
"708","5","27","24","39","""default""","""""","9.9","{breed flowholders}","true","1","1","""up""",
"709","25","357","32","39","""default""","""""","9.9","{breed flowholders}","true","1","1","""up""",
"710","135","174","7","40","""default""","""""","9.9","{breed flowholders}","true","1","1","""up""",
"711","85","170","10","27","""default""","""""","9.9","{breed flowholders}","true","1","1","""up""",
"712","5","161","26","23","""default""","""""","9.9","{breed flowholders}","true","1","1","""up""",
"713","15","187","24","5","""default""","""""","9.9","{breed flowholders}","true","1","1","""up""",
"714","105","116","19","7","""default""","""""","9.9","{breed flowholders}","true","1","1","""up""",
"715","15","147","17","18","""default""","""""","9.9","{breed flowholders}","true","1","1","""up""",
"716","35","348","14","44","""default""","""""","9.9","{breed flowholders}","true","1","1","""up""",
"717","75","33","34","5","""default""","""""","9.9","{breed flowholders}","true","1","1","""up""",
"718","85","292","14","9","""default""","""""","9.9","{breed flowholders}","true","1","1","""up""",
"719","125","20","34","9","""default""","""""","9.9","{breed flowholders}","true","1","1","""up""",
"720","5","42","26","25","""default""","""""","9.9","{breed flowholders}","true","1","1","""up""",
"721","97","0","30","49","""line half""","""""","9.9","{breed flowholders}","false","1","1","""up""",
"722","15","69","44","3","""default""","""""","9.9","{breed flowholders}","true","1","1","""up""",
"723","45","137","38","11","""default""","""""","9.9","{breed flowholders}","true","1","1","""up""",
"724","15","167","25","37","""default""","""""","9.9","{breed flowholders}","true","1","1","""up""",
"725","25","253","17","26","""default""","""""","9.9","{breed flowholders}","true","1","1","""up""",
"726","135","302","30","42","""default""","""""","9.9","{breed flowholders}","true","1","1","""up""",
"727","75","96","34","26","""default""","""""","9.9","{breed flowholders}","true","1","1","""up""",
"728","135","58","6","11","""default""","""""","9.9","{breed flowholders}","true","1","1","""up""",
"729","25","144","29","30","""default""","""""","9.9","{breed flowholders}","true","1","1","""up""",
"730","135","160","12","45","""default""","""""","9.9","{breed flowholders}","true","1","1","""up""",
"731","25","158","15","31","""default""","""""","9.9","{breed flowholders}","true","1","1","""up""",
"732","15","14","14","28","""default""","""""","9.9","{breed flowholders}","true","1","1","""up""",
"733","125","175","35","13","""default""","""""","9.9","{breed flowholders}","true","1","1","""up""",
"734","25","223","2","36","""default""","""""","9.9","{breed flowholders}","true","1","1","""up""",
"735","135","213","23","20","""default""","""""","9.9","{breed flowholders}","true","1","1","""up""",
"736","97","180","19","0","""line half""","""""","9.9","{breed flowholders}","false","1","1","""up""",
"737","135","98","23","39","""default""","""""","9.9","{breed flowholders}","true","1","1","""up""",
"738","45","230","27","45","""default""","""""","9.9","{breed flowholders}","true","1","1","""up""",
"739","45","218","47","42","""default""","""""","9.9","{breed flowholders}","true","1","1","""up""",
"740","65","188","13","44","""default""","""""","9.9","{breed flowholders}","true","1","1","""up""",
"741","105","298","42","8","""default""","""""","9.9","{breed flowholders}","true","1","1","""up""",
"742","5","185","44","36","""default""","""""","9.9","{breed flowholders}","true","1","1","""up""",
"743","55","84","32","48","""default""","""""","9.9","{breed flowholders}","true","1","1","""up""",
"744","55","356","3","34","""default""","""""","9.9","{breed flowholders}","true","1","1","""up""",
"745","15","96","45","41","""default""","""""","9.9","{breed flowholders}","true","1","1","""up""",
"746","135","79","11","16","""default""","""""","9.9","{breed flowholders}","true","1","1","""up""",
"747","15","320","35","24","""default""","""""","9.9","{breed flowholders}","true","1","1","""up""",
"748","125","122","16","43","""default""","""""","9.9","{breed flowholders}","true","1","1","""up""",
"749","15","271","27","7","""default""","""""","9.9","{breed flowholders}","true","1","1","""up""",
"750","105","131","4","17","""default""","""""","9.9","{breed flowholders}","true","1","1","""up""",
"751","45","315","9","42","""default""","""""","9.9","{breed flowholders}","true","1","1","""up""",
"752","85","144","6","30","""default""","""""","9.9","{breed flowholders}","true","1","1","""up""",
"753","75","1","16","39","""default""","""""","9.9","{breed flowholders}","true","1","1","""up""",
"754","55","282","13","28","""default""","""""","9.9","{breed flowholders}","true","1","1","""up""",
"755","65","176","7","47","""default""","""""","9.9","{breed flowholders}","true","1","1","""up""",
"756","95","67","8","33","""default""","""""","9.9","{breed flowholders}","true","1","1","""up""",
"757","25","256","1","2","""default""","""""","9.9","{breed flowholders}","true","1","1","""up""",
"758","25","205","35","39","""default""","""""","9.9","{breed flowholders}","true","1","1","""up""",
"759","35","19","19","16","""default""","""""","9.9","{breed flowholders}","true","1","1","""up""",
"760","105","142","28","18","""default""","""""","9.9","{breed flowholders}","true","1","1","""up""",
"761","15","288","40","25","""default""","""""","9.9","{breed flowholders}","true","1","1","""up""",
"762","75","236","28","21","""default""","""""","9.9","{breed flowholders}","true","1","1","""up""",
"763","135","335","39","6","""default""","""""","9.9","{breed flowholders}","true","1","1","""up""",
"764","45","309","22","6","""default""","""""","9.9","{breed flowholders}","true","1","1","""up""",
"765","35","261","23","28","""default""","""""","9.9","{breed flowholders}","true","1","1","""up""",
"766","65","123","4","2","""default""","""""","9.9","{breed flowholders}","true","1","1","""up""",
"767","135","347","19","42","""default""","""""","9.9","{breed flowholders}","true","1","1","""up""",
"768","75","24","18","13","""default""","""""","9.9","{breed flowholders}","true","1","1","""up""",
"769","85","265","13","14","""default""","""""","9.9","{breed flowholders}","true","1","1","""up""",
"770","97","180","27","0","""line half""","""""","9.9","{breed flowholders}","false","1","1","""up""",
"771","95","322","33","32","""default""","""""","9.9","{breed flowholders}","true","1","1","""up""",
"772","95","265","4","38","""default""","""""","9.9","{breed flowholders}","true","1","1","""up""",
"773","96.96231076795068","0","40","49","""line half""","""""","9.9","{breed flowholders}","false","1","1","""up""",
"774","65","194","20","10","""default""","""""","9.9","{breed flowholders}","true","1","1","""up""",
"775","45","254","3","30","""default""","""""","9.9","{breed flowholders}","true","1","1","""up""",
"776","135","26","16","10","""default""","""""","9.9","{breed flowholders}","true","1","1","""up""",
"777","85","204","36","4","""default""","""""","9.9","{breed flowholders}","true","1","1","""up""",
"778","85","36","43","14","""default""","""""","9.9","{breed flowholders}","true","1","1","""up""",
"779","75","353","16","4","""default""","""""","9.9","{breed flowholders}","true","1","1","""up""",
"780","25","322","26","9","""default""","""""","9.9","{breed flowholders}","true","1","1","""up""",
"781","45","212","47","40","""default""","""""","9.9","{breed flowholders}","true","1","1","""up""",
"782","35","167","34","34","""default""","""""","9.9","{breed flowholders}","true","1","1","""up""",
"783","75","113","18","31","""default""","""""","9.9","{breed flowholders}","true","1","1","""up""",
"784","65","298","42","24","""default""","""""","9.9","{breed flowholders}","true","1","1","""up""",
"785","75","276","27","22","""default""","""""","9.9","{breed flowholders}","true","1","1","""up""",
"786","15","325","44","11","""default""","""""","9.9","{breed flowholders}","true","1","1","""up""",
"787","75","90","18","23","""default""","""""","9.9","{breed flowholders}","true","1","1","""up""",
"788","125","79","39","43","""default""","""""","9.9","{breed flowholders}","true","1","1","""up""",
"789","125","108","15","14","""default""","""""","9.9","{breed flowholders}","true","1","1","""up""",
"790","65","314","19","9","""default""","""""","9.9","{breed flowholders}","true","1","1","""up""",
"791","15","191","14","31","""default""","""""","9.9","{breed flowholders}","true","1","1","""up""",
"792","75","98","34","40","""default""","""""","9.9","{breed flowholders}","true","1","1","""up""",
"793","125","28","45","17","""default""","""""","9.9","{breed flowholders}","true","1","1","""up""",
"794","125","22","44","44","""default""","""""","9.9","{breed flowholders}","true","1","1","""up""",
"795","125","73","14","21","""default""","""""","9.9","{breed flowholders}","true","1","1","""up""",
"796","75","273","8","1","""default""","""""","9.9","{breed flowholders}","true","1","1","""up""",
"797","65","278","8","30","""default""","""""","9.9","{breed flowholders}","true","1","1","""up""",
"798","25","256","4","20","""default""","""""","9.9","{breed flowholders}","true","1","1","""up""",
"799","35","2","48","31","""default""","""""","9.9","{breed flowholders}","true","1","1","""up""",
"800","105","185","36","29","""default""","""""","9.9","{breed flowholders}","true","1","1","""up""",
"801","15","204","11","25","""default""","""""","9.9","{breed flowholders}","true","1","1","""up""",
"802","125","220","16","47","""default""","""""","9.9","{breed flowholders}","true","1","1","""up""",
"803","55","199","10","43","""default""","""""","9.9","{breed flowholders}","true","1","1","""up""",
"804","115","117","34","14","""default""","""""","9.9","{breed flowholders}","true","1","1","""up""",
"805","55","358","10","33","""default""","""""","9.9","{breed flowholders}","true","1","1","""up""",
"806","115","194","29","22","""default""","""""","9.9","{breed flowholders}","true","1","1","""up""",
"807","55","167","29","39","""default""","""""","9.9","{breed flowholders}","true","1","1","""up""",
"808","25","248","37","5","""default""","""""","9.9","{breed flowholders}","true","1","1","""up""",
"809","75","54","15","25","""default""","""""","9.9","{breed flowholders}","true","1","1","""up""",
"810","105","183","21","29","""default""","""""","9.9","{breed flowholders}","true","1","1","""up""",
"811","125","205","41","21","""default""","""""","9.9","{breed flowholders}","true","1","1","""up""",
"812","15","344","45","7","""default""","""""","9.9","{breed flowholders}","true","1","1","""up""",
"813","45","72","26","38","""default""","""""","9.9","{breed flowholders}","true","1","1","""up""",
"814","65","40","16","12","""default""","""""","9.9","{breed flowholders}","true","1","1","""up""",
"815","115","263","26","15","""default""","""""","9.9","{breed flowholders}","true","1","1","""up""",
"816","115","1","30","16","""default""","""""","9.9","{breed flowholders}","true","1","1","""up""",
"817","105","290","32","6","""default""","""""","9.9","{breed flowholders}","true","1","1","""up""",
"818","45","45","18","22","""default""","""""","9.9","{breed flowholders}","true","1","1","""up""",
"819","97","0","15","49","""line half""","""""","9.9","{breed flowholders}","false","1","1","""up""",
"820","105","162","34","44","""default""","""""","9.9","{breed flowholders}","true","1","1","""up""",
"821","75","46","22","24","""default""","""""","9.9","{breed flowholders}","true","1","1","""up""",
"822","95","56","8","15","""default""","""""","9.9","{breed flowholders}","true","1","1","""up""",
"823","15","192","47","4","""default""","""""","9.9","{breed flowholders}","true","1","1","""up""",
"824","105","175","15","10","""default""","""""","9.9","{breed flowholders}","true","1","1","""up""",
"825","96.87722731549293","0","38","49","""line half""","""""","9.9","{breed flowholders}","false","1","1","""up""",
"826","75","338","43","8","""default""","""""","9.9","{breed flowholders}","true","1","1","""up""",
"827","95","307","25","35","""default""","""""","9.9","{breed flowholders}","true","1","1","""up""",
"828","115","142","2","11","""default""","""""","9.9","{breed flowholders}","true","1","1","""up""",
"829","85","25","43","35","""default""","""""","9.9","{breed flowholders}","true","1","1","""up""",
"830","35","258","8","27","""default""","""""","9.9","{breed flowholders}","true","1","1","""up""",
"831","75","192","6","22","""default""","""""","9.9","{breed flowholders}","true","1","1","""up""",
"832","35","2","29","12","""default""","""""","9.9","{breed flowholders}","true","1","1","""up""",
"833","125","231","19","26","""default""","""""","9.9","{breed flowholders}","true","1","1","""up""",
"834","105","43","3","41","""default""","""""","9.9","{breed flowholders}","true","1","1","""up""",
"835","5","299","12","28","""default""","""""","9.9","{breed flowholders}","true","1","1","""up""",
"836","97","180","2","0","""line half""","""""","9.9","{breed flowholders}","false","1","1","""up""",
"837","135","177","23","29","""default""","""""","9.9","{breed flowholders}","true","1","1","""up""",
"838","115","147","30","44","""default""","""""","9.9","{breed flowholders}","true","1","1","""up""",
"839","45","210","48","4","""default""","""""","9.9","{breed flowholders}","true","1","1","""up""",
"840","97","0","34","49","""line half""","""""","9.9","{breed flowholders}","false","1","1","""up""",
"841","115","258","36","40","""default""","""""","9.9","{breed flowholders}","true","1","1","""up""",
"842","97","270","0","10","""line half""","""""","9.9","{breed flowholders}","false","1","1","""up""",
"843","125","133","27","1","""default""","""""","9.9","{breed flowholders}","true","1","1","""up""",
"844","125","301","31","10","""default""","""""","9.9","{breed flowholders}","true","1","1","""up""",
"845","75","225","47","15","""default""","""""","9.9","{breed flowholders}","true","1","1","""up""",
"846","125","63","13","34","""default""","""""","9.9","{breed flowholders}","true","1","1","""up""",
"847","75","84","20","20","""default""","""""","9.9","{breed flowholders}","true","1","1","""up""",
"848","135","126","9","46","""default""","""""","9.9","{breed flowholders}","true","1","1","""up""",
"849","75","287","23","41","""default""","""""","9.9","{breed flowholders}","true","1","1","""up""",
"850","45","135","36","11","""default""","""""","9.9","{breed flowholders}","true","1","1","""up""",
"851","35","240","20","1","""default""","""""","9.9","{breed flowholders}","true","1","1","""up""",
"852","125","319","45","30","""default""","""""","9.9","{breed flowholders}","true","1","1","""up""",
"853","85","183","2","33","""default""","""""","9.9","{breed flowholders}","true","1","1","""up""",
"854","85","220","20","30","""default""","""""","9.9","{breed flowholders}","true","1","1","""up""",
"855","35","19","32","36","""default""","""""","9.9","{breed flowholders}","true","1","1","""up""",
"856","75","131","18","28","""default""","""""","9.9","{breed flowholders}","true","1","1","""up""",
"857","85","273","33","26","""default""","""""","9.9","{breed flowholders}","true","1","1","""up""",
"858","115","252","20","14","""default""","""""","9.9","{breed flowholders}","true","1","1","""up""",
"859","96.99459834877914","0","39","49","""line half""","""""","9.9","{breed flowholders}","false","1","1","""up""",
"860","75","78","47","46","""default""","""""","9.9","{breed flowholders}","true","1","1","""up""",
"861","35","139","32","3","""default""","""""","9.9","{breed flowholders}","true","1","1","""up""",
"862","135","180","47","29","""default""","""""","9.9","{breed flowholders}","true","1","1","""up""",
"863","125","220","7","32","""default""","""""","9.9","{breed flowholders}","true","1","1","""up""",
"864","25","359","47","17","""default""","""""","9.9","{breed flowholders}","true","1","1","""up""",
"865","45","250","28","2","""default""","""""","9.9","{breed flowholders}","true","1","1","""up""",
"866","65","182","14","25","""default""","""""","9.9","{breed flowholders}","true","1","1","""up""",
"867","35","15","1","9","""default""","""""","9.9","{breed flowholders}","true","1","1","""up""",
"868","85","177","30","15","""default""","""""","9.9","{breed flowholders}","true","1","1","""up""",
"869","105","216","34","27","""default""","""""","9.9","{breed flowholders}","true","1","1","""up""",
"870","97","0","5","49","""line half""","""""","9.9","{breed flowholders}","false","1","1","""up""",
"871","35","55","4","5","""default""","""""","9.9","{breed flowholders}","true","1","1","""up""",
"872","115","40","24","12","""default""","""""","9.9","{breed flowholders}","true","1","1","""up""",
"873","25","219","30","18","""default""","""""","9.9","{breed flowholders}","true","1","1","""up""",
"874","125","252","44","42","""default""","""""","9.9","{breed flowholders}","true","1","1","""up""",
"875","75","225","46","29","""default""","""""","9.9","{breed flowholders}","true","1","1","""up""",
"876","65","312","8","22","""default""","""""","9.9","{breed flowholders}","true","1","1","""up""",
"877","97","0","2","49","""line half""","""""","9.9","{breed flowholders}","false","1","1","""up""",
"878","115","350","34","19","""default""","""""","9.9","{breed flowholders}","true","1","1","""up""",
"879","115","332","42","16","""default""","""""","9.9","{breed flowholders}","true","1","1","""up""",
"880","65","282","21","5","""default""","""""","9.9","{breed flowholders}","true","1","1","""up""",
"881","65","195","12","35","""default""","""""","9.9","{breed flowholders}","true","1","1","""up""",
"882","55","278","28","37","""default""","""""","9.9","{breed flowholders}","true","1","1","""up""",
"883","65","272","17","32","""default""","""""","9.9","{breed flowholders}","true","1","1","""up""",
"884","105","113","19","48","""default""","""""","9.9","{breed flowholders}","true","1","1","""up""",
"885","96.98920253312531","0","37","49","""line half""","""""","9.9","{breed flowholders}","false","1","1","""up""",
"886","15","289","28","16","""default""","""""","9.9","{breed flowholders}","true","1","1","""up""",
"887","5","34","11","5","""default""","""""","9.9","{breed flowholders}","true","1","1","""up""",
"888","45","121","27","23","""default""","""""","9.9","{breed flowholders}","true","1","1","""up""",
"889","135","16","47","44","""default""","""""","9.9","{breed flowholders}","true","1","1","""up""",
"890","75","128","39","16","""default""","""""","9.9","{breed flowholders}","true","1","1","""up""",
"891","97","180","38","0","""line half""","""""","9.9","{breed flowholders}","false","1","1","""up""",
"892","125","24","29","24","""default""","""""","9.9","{breed flowholders}","true","1","1","""up""",
"893","25","300","27","32","""default""","""""","9.9","{breed flowholders}","true","1","1","""up""",
"894","15","63","20","12","""default""","""""","9.9","{breed flowholders}","true","1","1","""up""",
"895","95","37","20","43","""default""","""""","9.9","{breed flowholders}","true","1","1","""up""",
"896","35","346","35","36","""default""","""""","9.9","{breed flowholders}","true","1","1","""up""",
"897","97","180","17","0","""line half""","""""","9.9","{breed flowholders}","false","1","1","""up""",
"898","55","263","47","20","""default""","""""","9.9","{breed flowholders}","true","1","1","""up""",
"899","35","269","46","4","""default""","""""","9.9","{breed flowholders}","true","1","1","""up""",
"900","65","297","20","38","""default""","""""","9.9","{breed flowholders}","true","1","1","""up""",
"901","135","267","9","11","""default""","""""","9.9","{breed flowholders}","true","1","1","""up""",
"902","95","202","45","31","""default""","""""","9.9","{breed flowholders}","true","1","1","""up""",
"903","97","90","49","40","""line half""","""""","9.9","{breed flowholders}","false","1","1","""up""",
"904","15","220","10","32","""default""","""""","9.9","{breed flowholders}","true","1","1","""up""",
"905","55","37","33","47","""default""","""""","9.9","{breed flowholders}","true","1","1","""up""",
"906","35","1","21","15","""default""","""""","9.9","{breed flowholders}","true","1","1","""up""",
"907","25","177","43","19","""default""","""""","9.9","{breed flowholders}","true","1","1","""up""",
"908","75","58","44","23","""default""","""""","9.9","{breed flowholders}","true","1","1","""up""",
"909","75","187","46","43","""default""","""""","9.9","{breed flowholders}","true","1","1","""up""",
"910","55","40","12","23","""default""","""""","9.9","{breed flowholders}","true","1","1","""up""",
"911","105","248","33","7","""default""","""""","9.9","{breed flowholders}","true","1","1","""up""",
"912","55","308","13","47","""default""","""""","9.9","{breed flowholders}","true","1","1","""up""",
"913","85","129","5","23","""default""","""""","9.9","{breed flowholders}","true","1","1","""up""",
"914","75","336","21","46","""default""","""""","9.9","{breed flowholders}","true","1","1","""up""",
"915","95","104","44","8","""default""","""""","9.9","{breed flowholders}","true","1","1","""up""",
"916","97","270","0","44","""line half""","""""","9.9","{breed flowholders}","false","1","1","""up""",
"917","45","133","41","14","""default""","""""","9.9","{breed flowholders}","true","1","1","""up""",
"918","125","69","14","11","""default""","""""","9.9","{breed flowholders}","true","1","1","""up""",
"919","25","198","24","33","""default""","""""","9.9","{breed flowholders}","true","1","1","""up""",
"920","65","264","43","29","""default""","""""","9.9","{breed flowholders}","true","1","1","""up""",
"921","95","122","45","47","""default""","""""","9.9","{breed flowholders}","true","1","1","""up""",
"922","35","196","32","27","""default""","""""","9.9","{breed flowholders}","true","1","1","""up""",
"923","35","251","44","41","""default""","""""","9.9","{breed flowholders}","true","1","1","""up""",
"924","115","268","16","46","""default""","""""","9.9","{breed flowholders}","true","1","1","""up""",
"925","135","141","43","32","""default""","""""","9.9","{breed flowholders}","true","1","1","""up""",
"926","135","142","5","13","""default""","""""","9.9","{breed flowholders}","true","1","1","""up""",
"927","95","135","31","7","""default""","""""","9.9","{breed flowholders}","true","1","1","""up""",
"928","75","179","34","13","""default""","""""","9.9","{breed flowholders}","true","1","1","""up""",
"929","55","182","43","24","""default""","""""","9.9","{breed flowholders}","true","1","1","""up""",
"930","45","9","46","37","""default""","""""","9.9","{breed flowholders}","true","1","1","""up""",
"931","135","124","29","31","""default""","""""","9.9","{breed flowholders}","true","1","1","""up""",
"932","5","252","20","37","""default""","""""","9.9","{breed flowholders}","true","1","1","""up""",
"933","35","261","30","10","""default""","""""","9.9","{breed flowholders}","true","1","1","""up""",
"934","15","317","44","17","""default""","""""","9.9","{breed flowholders}","true","1","1","""up""",
"935","15","119","29","2","""default""","""""","9.9","{breed flowholders}","true","1","1","""up""",
"936","65","139","17","24","""default""","""""","9.9","{breed flowholders}","true","1","1","""up""",
"937","75","121","18","45","""default""","""""","9.9","{breed flowholders}","true","1","1","""up""",
"938","35","75","9","15","""default""","""""","9.9","{breed flowholders}","true","1","1","""up""",
"939","125","348","24","48","""default""","""""","9.9","{breed flowholders}","true","1","1","""up""",
"940","135","350","48","19","""default""","""""","9.9","{breed flowholders}","true","1","1","""up""",
"941","97","0","43","49","""line half""","""""","9.9","{breed flowholders}","false","1","1","""up""",
"942","95","346","16","48","""default""","""""","9.9","{breed flowholders}","true","1","1","""up""",
"943","5","50","42","44","""default""","""""","9.9","{breed flowholders}","true","1","1","""up""",
"944","135","262","14","33","""default""","""""","9.9","{breed flowholders}","true","1","1","""up""",
"945","125","33","9","5","""default""","""""","9.9","{breed flowholders}","true","1","1","""up""",
"946","25","74","15","44","""default""","""""","9.9","{breed flowholders}","true","1","1","""up""",
"947","125","88","27","12","""default""","""""","9.9","{breed flowholders}","true","1","1","""up""",
"948","97","90","49","22","""line half""","""""","9.9","{breed flowholders}","false","1","1","""up""",
"949","25","342","43","26","""default""","""""","9.9","{breed flowholders}","true","1","1","""up""",
"950","55","43","2","23","""default""","""""","9.9","{breed flowholders}","true","1","1","""up""",
"951","5","213","15","27","""default""","""""","9.9","{breed flowholders}","true","1","1","""up""",
"952","75","276","45","2","""default""","""""","9.9","{breed flowholders}","true","1","1","""up""",
"953","95","217","27","26","""default""","""""","9.9","{breed flowholders}","true","1","1","""up""",
"954","5","347","48","3","""default""","""""","9.9","{breed flowholders}","true","1","1","""up""",
"955","65","104","27","13","""default""","""""","9.9","{breed flowholders}","true","1","1","""up""",
"956","5","161","48","39","""default""","""""","9.9","{breed flowholders}","true","1","1","""up""",
"957","25","176","46","31","""default""","""""","9.9","{breed flowholders}","true","1","1","""up""",
"958","55","206","35","17","""default""","""""","9.9","{breed flowholders}","true","1","1","""up""",
"959","65","98","38","9","""default""","""""","9.9","{breed flowholders}","true","1","1","""up""",
"960","15","134","36","47","""default""","""""","9.9","{breed flowholders}","true","1","1","""up""",
"961","65","171","26","32","""default""","""""","9.9","{breed flowholders}","true","1","1","""up""",
"962","5","36","30","2","""default""","""""","9.9","{breed flowholders}","true","1","1","""up""",
"963","85","341","37","11","""default""","""""","9.9","{breed flowholders}","true","1","1","""up""",
"964","45","168","20","27","""default""","""""","9.9","{breed flowholders}","true","1","1","""up""",
"965","105","136","47","45","""default""","""""","9.9","{breed flowholders}","true","1","1","""up""",
"966","35","52","12","2","""default""","""""","9.9","{breed flowholders}","true","1","1","""up""",
"967","15","343","27","46","""default""","""""","9.9","{breed flowholders}","true","1","1","""up""",
"968","95","327","11","3","""default""","""""","9.9","{breed flowholders}","true","1","1","""up""",
"969","45","260","13","1","""default""","""""","9.9","{breed flowholders}","true","1","1","""up""",
"970","45","216","16","37","""default""","""""","9.9","{breed flowholders}","true","1","1","""up""",
"971","135","220","7","36","""default""","""""","9.9","{breed flowholders}","true","1","1","""up""",
"972","97","180","37","0","""line half""","""""","9.9","{breed flowholders}","false","1","1","""up""",
"973","95","182","35","29","""default""","""""","9.9","{breed flowholders}","true","1","1","""up""",
"974","5","145","32","2","""default""","""""","9.9","{breed flowholders}","true","1","1","""up""",
"975","115","266","15","47","""default""","""""","9.9","{breed flowholders}","true","1","1","""up""",
"976","15","35","17","10","""default""","""""","9.9","{breed flowholders}","true","1","1","""up""",
"977","65","322","36","17","""default""","""""","9.9","{breed flowholders}","true","1","1","""up""",
"978","15","195","20","11","""default""","""""","9.9","{breed flowholders}","true","1","1","""up""",
"979","97","180","44","0","""line half""","""""","9.9","{breed flowholders}","false","1","1","""up""",
"980","5","299","24","42","""default""","""""","9.9","{breed flowholders}","true","1","1","""up""",
"981","105","177","37","12","""default""","""""","9.9","{breed flowholders}","true","1","1","""up""",
"982","5","232","24","22","""default""","""""","9.9","{breed flowholders}","true","1","1","""up""",
"983","125","232","22","45","""default""","""""","9.9","{breed flowholders}","true","1","1","""up""",
"984","15","154","45","14","""default""","""""","9.9","{breed flowholders}","true","1","1","""up""",
"985","85","25","24","26","""default""","""""","9.9","{breed flowholders}","true","1","1","""up""",
"986","45","113","37","34","""default""","""""","9.9","{breed flowholders}","true","1","1","""up""",
"987","65","328","7","35","""default""","""""","9.9","{breed flowholders}","true","1","1","""up""",
"988","85","321","40","6","""default""","""""","9.9","{breed flowholders}","true","1","1","""up""",
"989","35","347","14","15","""default""","""""","9.9","{breed flowholders}","true","1","1","""up""",
"990","15","314","12","36","""default""","""""","9.9","{breed flowholders}","true","1","1","""up""",
"991","75","94","2","10","""default""","""""","9.9","{breed flowholders}","true","1","1","""up""",
"992","65","244","41","42","""default""","""""","9.9","{breed flowholders}","true","1","1","""up""",
"993","25","59","1","21","""default""","""""","9.9","{breed flowholders}","true","1","1","""up""",
"994","85","132","47","26","""default""","""""","9.9","{breed flowholders}","true","1","1","""up""",
"995","97","90","49","4","""line half""","""""","9.9","{breed flowholders}","false","1","1","""up""",
"996","5","58","31","6","""default""","""""","9.9","{breed flowholders}","true","1","1","""up""",
"997","96.97842838330881","180","4","0","""line half""","""""","9.9","{breed flowholders}","false","1","1","""up""",
"998","125","78","20","6","""default""","""""","9.9","{breed flowholders}","true","1","1","""up""",
"999","125","31","26","6","""default""","""""","9.9","{breed flowholders}","true","1","1","""up""",
"1000","97","270","0","1","""line half""","""""","9.9","{breed flowholders}","false","1","1","""up""",
"1001","115","176","25","45","""default""","""""","9.9","{breed flowholders}","true","1","1","""up""",
"1002","85","147","34","38","""default""","""""","9.9","{breed flowholders}","true","1","1","""up""",
"1003","85","239","15","20","""default""","""""","9.9","{breed flowholders}","true","1","1","""up""",
"1004","75","63","45","38","""default""","""""","9.9","{breed flowholders}","true","1","1","""up""",
"1005","75","196","23","21","""default""","""""","9.9","{breed flowholders}","true","1","1","""up""",
"1006","25","20","48","14","""default""","""""","9.9","{breed flowholders}","true","1","1","""up""",
"1007","25","167","24","21","""default""","""""","9.9","{breed flowholders}","true","1","1","""up""",
"1008","135","209","35","48","""default""","""""","9.9","{breed flowholders}","true","1","1","""up""",
"1009","65","234","22","28","""default""","""""","9.9","{breed flowholders}","true","1","1","""up""",
"1010","97","270","0","28","""line half""","""""","9.9","{breed flowholders}","false","1","1","""up""",
"1011","45","164","23","23","""default""","""""","9.9","{breed flowholders}","true","1","1","""up""",
"1012","125","288","32","10","""default""","""""","9.9","{breed flowholders}","true","1","1","""up""",
"1013","125","13","39","23","""default""","""""","9.9","{breed flowholders}","true","1","1","""up""",
"1014","135","86","5","17","""default""","""""","9.9","{breed flowholders}","true","1","1","""up""",
"1015","15","289","18","17","""default""","""""","9.9","{breed flowholders}","true","1","1","""up""",
"1016","75","330","22","39","""default""","""""","9.9","{breed flowholders}","true","1","1","""up""",
"1017","125","296","11","8","""default""","""""","9.9","{breed flowholders}","true","1","1","""up""",
"1018","105","109","20","21","""default""","""""","9.9","{breed flowholders}","true","1","1","""up""",
"1019","97","0","29","49","""line half""","""""","9.9","{breed flowholders}","false","1","1","""up""",
"1020","135","216","20","19","""default""","""""","9.9","{breed flowholders}","true","1","1","""up""",
"1021","15","231","15","32","""default""","""""","9.9","{breed flowholders}","true","1","1","""up""",
"1022","85","114","44","18","""default""","""""","9.9","{breed flowholders}","true","1","1","""up""",
"1023","25","36","27","34","""default""","""""","9.9","{breed flowholders}","true","1","1","""up""",
"1024","25","13","4","26","""default""","""""","9.9","{breed flowholders}","true","1","1","""up""",
"1025","85","20","29","33","""default""","""""","9.9","{breed flowholders}","true","1","1","""up""",
"1026","5","285","16","17","""default""","""""","9.9","{breed flowholders}","true","1","1","""up""",
"1027","115","210","13","32","""default""","""""","9.9","{breed flowholders}","true","1","1","""up""",
"1028","5","111","36","33","""default""","""""","9.9","{breed flowholders}","true","1","1","""up""",
"1029","65","180","34","30","""default""","""""","9.9","{breed flowholders}","true","1","1","""up""",
"1030","115","254","17","17","""default""","""""","9.9","{breed flowholders}","true","1","1","""up""",
"1031","97","0","46","49","""line half""","""""","9.9","{breed flowholders}","false","1","1","""up""",
"1032","135","191","20","34","""default""","""""","9.9","{breed flowholders}","true","1","1","""up""",
"1033","55","299","8","36","""default""","""""","9.9","{breed flowholders}","true","1","1","""up""",
"1034","115","25","20","7","""default""","""""","9.9","{breed flowholders}","true","1","1","""up""",
"1035","15","197","37","44","""default""","""""","9.9","{breed flowholders}","true","1","1","""up""",
"1036","15","141","2","28","""default""","""""","9.9","{breed flowholders}","true","1","1","""up""",
"1037","97","90","49","38","""line half""","""""","9.9","{breed flowholders}","false","1","1","""up""",
"1038","25","59","8","38","""default""","""""","9.9","{breed flowholders}","true","1","1","""up""",
"1039","55","246","4","7","""default""","""""","9.9","{breed flowholders}","true","1","1","""up""",
"1040","15","262","11","37","""default""","""""","9.9","{breed flowholders}","true","1","1","""up""",
"1041","65","343","39","21","""default""","""""","9.9","{breed flowholders}","true","1","1","""up""",
"1042","75","332","48","37","""default""","""""","9.9","{breed flowholders}","true","1","1","""up""",
"1043","45","220","30","40","""default""","""""","9.9","{breed flowholders}","true","1","1","""up""",
"1044","15","19","11","12","""default""","""""","9.9","{breed flowholders}","true","1","1","""up""",
"1045","35","325","16","36","""default""","""""","9.9","{breed flowholders}","true","1","1","""up""",
"1046","15","6","46","2","""default""","""""","9.9","{breed flowholders}","true","1","1","""up""",
"1047","125","53","7","8","""default""","""""","9.9","{breed flowholders}","true","1","1","""up""",
"1048","65","44","9","43","""default""","""""","9.9","{breed flowholders}","true","1","1","""up""",
"1049","5","308","39","40","""default""","""""","9.9","{breed flowholders}","true","1","1","""up""",
"1050","15","242","19","28","""default""","""""","9.9","{breed flowholders}","true","1","1","""up""",
"1051","97","270","0","16","""line half""","""""","9.9","{breed flowholders}","false","1","1","""up""",
"1052","5","247","6","42","""default""","""""","9.9","{breed flowholders}","true","1","1","""up""",
"1053","85","233","15","30","""default""","""""","9.9","{breed flowholders}","true","1","1","""up""",
"1054","45","44","13","48","""default""","""""","9.9","{breed flowholders}","true","1","1","""up""",
"1055","35","301","36","46","""default""","""""","9.9","{breed flowholders}","true","1","1","""up""",
"1056","115","165","9","29","""default""","""""","9.9","{breed flowholders}","true","1","1","""up""",
"1057","15","284","42","10","""default""","""""","9.9","{breed flowholders}","true","1","1","""up""",
"1058","15","90","32","21","""default""","""""","9.9","{breed flowholders}","true","1","1","""up""",
"1059","92.56265437996711","180","13","0","""line half 2""","""""","9.9","{breed flowholders}","false","1","1","""up""",
"1060","45","313","34","31","""default""","""""","9.9","{breed flowholders}","true","1","1","""up""",
"1061","85","45","19","13","""default""","""""","9.9","{breed flowholders}","true","1","1","""up""",
"1062","105","32","2","22","""default""","""""","9.9","{breed flowholders}","true","1","1","""up""",
"1063","95","184","27","30","""default""","""""","9.9","{breed flowholders}","true","1","1","""up""",
"1064","125","126","25","29","""default""","""""","9.9","{breed flowholders}","true","1","1","""up""",
"1065","65","34","18","14","""default""","""""","9.9","{breed flowholders}","true","1","1","""up""",
"1066","25","123","8","5","""default""","""""","9.9","{breed flowholders}","true","1","1","""up""",
"1067","55","30","40","13","""default""","""""","9.9","{breed flowholders}","true","1","1","""up""",
"1068","65","216","23","17","""default""","""""","9.9","{breed flowholders}","true","1","1","""up""",
"1069","65","124","26","37","""default""","""""","9.9","{breed flowholders}","true","1","1","""up""",
"1070","95","327","18","3","""default""","""""","9.9","{breed flowholders}","true","1","1","""up""",
"1071","15","314","22","46","""default""","""""","9.9","{breed flowholders}","true","1","1","""up""",
"1072","105","204","25","5","""default""","""""","9.9","{breed flowholders}","true","1","1","""up""",
"1073","45","16","25","41","""default""","""""","9.9","{breed flowholders}","true","1","1","""up""",
"1074","55","237","12","18","""default""","""""","9.9","{breed flowholders}","true","1","1","""up""",
"1075","55","87","17","11","""default""","""""","9.9","{breed flowholders}","true","1","1","""up""",
"1076","45","13","40","36","""default""","""""","9.9","{breed flowholders}","true","1","1","""up""",
"1077","105","318","2","45","""default""","""""","9.9","{breed flowholders}","true","1","1","""up""",
"1078","45","220","5","27","""default""","""""","9.9","{breed flowholders}","true","1","1","""up""",
"1079","85","64","47","32","""default""","""""","9.9","{breed flowholders}","true","1","1","""up""",
"1080","97","180","48","0","""line half""","""""","9.9","{breed flowholders}","false","1","1","""up""",
"1081","35","194","48","47","""default""","""""","9.9","{breed flowholders}","true","1","1","""up""",
"1082","65","142","14","3","""default""","""""","9.9","{breed flowholders}","true","1","1","""up""",
"1083","125","205","28","36","""default""","""""","9.9","{breed flowholders}","true","1","1","""up""",
"1084","85","243","30","41","""default""","""""","9.9","{breed flowholders}","true","1","1","""up""",
"1085","85","125","48","16","""default""","""""","9.9","{breed flowholders}","true","1","1","""up""",
"1086","125","100","27","2","""default""","""""","9.9","{breed flowholders}","true","1","1","""up""",
"1087","35","219","44","20","""default""","""""","9.9","{breed flowholders}","true","1","1","""up""",
"1088","15","109","30","8","""default""","""""","9.9","{breed flowholders}","true","1","1","""up""",
"1089","65","25","5","45","""default""","""""","9.9","{breed flowholders}","true","1","1","""up""",
"1090","115","42","9","8","""default""","""""","9.9","{breed flowholders}","true","1","1","""up""",
"1091","55","227","27","38","""default""","""""","9.9","{breed flowholders}","true","1","1","""up""",
"1092","135","222","41","32","""default""","""""","9.9","{breed flowholders}","true","1","1","""up""",
"1093","105","1","43","28","""default""","""""","9.9","{breed flowholders}","true","1","1","""up""",
"1094","5","198","37","6","""default""","""""","9.9","{breed flowholders}","true","1","1","""up""",
"1095","5","116","34","1","""default""","""""","9.9","{breed flowholders}","true","1","1","""up""",
"1096","65","159","18","42","""default""","""""","9.9","{breed flowholders}","true","1","1","""up""",
"1097","25","150","23","7","""default""","""""","9.9","{breed flowholders}","true","1","1","""up""",
"1098","25","10","3","12","""default""","""""","9.9","{breed flowholders}","true","1","1","""up""",
"1099","85","235","41","10","""default""","""""","9.9","{breed flowholders}","true","1","1","""up""",
"1100","97","0","33","49","""line half""","""""","9.9","{breed flowholders}","false","1","1","""up""",
"1101","125","272","30","32","""default""","""""","9.9","{breed flowholders}","true","1","1","""up""",
"1102","95","334","22","33","""default""","""""","9.9","{breed flowholders}","true","1","1","""up""",
"1103","45","38","42","2","""default""","""""","9.9","{breed flowholders}","true","1","1","""up""",
"1104","75","266","20","40","""default""","""""","9.9","{breed flowholders}","true","1","1","""up""",
"1105","15","307","4","12","""default""","""""","9.9","{breed flowholders}","true","1","1","""up""",
"1106","75","134","17","22","""default""","""""","9.9","{breed flowholders}","true","1","1","""up""",
"1107","75","20","1","33","""default""","""""","9.9","{breed flowholders}","true","1","1","""up""",
"1108","95","276","38","4","""default""","""""","9.9","{breed flowholders}","true","1","1","""up""",
"1109","45","132","19","33","""default""","""""","9.9","{breed flowholders}","true","1","1","""up""",
"1110","97","90","49","2","""line half""","""""","9.9","{breed flowholders}","false","1","1","""up""",
"1111","85","342","11","27","""default""","""""","9.9","{breed flowholders}","true","1","1","""up""",
"1112","45","113","11","41","""default""","""""","9.9","{breed flowholders}","true","1","1","""up""",
"1113","25","347","22","13","""default""","""""","9.9","{breed flowholders}","true","1","1","""up""",
"1114","65","195","8","34","""default""","""""","9.9","{breed flowholders}","true","1","1","""up""",
"1115","105","27","28","45","""default""","""""","9.9","{breed flowholders}","true","1","1","""up""",
"1116","75","69","47","30","""default""","""""","9.9","{breed flowholders}","true","1","1","""up""",
"1117","15","75","8","9","""default""","""""","9.9","{breed flowholders}","true","1","1","""up""",
"1118","55","237","38","1","""default""","""""","9.9","{breed flowholders}","true","1","1","""up""",
"1119","55","317","40","45","""default""","""""","9.9","{breed flowholders}","true","1","1","""up""",
"1120","75","109","43","34","""default""","""""","9.9","{breed flowholders}","true","1","1","""up""",
"1121","75","256","9","19","""default""","""""","9.9","{breed flowholders}","true","1","1","""up""",
"1122","97","180","45","0","""line half""","""""","9.9","{breed flowholders}","false","1","1","""up""",
"1123","75","229","35","2","""default""","""""","9.9","{breed flowholders}","true","1","1","""up""",
"1124","125","260","38","3","""default""","""""","9.9","{breed flowholders}","true","1","1","""up""",
"1125","45","80","11","28","""default""","""""","9.9","{breed flowholders}","true","1","1","""up""",
"1126","25","314","12","31","""default""","""""","9.9","{breed flowholders}","true","1","1","""up""",
"1127","5","33","10","42","""default""","""""","9.9","{breed flowholders}","true","1","1","""up""",
"1128","5","138","47","9","""default""","""""","9.9","{breed flowholders}","true","1","1","""up""",
"1129","15","199","21","18","""default""","""""","9.9","{breed flowholders}","true","1","1","""up""",
"1130","15","356","1","3","""default""","""""","9.9","{breed flowholders}","true","1","1","""up""",
"1131","95","188","22","23","""default""","""""","9.9","{breed flowholders}","true","1","1","""up""",
"1132","125","87","29","28","""default""","""""","9.9","{breed flowholders}","true","1","1","""up""",
"1133","15","219","17","27","""default""","""""","9.9","{breed flowholders}","true","1","1","""up""",
"1134","75","64","13","2","""default""","""""","9.9","{breed flowholders}","true","1","1","""up""",
"1135","55","183","3","44","""default""","""""","9.9","{breed flowholders}","true","1","1","""up""",
"1136","75","18","13","26","""default""","""""","9.9","{breed flowholders}","true","1","1","""up""",
"1137","65","188","34","2","""default""","""""","9.9","{breed flowholders}","true","1","1","""up""",
"1138","35","120","18","37","""default""","""""","9.9","{breed flowholders}","true","1","1","""up""",
"1139","97","270","0","36","""line half""","""""","9.9","{breed flowholders}","false","1","1","""up""",
"1140","85","195","33","16","""default""","""""","9.9","{breed flowholders}","true","1","1","""up""",
"1141","115","29","14","29","""default""","""""","9.9","{breed flowholders}","true","1","1","""up""",
"1142","5","311","22","38","""default""","""""","9.9","{breed flowholders}","true","1","1","""up""",
"1143","75","207","43","10","""default""","""""","9.9","{breed flowholders}","true","1","1","""up""",
"1144","75","341","32","20","""default""","""""","9.9","{breed flowholders}","true","1","1","""up""",
"1145","65","221","34","45","""default""","""""","9.9","{breed flowholders}","true","1","1","""up""",
"1146","85","98","12","19","""default""","""""","9.9","{breed flowholders}","true","1","1","""up""",
"1147","35","142","20","2","""default""","""""","9.9","{breed flowholders}","true","1","1","""up""",
"1148","135","86","37","4","""default""","""""","9.9","{breed flowholders}","true","1","1","""up""",
"1149","15","25","5","18","""default""","""""","9.9","{breed flowholders}","true","1","1","""up""",
"1150","135","243","15","37","""default""","""""","9.9","{breed flowholders}","true","1","1","""up""",
"1151","5","284","2","1","""default""","""""","9.9","{breed flowholders}","true","1","1","""up""",
"1152","25","44","29","43","""default""","""""","9.9","{breed flowholders}","true","1","1","""up""",
"1153","97","180","41","0","""line half""","""""","9.9","{breed flowholders}","false","1","1","""up""",
"1154","35","235","41","18","""default""","""""","9.9","{breed flowholders}","true","1","1","""up""",
"1155","135","323","13","13","""default""","""""","9.9","{breed flowholders}","true","1","1","""up""",
"1156","115","197","10","17","""default""","""""","9.9","{breed flowholders}","true","1","1","""up""",
"1157","97","270","0","31","""line half""","""""","9.9","{breed flowholders}","false","1","1","""up""",
"1158","125","251","33","11","""default""","""""","9.9","{breed flowholders}","true","1","1","""up""",
"1159","135","167","9","28","""default""","""""","9.9","{breed flowholders}","true","1","1","""up""",
"1160","97","180","39","0","""line half""","""""","9.9","{breed flowholders}","false","1","1","""up""",
"1161","5","236","29","29","""default""","""""","9.9","{breed flowholders}","true","1","1","""up""",
"1162","15","199","4","46","""default""","""""","9.9","{breed flowholders}","true","1","1","""up""",
"1163","35","229","15","42","""default""","""""","9.9","{breed flowholders}","true","1","1","""up""",
"1164","15","275","41","40","""default""","""""","9.9","{breed flowholders}","true","1","1","""up""",
"1165","125","180","1","23","""default""","""""","9.9","{breed flowholders}","true","1","1","""up""",
"1166","55","168","43","46","""default""","""""","9.9","{breed flowholders}","true","1","1","""up""",
"1167","25","75","15","46","""default""","""""","9.9","{breed flowholders}","true","1","1","""up""",
"1168","55","249","48","13","""default""","""""","9.9","{breed flowholders}","true","1","1","""up""",
"1169","115","25","13","11","""default""","""""","9.9","{breed flowholders}","true","1","1","""up""",
"1170","85","41","9","1","""default""","""""","9.9","{breed flowholders}","true","1","1","""up""",
"1171","55","136","46","12","""default""","""""","9.9","{breed flowholders}","true","1","1","""up""",
"1172","135","263","6","39","""default""","""""","9.9","{breed flowholders}","true","1","1","""up""",
"1173","75","124","48","26","""default""","""""","9.9","{breed flowholders}","true","1","1","""up""",
"1174","125","291","29","48","""default""","""""","9.9","{breed flowholders}","true","1","1","""up""",
"1175","85","206","40","30","""default""","""""","9.9","{breed flowholders}","true","1","1","""up""",
"1176","135","219","46","21","""default""","""""","9.9","{breed flowholders}","true","1","1","""up""",
"1177","5","122","38","5","""default""","""""","9.9","{breed flowholders}","true","1","1","""up""",
"1178","95","207","23","45","""default""","""""","9.9","{breed flowholders}","true","1","1","""up""",
"1179","65","297","16","26","""default""","""""","9.9","{breed flowholders}","true","1","1","""up""",
"1180","15","254","31","42","""default""","""""","9.9","{breed flowholders}","true","1","1","""up""",
"1181","45","250","23","42","""default""","""""","9.9","{breed flowholders}","true","1","1","""up""",
"1182","85","168","30","13","""default""","""""","9.9","{breed flowholders}","true","1","1","""up""",
"1183","95","300","3","3","""default""","""""","9.9","{breed flowholders}","true","1","1","""up""",
"1184","97","270","0","3","""line half""","""""","9.9","{breed flowholders}","false","1","1","""up""",
"1185","97","90","49","8","""line half""","""""","9.9","{breed flowholders}","false","1","1","""up""",
"1186","115","0","19","39","""default""","""""","9.9","{breed flowholders}","true","1","1","""up""",
"1187","85","66","24","41","""default""","""""","9.9","{breed flowholders}","true","1","1","""up""",
"1188","125","193","29","11","""default""","""""","9.9","{breed flowholders}","true","1","1","""up""",
"1189","65","32","28","41","""default""","""""","9.9","{breed flowholders}","true","1","1","""up""",
"1190","115","132","47","48","""default""","""""","9.9","{breed flowholders}","true","1","1","""up""",
"1191","105","199","8","21","""default""","""""","9.9","{breed flowholders}","true","1","1","""up""",
"1192","125","258","45","39","""default""","""""","9.9","{breed flowholders}","true","1","1","""up""",
"1193","45","166","21","21","""default""","""""","9.9","{breed flowholders}","true","1","1","""up""",
"1194","97","270","0","18","""line half""","""""","9.9","{breed flowholders}","false","1","1","""up""",
"1195","15","259","30","27","""default""","""""","9.9","{breed flowholders}","true","1","1","""up""",
"1196","115","348","10","16","""default""","""""","9.9","{breed flowholders}","true","1","1","""up""",
"1197","5","311","13","23","""default""","""""","9.9","{breed flowholders}","true","1","1","""up""",
"1198","75","198","8","41","""default""","""""","9.9","{breed flowholders}","true","1","1","""up""",
"1199","5","125","24","8","""default""","""""","9.9","{breed flowholders}","true","1","1","""up""",
"1200","125","132","1","14","""default""","""""","9.9","{breed flowholders}","true","1","1","""up""",
"1201","25","168","17","14","""default""","""""","9.9","{breed flowholders}","true","1","1","""up""",
"1202","65","256","7","23","""default""","""""","9.9","{breed flowholders}","true","1","1","""up""",
"1203","35","58","17","38","""default""","""""","9.9","{breed flowholders}","true","1","1","""up""",
"1204","65","14","37","27","""default""","""""","9.9","{breed flowholders}","true","1","1","""up""",
"1205","85","145","17","16","""default""","""""","9.9","{breed flowholders}","true","1","1","""up""",
"1206","85","138","9","21","""default""","""""","9.9","{breed flowholders}","true","1","1","""up""",
"1207","97","0","48","49","""line half""","""""","9.9","{breed flowholders}","false","1","1","""up""",
"1208","135","38","30","33","""default""","""""","9.9","{breed flowholders}","true","1","1","""up""",
"1209","65","237","14","7","""default""","""""","9.9","{breed flowholders}","true","1","1","""up""",
"1210","15","38","5","40","""default""","""""","9.9","{breed flowholders}","true","1","1","""up""",
"1211","75","228","10","45","""default""","""""","9.9","{breed flowholders}","true","1","1","""up""",
"1212","55","277","12","40","""default""","""""","9.9","{breed flowholders}","true","1","1","""up""",
"1213","135","187","26","5","""default""","""""","9.9","{breed flowholders}","true","1","1","""up""",
"1214","15","333","2","44","""default""","""""","9.9","{breed flowholders}","true","1","1","""up""",
"1215","25","172","7","16","""default""","""""","9.9","{breed flowholders}","true","1","1","""up""",
"1216","95","166","37","40","""default""","""""","9.9","{breed flowholders}","true","1","1","""up""",
"1217","115","3","48","40","""default""","""""","9.9","{breed flowholders}","true","1","1","""up""",
"1218","15","11","37","45","""default""","""""","9.9","{breed flowholders}","true","1","1","""up""",
"1219","85","348","32","8","""default""","""""","9.9","{breed flowholders}","true","1","1","""up""",
"1220","25","211","11","40","""default""","""""","9.9","{breed flowholders}","true","1","1","""up""",
"1221","55","264","10","48","""default""","""""","9.9","{breed flowholders}","true","1","1","""up""",
"1222","97","180","30","0","""line half""","""""","9.9","{breed flowholders}","false","1","1","""up""",
"1223","85","266","3","35","""default""","""""","9.9","{breed flowholders}","true","1","1","""up""",
"1224","85","227","28","17","""default""","""""","9.9","{breed flowholders}","true","1","1","""up""",
"1225","35","238","8","28","""default""","""""","9.9","{breed flowholders}","true","1","1","""up""",
"1226","95","12","26","24","""default""","""""","9.9","{breed flowholders}","true","1","1","""up""",
"1227","15","183","39","10","""default""","""""","9.9","{breed flowholders}","true","1","1","""up""",
"1228","35","86","35","37","""default""","""""","9.9","{breed flowholders}","true","1","1","""up""",
"1229","55","228","23","9","""default""","""""","9.9","{breed flowholders}","true","1","1","""up""",
"1230","45","193","9","37","""default""","""""","9.9","{breed flowholders}","true","1","1","""up""",
"1231","115","304","13","8","""default""","""""","9.9","{breed flowholders}","true","1","1","""up""",
"1232","95","207","39","47","""default""","""""","9.9","{breed flowholders}","true","1","1","""up""",
"1233","115","208","19","35","""default""","""""","9.9","{breed flowholders}","true","1","1","""up""",
"1234","105","300","18","36","""default""","""""","9.9","{breed flowholders}","true","1","1","""up""",
"1235","75","312","15","34","""default""","""""","9.9","{breed flowholders}","true","1","1","""up""",
"1236","95","108","6","46","""default""","""""","9.9","{breed flowholders}","true","1","1","""up""",
"1237","125","195","27","40","""default""","""""","9.9","{breed flowholders}","true","1","1","""up""",
"1238","65","285","35","8","""default""","""""","9.9","{breed flowholders}","true","1","1","""up""",
"1239","97","180","47","0","""line half""","""""","9.9","{breed flowholders}","false","1","1","""up""",
"1240","125","299","30","22","""default""","""""","9.9","{breed flowholders}","true","1","1","""up""",
"1241","15","259","12","4","""default""","""""","9.9","{breed flowholders}","true","1","1","""up""",
"1242","125","301","38","23","""default""","""""","9.9","{breed flowholders}","true","1","1","""up""",
"1243","97","270","0","34","""line half""","""""","9.9","{breed flowholders}","false","1","1","""up""",
"1244","5","32","16","5","""default""","""""","9.9","{breed flowholders}","true","1","1","""up""",
"1245","15","26","24","13","""default""","""""","9.9","{breed flowholders}","true","1","1","""up""",
"1246","65","179","31","13","""default""","""""","9.9","{breed flowholders}","true","1","1","""up""",
"1247","97","180","26","0","""line half""","""""","9.9","{breed flowholders}","false","1","1","""up""",
"1248","65","359","25","16","""default""","""""","9.9","{breed flowholders}","true","1","1","""up""",
"1249","97","0","21","49","""line half""","""""","9.9","{breed flowholders}","false","1","1","""up""",
"1250","125","83","33","9","""default""","""""","9.9","{breed flowholders}","true","1","1","""up""",
"1251","25","340","42","22","""default""","""""","9.9","{breed flowholders}","true","1","1","""up""",
"1252","25","60","31","45","""default""","""""","9.9","{breed flowholders}","true","1","1","""up""",
"1253","45","328","5","9","""default""","""""","9.9","{breed flowholders}","true","1","1","""up""",
"1254","135","302","14","4","""default""","""""","9.9","{breed flowholders}","true","1","1","""up""",
"1255","105","347","29","4","""default""","""""","9.9","{breed flowholders}","true","1","1","""up""",
"1256","105","262","33","30","""default""","""""","9.9","{breed flowholders}","true","1","1","""up""",
"1257","85","9","27","43","""default""","""""","9.9","{breed flowholders}","true","1","1","""up""",
"1258","135","327","9","47","""default""","""""","9.9","{breed flowholders}","true","1","1","""up""",
"1259","5","334","43","43","""default""","""""","9.9","{breed flowholders}","true","1","1","""up""",
"1260","15","123","19","2","""default""","""""","9.9","{breed flowholders}","true","1","1","""up""",
"1261","25","7","25","1","""default""","""""","9.9","{breed flowholders}","true","1","1","""up""",
"1262","55","59","11","20","""default""","""""","9.9","{breed flowholders}","true","1","1","""up""",
"1263","85","79","42","46","""default""","""""","9.9","{breed flowholders}","true","1","1","""up""",
"1264","5","289","13","41","""default""","""""","9.9","{breed flowholders}","true","1","1","""up""",
"1265","85","129","12","47","""default""","""""","9.9","{breed flowholders}","true","1","1","""up""",
"1266","135","257","27","16","""default""","""""","9.9","{breed flowholders}","true","1","1","""up""",
"1267","45","189","48","35","""default""","""""","9.9","{breed flowholders}","true","1","1","""up""",
"1268","97","0","1","49","""line half""","""""","9.9","{breed flowholders}","false","1","1","""up""",
"1269","25","124","7","43","""default""","""""","9.9","{breed flowholders}","true","1","1","""up""",
"1270","45","135","48","22","""default""","""""","9.9","{breed flowholders}","true","1","1","""up""",
"1271","97","90","49","34","""line half""","""""","9.9","{breed flowholders}","false","1","1","""up""",
"1272","35","315","2","16","""default""","""""","9.9","{breed flowholders}","true","1","1","""up""",
"1273","125","255","26","18","""default""","""""","9.9","{breed flowholders}","true","1","1","""up""",
"1274","55","230","7","22","""default""","""""","9.9","{breed flowholders}","true","1","1","""up""",
"1275","95","133","16","24","""default""","""""","9.9","{breed flowholders}","true","1","1","""up""",
"1276","15","68","46","23","""default""","""""","9.9","{breed flowholders}","true","1","1","""up""",
"1277","5","39","6","7","""default""","""""","9.9","{breed flowholders}","true","1","1","""up""",
"1278","45","129","18","2","""default""","""""","9.9","{breed flowholders}","true","1","1","""up""",
"1279","97","270","0","30","""line half""","""""","9.9","{breed flowholders}","false","1","1","""up""",
"1280","75","349","22","37","""default""","""""","9.9","{breed flowholders}","true","1","1","""up""",
"1281","135","106","33","28","""default""","""""","9.9","{breed flowholders}","true","1","1","""up""",
"1282","75","253","14","24","""default""","""""","9.9","{breed flowholders}","true","1","1","""up""",
"1283","105","252","36","19","""default""","""""","9.9","{breed flowholders}","true","1","1","""up""",
"1284","75","153","9","13","""default""","""""","9.9","{breed flowholders}","true","1","1","""up""",
"1285","65","231","2","41","""default""","""""","9.9","{breed flowholders}","true","1","1","""up""",
"1286","115","235","27","5","""default""","""""","9.9","{breed flowholders}","true","1","1","""up""",
"1287","55","128","3","39","""default""","""""","9.9","{breed flowholders}","true","1","1","""up""",
"1288","95","293","45","18","""default""","""""","9.9","{breed flowholders}","true","1","1","""up""",
"1289","45","315","25","6","""default""","""""","9.9","{breed flowholders}","true","1","1","""up""",
"1290","125","313","22","30","""default""","""""","9.9","{breed flowholders}","true","1","1","""up""",
"1291","96.99459834877914","0","47","49","""line half""","""""","9.9","{breed flowholders}","false","1","1","""up""",
"1292","135","257","4","32","""default""","""""","9.9","{breed flowholders}","true","1","1","""up""",
"1293","15","124","21","10","""default""","""""","9.9","{breed flowholders}","true","1","1","""up""",
"1294","105","321","21","33","""default""","""""","9.9","{breed flowholders}","true","1","1","""up""",
"1295","85","244","42","17","""default""","""""","9.9","{breed flowholders}","true","1","1","""up""",
"1296","45","0","43","1","""default""","""""","9.9","{breed flowholders}","true","1","1","""up""",
"1297","105","165","33","25","""default""","""""","9.9","{breed flowholders}","true","1","1","""up""",
"1298","95","112","15","3","""default""","""""","9.9","{breed flowholders}","true","1","1","""up""",
"1299","5","203","45","12","""default""","""""","9.9","{breed flowholders}","true","1","1","""up""",
"1300","45","158","40","19","""default""","""""","9.9","{breed flowholders}","true","1","1","""up""",
"1301","125","149","39","11","""default""","""""","9.9","{breed flowholders}","true","1","1","""up""",
"1302","135","96","48","18","""default""","""""","9.9","{breed flowholders}","true","1","1","""up""",
"1303","125","46","5","10","""default""","""""","9.9","{breed flowholders}","true","1","1","""up""",
"1304","15","162","12","10","""default""","""""","9.9","{breed flowholders}","true","1","1","""up""",
"1305","75","24","45","1","""default""","""""","9.9","{breed flowholders}","true","1","1","""up""",
"1306","75","354","11","36","""default""","""""","9.9","{breed flowholders}","true","1","1","""up""",
"1307","55","194","27","9","""default""","""""","9.9","{breed flowholders}","true","1","1","""up""",
"1308","55","331","16","6","""default""","""""","9.9","{breed flowholders}","true","1","1","""up""",
"1309","65","207","20","35","""default""","""""","9.9","{breed flowholders}","true","1","1","""up""",
"1310","45","261","28","6","""default""","""""","9.9","{breed flowholders}","true","1","1","""up""",
"1311","35","189","22","12","""default""","""""","9.9","{breed flowholders}","true","1","1","""up""",
"1312","125","240","9","22","""default""","""""","9.9","{breed flowholders}","true","1","1","""up""",
"1313","65","119","44","30","""default""","""""","9.9","{breed flowholders}","true","1","1","""up""",
"1314","45","200","2","2","""default""","""""","9.9","{breed flowholders}","true","1","1","""up""",
"1315","25","87","44","48","""default""","""""","9.9","{breed flowholders}","true","1","1","""up""",
"1316","35","289","25","13","""default""","""""","9.9","{breed flowholders}","true","1","1","""up""",
"1317","65","3","31","48","""default""","""""","9.9","{breed flowholders}","true","1","1","""up""",
"1318","5","266","28","34","""default""","""""","9.9","{breed flowholders}","true","1","1","""up""",
"1319","35","359","1","10","""default""","""""","9.9","{breed flowholders}","true","1","1","""up""",
"1320","135","152","31","18","""default""","""""","9.9","{breed flowholders}","true","1","1","""up""",
"1321","105","105","8","48","""default""","""""","9.9","{breed flowholders}","true","1","1","""up""",
"1322","105","197","45","27","""default""","""""","9.9","{breed flowholders}","true","1","1","""up""",
"1323","125","41","25","39","""default""","""""","9.9","{breed flowholders}","true","1","1","""up""",
"1324","75","61","22","35","""default""","""""","9.9","{breed flowholders}","true","1","1","""up""",
"1325","45","223","42","13","""default""","""""","9.9","{breed flowholders}","true","1","1","""up""",
"1326","115","110","34","12","""default""","""""","9.9","{breed flowholders}","true","1","1","""up""",
"1327","15","237","5","11","""default""","""""","9.9","{breed flowholders}","true","1","1","""up""",
"1328","5","106","30","34","""default""","""""","9.9","{breed flowholders}","true","1","1","""up""",
"1329","105","49","42","20","""default""","""""","9.9","{breed flowholders}","true","1","1","""up""",
"1330","5","94","43","39","""default""","""""","9.9","{breed flowholders}","true","1","1","""up""",
"1331","85","134","9","18","""default""","""""","9.9","{breed flowholders}","true","1","1","""up""",
"1332","15","236","3","25","""default""","""""","9.9","{breed flowholders}","true","1","1","""up""",
"1333","125","156","48","42","""default""","""""","9.9","{breed flowholders}","true","1","1","""up""",
"1334","75","313","42","31","""default""","""""","9.9","{breed flowholders}","true","1","1","""up""",
"1335","25","254","7","48","""default""","""""","9.9","{breed flowholders}","true","1","1","""up""",
"1336","125","192","31","34","""default""","""""","9.9","{breed flowholders}","true","1","1","""up""",
"1337","95","101","46","7","""default""","""""","9.9","{breed flowholders}","true","1","1","""up""",
"1338","15","255","46","9","""default""","""""","9.9","{breed flowholders}","true","1","1","""up""",
"1339","25","329","1","6","""default""","""""","9.9","{breed flowholders}","true","1","1","""up""",
"1340","45","350","34","37","""default""","""""","9.9","{breed flowholders}","true","1","1","""up""",
"1341","135","198","23","47","""default""","""""","9.9","{breed flowholders}","true","1","1","""up""",
"1342","95","194","44","21","""default""","""""","9.9","{breed flowholders}","true","1","1","""up""",
"1343","85","139","10","22","""default""","""""","9.9","{breed flowholders}","true","1","1","""up""",
"1344","5","173","28","14","""default""","""""","9.9","{breed flowholders}","true","1","1","""up""",
"1345","115","52","29","32","""default""","""""","9.9","{breed flowholders}","true","1","1","""up""",
"1346","5","208","11","19","""default""","""""","9.9","{breed flowholders}","true","1","1","""up""",
"1347","45","124","45","15","""default""","""""","9.9","{breed flowholders}","true","1","1","""up""",
"1348","5","202","16","38","""default""","""""","9.9","{breed flowholders}","true","1","1","""up""",
"1349","65","177","2","7","""default""","""""","9.9","{breed flowholders}","true","1","1","""up""",
"1350","75","104","8","7","""default""","""""","9.9","{breed flowholders}","true","1","1","""up""",
"1351","65","307","28","44","""default""","""""","9.9","{breed flowholders}","true","1","1","""up""",
"1352","135","83","35","47","""default""","""""","9.9","{breed flowholders}","true","1","1","""up""",
"1353","95","329","18","12","""default""","""""","9.9","{breed flowholders}","true","1","1","""up""",
"1354","25","106","46","41","""default""","""""","9.9","{breed flowholders}","true","1","1","""up""",
"1355","25","292","41","15","""default""","""""","9.9","{breed flowholders}","true","1","1","""up""",
"1356","95","49","3","9","""default""","""""","9.9","{breed flowholders}","true","1","1","""up""",
"1357","25","139","46","44","""default""","""""","9.9","{breed flowholders}","true","1","1","""up""",
"1358","75","45","40","32","""default""","""""","9.9","{breed flowholders}","true","1","1","""up""",
"1359","5","245","28","42","""default""","""""","9.9","{breed flowholders}","true","1","1","""up""",
"1360","5","103","13","39","""default""","""""","9.9","{breed flowholders}","true","1","1","""up""",
"1361","85","157","17","40","""default""","""""","9.9","{breed flowholders}","true","1","1","""up""",
"1362","5","133","3","18","""default""","""""","9.9","{breed flowholders}","true","1","1","""up""",
"1363","25","41","47","19","""default""","""""","9.9","{breed flowholders}","true","1","1","""up""",
"1364","105","168","40","47","""default""","""""","9.9","{breed flowholders}","true","1","1","""up""",
"1365","97","90","49","20","""line half""","""""","9.9","{breed flowholders}","false","1","1","""up""",
"1366","45","15","2","20","""default""","""""","9.9","{breed flowholders}","true","1","1","""up""",
"1367","55","219","24","15","""default""","""""","9.9","{breed flowholders}","true","1","1","""up""",
"1368","115","89","28","27","""default""","""""","9.9","{breed flowholders}","true","1","1","""up""",
"1369","25","163","15","18","""default""","""""","9.9","{breed flowholders}","true","1","1","""up""",
"1370","105","233","38","39","""default""","""""","9.9","{breed flowholders}","true","1","1","""up""",
"1371","55","107","1","45","""default""","""""","9.9","{breed flowholders}","true","1","1","""up""",
"1372","75","290","1","18","""default""","""""","9.9","{breed flowholders}","true","1","1","""up""",
"1373","55","99","25","18","""default""","""""","9.9","{breed flowholders}","true","1","1","""up""",
"1374","85","294","32","22","""default""","""""","9.9","{breed flowholders}","true","1","1","""up""",
"1375","85","221","2","17","""default""","""""","9.9","{breed flowholders}","true","1","1","""up""",
"1376","95","234","8","31","""default""","""""","9.9","{breed flowholders}","true","1","1","""up""",
"1377","105","44","6","24","""default""","""""","9.9","{breed flowholders}","true","1","1","""up""",
"1378","135","10","15","21","""default""","""""","9.9","{breed flowholders}","true","1","1","""up""",
"1379","115","116","41","31","""default""","""""","9.9","{breed flowholders}","true","1","1","""up""",
"1380","55","280","17","43","""default""","""""","9.9","{breed flowholders}","true","1","1","""up""",
"1381","45","20","38","35","""default""","""""","9.9","{breed flowholders}","true","1","1","""up""",
"1382","105","10","40","16","""default""","""""","9.9","{breed flowholders}","true","1","1","""up""",
"1383","55","122","8","24","""default""","""""","9.9","{breed flowholders}","true","1","1","""up""",
"1384","5","222","31","16","""default""","""""","9.9","{breed flowholders}","true","1","1","""up""",
"1385","97","270","0","39","""line half""","""""","9.9","{breed flowholders}","false","1","1","""up""",
"1386","125","187","2","29","""default""","""""","9.9","{breed flowholders}","true","1","1","""up""",
"1387","115","100","39","35","""default""","""""","9.9","{breed flowholders}","true","1","1","""up""",
"1388","135","102","24","44","""default""","""""","9.9","{breed flowholders}","true","1","1","""up""",
"1389","105","215","28","33","""default""","""""","9.9","{breed flowholders}","true","1","1","""up""",
"1390","35","171","34","28","""default""","""""","9.9","{breed flowholders}","true","1","1","""up""",
"1391","25","348","6","9","""default""","""""","9.9","{breed flowholders}","true","1","1","""up""",
"1392","45","314","39","14","""default""","""""","9.9","{breed flowholders}","true","1","1","""up""",
"1393","105","279","6","36","""default""","""""","9.9","{breed flowholders}","true","1","1","""up""",
"1394","85","260","30","4","""default""","""""","9.9","{breed flowholders}","true","1","1","""up""",
"1395","35","96","36","26","""default""","""""","9.9","{breed flowholders}","true","1","1","""up""",
"1396","115","72","35","3","""default""","""""","9.9","{breed flowholders}","true","1","1","""up""",
"1397","135","300","30","29","""default""","""""","9.9","{breed flowholders}","true","1","1","""up""",
"1398","97","180","29","0","""line half""","""""","9.9","{breed flowholders}","false","1","1","""up""",
"1399","65","232","48","33","""default""","""""","9.9","{breed flowholders}","true","1","1","""up""",
"1400","95","318","23","19","""default""","""""","9.9","{breed flowholders}","true","1","1","""up""",
"1401","5","178","20","4","""default""","""""","9.9","{breed flowholders}","true","1","1","""up""",
"1402","15","221","44","24","""default""","""""","9.9","{breed flowholders}","true","1","1","""up""",
"1403","15","264","10","46","""default""","""""","9.9","{breed flowholders}","true","1","1","""up""",
"1404","15","46","38","42","""default""","""""","9.9","{breed flowholders}","true","1","1","""up""",
"1405","85","4","47","22","""default""","""""","9.9","{breed flowholders}","true","1","1","""up""",
"1406","15","143","47","47","""default""","""""","9.9","{breed flowholders}","true","1","1","""up""",
"1407","15","109","5","20","""default""","""""","9.9","{breed flowholders}","true","1","1","""up""",
"1408","55","19","29","23","""default""","""""","9.9","{breed flowholders}","true","1","1","""up""",
"1409","97","90","49","33","""line half""","""""","9.9","{breed flowholders}","false","1","1","""up""",
"1410","5","221","43","40","""default""","""""","9.9","{breed flowholders}","true","1","1","""up""",
"1411","135","319","39","1","""default""","""""","9.9","{breed flowholders}","true","1","1","""up""",
"1412","65","296","8","18","""default""","""""","9.9","{breed flowholders}","true","1","1","""up""",
"1413","95","38","25","11","""default""","""""","9.9","{breed flowholders}","true","1","1","""up""",
"1414","115","50","24","19","""default""","""""","9.9","{breed flowholders}","true","1","1","""up""",
"1415","75","8","3","48","""default""","""""","9.9","{breed flowholders}","true","1","1","""up""",
"1416","5","287","12","30","""default""","""""","9.9","{breed flowholders}","true","1","1","""up""",
"1417","97","270","0","9","""line half""","""""","9.9","{breed flowholders}","false","1","1","""up""",
"1418","85","160","42","7","""default""","""""","9.9","{breed flowholders}","true","1","1","""up""",
"1419","97","0","8","49","""line half""","""""","9.9","{breed flowholders}","false","1","1","""up""",
"1420","115","145","42","47","""default""","""""","9.9","{breed flowholders}","true","1","1","""up""",
"1421","125","5","11","17","""default""","""""","9.9","{breed flowholders}","true","1","1","""up""",
"1422","115","44","39","30","""default""","""""","9.9","{breed flowholders}","true","1","1","""up""",
"1423","125","187","28","31","""default""","""""","9.9","{breed flowholders}","true","1","1","""up""",
"1424","85","349","42","41","""default""","""""","9.9","{breed flowholders}","true","1","1","""up""",
"1425","105","176","3","14","""default""","""""","9.9","{breed flowholders}","true","1","1","""up""",
"1426","115","207","21","36","""default""","""""","9.9","{breed flowholders}","true","1","1","""up""",
"1427","115","212","37","37","""default""","""""","9.9","{breed flowholders}","true","1","1","""up""",
"1428","115","62","46","3","""default""","""""","9.9","{breed flowholders}","true","1","1","""up""",
"1429","5","288","9","9","""default""","""""","9.9","{breed flowholders}","true","1","1","""up""",
"1430","125","94","28","35","""default""","""""","9.9","{breed flowholders}","true","1","1","""up""",
"1431","45","317","11","45","""default""","""""","9.9","{breed flowholders}","true","1","1","""up""",
"1432","45","160","1","48","""default""","""""","9.9","{breed flowholders}","true","1","1","""up""",
"1433","105","127","24","1","""default""","""""","9.9","{breed flowholders}","true","1","1","""up""",
"1434","45","244","37","17","""default""","""""","9.9","{breed flowholders}","true","1","1","""up""",
"1435","95","219","13","37","""default""","""""","9.9","{breed flowholders}","true","1","1","""up""",
"1436","95","272","5","32","""default""","""""","9.9","{breed flowholders}","true","1","1","""up""",
"1437","135","71","17","23","""default""","""""","9.9","{breed flowholders}","true","1","1","""up""",
"1438","85","304","15","16","""default""","""""","9.9","{breed flowholders}","true","1","1","""up""",
"1439","135","345","5","48","""default""","""""","9.9","{breed flowholders}","true","1","1","""up""",
"1440","45","262","44","6","""default""","""""","9.9","{breed flowholders}","true","1","1","""up""",
"1441","105","8","42","35","""default""","""""","9.9","{breed flowholders}","true","1","1","""up""",
"1442","105","18","32","7","""default""","""""","9.9","{breed flowholders}","true","1","1","""up""",
"1443","15","16","1","27","""default""","""""","9.9","{breed flowholders}","true","1","1","""up""",
"1444","105","198","14","46","""default""","""""","9.9","{breed flowholders}","true","1","1","""up""",
"1445","97","90","49","26","""line half""","""""","9.9","{breed flowholders}","false","1","1","""up""",
"1446","45","256","46","46","""default""","""""","9.9","{breed flowholders}","true","1","1","""up""",
"1447","95","254","27","10","""default""","""""","9.9","{breed flowholders}","true","1","1","""up""",
"1448","5","108","38","31","""default""","""""","9.9","{breed flowholders}","true","1","1","""up""",
"1449","75","105","48","46","""default""","""""","9.9","{breed flowholders}","true","1","1","""up""",
"1450","95","167","3","23","""default""","""""","9.9","{breed flowholders}","true","1","1","""up""",
"1451","105","277","5","6","""default""","""""","9.9","{breed flowholders}","true","1","1","""up""",
"1452","55","307","3","42","""default""","""""","9.9","{breed flowholders}","true","1","1","""up""",
"1453","85","189","44","39","""default""","""""","9.9","{breed flowholders}","true","1","1","""up""",
"1454","15","52","39","38","""default""","""""","9.9","{breed flowholders}","true","1","1","""up""",
"1455","135","243","25","23","""default""","""""","9.9","{breed flowholders}","true","1","1","""up""",
"1456","35","137","6","3","""default""","""""","9.9","{breed flowholders}","true","1","1","""up""",
"1457","55","50","35","44","""default""","""""","9.9","{breed flowholders}","true","1","1","""up""",
"1458","135","58","26","11","""default""","""""","9.9","{breed flowholders}","true","1","1","""up""",
"1459","45","253","41","12","""default""","""""","9.9","{breed flowholders}","true","1","1","""up""",
"1460","115","56","10","30","""default""","""""","9.9","{breed flowholders}","true","1","1","""up""",
"1461","5","231","36","48","""default""","""""","9.9","{breed flowholders}","true","1","1","""up""",
"1462","97","270","0","0","""line half""","""""","9.9","{breed flowholders}","false","1","1","""up""",
"1463","75","307","7","28","""default""","""""","9.9","{breed flowholders}","true","1","1","""up""",
"1464","15","184","34","33","""default""","""""","9.9","{breed flowholders}","true","1","1","""up""",
"1465","45","141","21","19","""default""","""""","9.9","{breed flowholders}","true","1","1","""up""",
"1466","115","195","36","39","""default""","""""","9.9","{breed flowholders}","true","1","1","""up""",
"1467","115","22","47","36","""default""","""""","9.9","{breed flowholders}","true","1","1","""up""",
"1468","45","346","32","5","""default""","""""","9.9","{breed flowholders}","true","1","1","""up""",
"1469","115","328","25","14","""default""","""""","9.9","{breed flowholders}","true","1","1","""up""",
"1470","125","29","43","16","""default""","""""","9.9","{breed flowholders}","true","1","1","""up""",
"1471","25","257","23","26","""default""","""""","9.9","{breed flowholders}","true","1","1","""up""",
"1472","45","279","13","5","""default""","""""","9.9","{breed flowholders}","true","1","1","""up""",
"1473","45","109","21","20","""default""","""""","9.9","{breed flowholders}","true","1","1","""up""",
"1474","85","48","32","12","""default""","""""","9.9","{breed flowholders}","true","1","1","""up""",
"1475","55","20","35","45","""default""","""""","9.9","{breed flowholders}","true","1","1","""up""",
"1476","115","242","14","16","""default""","""""","9.9","{breed flowholders}","true","1","1","""up""",
"1477","75","289","16","44","""default""","""""","9.9","{breed flowholders}","true","1","1","""up""",
"1478","35","359","46","35","""default""","""""","9.9","{breed flowholders}","true","1","1","""up""",
"1479","55","14","22","2","""default""","""""","9.9","{breed flowholders}","true","1","1","""up""",
"1480","85","53","12","20","""default""","""""","9.9","{breed flowholders}","true","1","1","""up""",
"1481","97","90","49","3","""line half""","""""","9.9","{breed flowholders}","false","1","1","""up""",
"1482","95","116","3","43","""default""","""""","9.9","{breed flowholders}","true","1","1","""up""",
"1483","15","137","39","44","""default""","""""","9.9","{breed flowholders}","true","1","1","""up""",
"1484","125","273","14","18","""default""","""""","9.9","{breed flowholders}","true","1","1","""up""",
"1485","85","48","27","24","""default""","""""","9.9","{breed flowholders}","true","1","1","""up""",
"1486","5","329","4","1","""default""","""""","9.9","{breed flowholders}","true","1","1","""up""",
"1487","125","187","12","41","""default""","""""","9.9","{breed flowholders}","true","1","1","""up""",
"1488","97","90","49","39","""line half""","""""","9.9","{breed flowholders}","false","1","1","""up""",
"1489","135","233","11","30","""default""","""""","9.9","{breed flowholders}","true","1","1","""up""",
"1490","45","25","12","26","""default""","""""","9.9","{breed flowholders}","true","1","1","""up""",
"1491","35","82","26","33","""default""","""""","9.9","{breed flowholders}","true","1","1","""up""",
"1492","115","159","2","19","""default""","""""","9.9","{breed flowholders}","true","1","1","""up""",
"1493","135","49","15","23","""default""","""""","9.9","{breed flowholders}","true","1","1","""up""",
"1494","105","111","27","19","""default""","""""","9.9","{breed flowholders}","true","1","1","""up""",
"1495","85","95","16","32","""default""","""""","9.9","{breed flowholders}","true","1","1","""up""",
"1496","65","6","24","43","""default""","""""","9.9","{breed flowholders}","true","1","1","""up""",
"1497","25","270","26","7","""default""","""""","9.9","{breed flowholders}","true","1","1","""up""",
"1498","25","71","43","7","""default""","""""","9.9","{breed flowholders}","true","1","1","""up""",
"1499","75","113","5","7","""default""","""""","9.9","{breed flowholders}","true","1","1","""up""",
"1500","125","73","6","38","""default""","""""","9.9","{breed flowholders}","true","1","1","""up""",
"1501","85","359","1","25","""default""","""""","9.9","{breed flowholders}","true","1","1","""up""",
"1502","45","205","38","44","""default""","""""","9.9","{breed flowholders}","true","1","1","""up""",
"1503","25","175","6","32","""default""","""""","9.9","{breed flowholders}","true","1","1","""up""",
"1504","85","338","3","1","""default""","""""","9.9","{breed flowholders}","true","1","1","""up""",
"1505","5","299","14","39","""default""","""""","9.9","{breed flowholders}","true","1","1","""up""",
"1506","65","101","31","1","""default""","""""","9.9","{breed flowholders}","true","1","1","""up""",
"1507","5","342","8","19","""default""","""""","9.9","{breed flowholders}","true","1","1","""up""",
"1508","97","180","32","0","""line half""","""""","9.9","{breed flowholders}","false","1","1","""up""",
"1509","135","117","6","23","""default""","""""","9.9","{breed flowholders}","true","1","1","""up""",
"1510","135","27","25","43","""default""","""""","9.9","{breed flowholders}","true","1","1","""up""",
"1511","15","350","47","38","""default""","""""","9.9","{breed flowholders}","true","1","1","""up""",
"1512","35","330","38","7","""default""","""""","9.9","{breed flowholders}","true","1","1","""up""",
"1513","97","90","49","49","""line half""","""""","9.9","{breed flowholders}","false","1","1","""up""",
"1514","25","82","33","4","""default""","""""","9.9","{breed flowholders}","true","1","1","""up""",
"1515","5","358","2","3","""default""","""""","9.9","{breed flowholders}","true","1","1","""up""",
"1516","95","101","2","15","""default""","""""","9.9","{breed flowholders}","true","1","1","""up""",
"1517","97","270","0","12","""line half""","""""","9.9","{breed flowholders}","false","1","1","""up""",
"1518","5","184","23","46","""default""","""""","9.9","{breed flowholders}","true","1","1","""up""",
"1519","115","22","32","11","""default""","""""","9.9","{breed flowholders}","true","1","1","""up""",
"1520","97","0","23","49","""line half""","""""","9.9","{breed flowholders}","false","1","1","""up""",
"1521","25","317","43","45","""default""","""""","9.9","{breed flowholders}","true","1","1","""up""",
"1522","5","273","42","15","""default""","""""","9.9","{breed flowholders}","true","1","1","""up""",
"1523","75","46","36","45","""default""","""""","9.9","{breed flowholders}","true","1","1","""up""",
"1524","65","93","6","45","""default""","""""","9.9","{breed flowholders}","true","1","1","""up""",
"1525","115","166","5","47","""default""","""""","9.9","{breed flowholders}","true","1","1","""up""",
"1526","95","145","46","14","""default""","""""","9.9","{breed flowholders}","true","1","1","""up""",
"1527","125","47","4","43","""default""","""""","9.9","{breed flowholders}","true","1","1","""up""",
"1528","35","170","32","1","""default""","""""","9.9","{breed flowholders}","true","1","1","""up""",
"1529","95","266","18","40","""default""","""""","9.9","{breed flowholders}","true","1","1","""up""",
"1530","75","288","39","13","""default""","""""","9.9","{breed flowholders}","true","1","1","""up""",
"1531","85","49","11","23","""default""","""""","9.9","{breed flowholders}","true","1","1","""up""",
"1532","105","32","14","41","""default""","""""","9.9","{breed flowholders}","true","1","1","""up""",
"1533","105","259","47","18","""default""","""""","9.9","{breed flowholders}","true","1","1","""up""",
"1534","5","15","36","2","""default""","""""","9.9","{breed flowholders}","true","1","1","""up""",
"1535","65","106","12","39","""default""","""""","9.9","{breed flowholders}","true","1","1","""up""",
"1536","65","313","21","48","""default""","""""","9.9","{breed flowholders}","true","1","1","""up""",
"1537","25","23","4","22","""default""","""""","9.9","{breed flowholders}","true","1","1","""up""",
"1538","135","189","11","9","""default""","""""","9.9","{breed flowholders}","true","1","1","""up""",
"1539","25","191","24","38","""default""","""""","9.9","{breed flowholders}","true","1","1","""up""",
"1540","5","240","30","48","""default""","""""","9.9","{breed flowholders}","true","1","1","""up""",
"1541","95","308","41","41","""default""","""""","9.9","{breed flowholders}","true","1","1","""up""",
"1542","105","146","43","5","""default""","""""","9.9","{breed flowholders}","true","1","1","""up""",
"1543","97","270","0","41","""line half""","""""","9.9","{breed flowholders}","false","1","1","""up""",
"1544","45","10","33","48","""default""","""""","9.9","{breed flowholders}","true","1","1","""up""",
"1545","5","24","20","13","""default""","""""","9.9","{breed flowholders}","true","1","1","""up""",
"1546","15","19","11","11","""default""","""""","9.9","{breed flowholders}","true","1","1","""up""",
"1547","45","135","45","8","""default""","""""","9.9","{breed flowholders}","true","1","1","""up""",
"1548","75","247","21","28","""default""","""""","9.9","{breed flowholders}","true","1","1","""up""",
"1549","45","145","26","10","""default""","""""","9.9","{breed flowholders}","true","1","1","""up""",
"1550","115","266","23","6","""default""","""""","9.9","{breed flowholders}","true","1","1","""up""",
"1551","125","78","11","48","""default""","""""","9.9","{breed flowholders}","true","1","1","""up""",
"1552","55","332","1","8","""default""","""""","9.9","{breed flowholders}","true","1","1","""up""",
"1553","5","174","20","33","""default""","""""","9.9","{breed flowholders}","true","1","1","""up""",
"1554","75","347","6","44","""default""","""""","9.9","{breed flowholders}","true","1","1","""up""",
"1555","95","190","48","9","""default""","""""","9.9","{breed flowholders}","true","1","1","""up""",
"1556","25","133","47","41","""default""","""""","9.9","{breed flowholders}","true","1","1","""up""",
"1557","15","189","24","35","""default""","""""","9.9","{breed flowholders}","true","1","1","""up""",
"1558","55","319","27","36","""default""","""""","9.9","{breed flowholders}","true","1","1","""up""",
"1559","115","201","20","48","""default""","""""","9.9","{breed flowholders}","true","1","1","""up""",
"1560","55","190","36","6","""default""","""""","9.9","{breed flowholders}","true","1","1","""up""",
"1561","35","328","10","12","""default""","""""","9.9","{breed flowholders}","true","1","1","""up""",
"1562","45","253","46","20","""default""","""""","9.9","{breed flowholders}","true","1","1","""up""",
"1563","75","334","20","25","""default""","""""","9.9","{breed flowholders}","true","1","1","""up""",
"1564","125","246","32","47","""default""","""""","9.9","{breed flowholders}","true","1","1","""up""",
"1565","55","162","7","13","""default""","""""","9.9","{breed flowholders}","true","1","1","""up""",
"1566","25","31","33","43","""default""","""""","9.9","{breed flowholders}","true","1","1","""up""",
"1567","95","332","46","48","""default""","""""","9.9","{breed flowholders}","true","1","1","""up""",
"1568","55","208","1","39","""default""","""""","9.9","{breed flowholders}","true","1","1","""up""",
"1569","135","146","8","11","""default""","""""","9.9","{breed flowholders}","true","1","1","""up""",
"1570","45","314","3","4","""default""","""""","9.9","{breed flowholders}","true","1","1","""up""",
"1571","45","267","9","31","""default""","""""","9.9","{breed flowholders}","true","1","1","""up""",
"1572","135","195","8","12","""default""","""""","9.9","{breed flowholders}","true","1","1","""up""",
"1573","15","182","26","2","""default""","""""","9.9","{breed flowholders}","true","1","1","""up""",
"1574","65","182","18","44","""default""","""""","9.9","{breed flowholders}","true","1","1","""up""",
"1575","65","198","9","17","""default""","""""","9.9","{breed flowholders}","true","1","1","""up""",
"1576","55","107","18","10","""default""","""""","9.9","{breed flowholders}","true","1","1","""up""",
"1577","5","52","33","34","""default""","""""","9.9","{breed flowholders}","true","1","1","""up""",
"1578","55","325","14","14","""default""","""""","9.9","{breed flowholders}","true","1","1","""up""",
"1579","75","66","9","14","""default""","""""","9.9","{breed flowholders}","true","1","1","""up""",
"1580","35","124","10","3","""default""","""""","9.9","{breed flowholders}","true","1","1","""up""",
"1581","105","12","34","47","""default""","""""","9.9","{breed flowholders}","true","1","1","""up""",
"1582","97","0","24","49","""line half""","""""","9.9","{breed flowholders}","false","1","1","""up""",
"1583","85","216","43","48","""default""","""""","9.9","{breed flowholders}","true","1","1","""up""",
"1584","15","131","22","18","""default""","""""","9.9","{breed flowholders}","true","1","1","""up""",
"1585","97","270","0","13","""line half""","""""","9.9","{breed flowholders}","false","1","1","""up""",
"1586","125","31","44","14","""default""","""""","9.9","{breed flowholders}","true","1","1","""up""",
"1587","35","115","1","15","""default""","""""","9.9","{breed flowholders}","true","1","1","""up""",
"1588","75","16","35","46","""default""","""""","9.9","{breed flowholders}","true","1","1","""up""",
"1589","15","111","16","1","""default""","""""","9.9","{breed flowholders}","true","1","1","""up""",
"1590","135","34","42","29","""default""","""""","9.9","{breed flowholders}","true","1","1","""up""",
"1591","65","58","38","41","""default""","""""","9.9","{breed flowholders}","true","1","1","""up""",
"1592","85","49","7","19","""default""","""""","9.9","{breed flowholders}","true","1","1","""up""",
"1593","97","90","49","36","""line half""","""""","9.9","{breed flowholders}","false","1","1","""up""",
"1594","105","164","47","33","""default""","""""","9.9","{breed flowholders}","true","1","1","""up""",
"1595","25","93","21","41","""default""","""""","9.9","{breed flowholders}","true","1","1","""up""",
"1596","115","128","32","37","""default""","""""","9.9","{breed flowholders}","true","1","1","""up""",
"1597","105","339","41","3","""default""","""""","9.9","{breed flowholders}","true","1","1","""up""",
"1598","97","90","49","43","""line half""","""""","9.9","{breed flowholders}","false","1","1","""up""",
"1599","55","27","22","5","""default""","""""","9.9","{breed flowholders}","true","1","1","""up""",
"1600","105","202","47","23","""default""","""""","9.9","{breed flowholders}","true","1","1","""up""",
"1601","5","136","32","40","""default""","""""","9.9","{breed flowholders}","true","1","1","""up""",
"1602","97","180","12","0","""line half""","""""","9.9","{breed flowholders}","false","1","1","""up""",
"1603","45","251","4","14","""default""","""""","9.9","{breed flowholders}","true","1","1","""up""",
"1604","97","0","25","49","""line half""","""""","9.9","{breed flowholders}","false","1","1","""up""",
"1605","5","106","35","10","""default""","""""","9.9","{breed flowholders}","true","1","1","""up""",
"1606","35","62","18","47","""default""","""""","9.9","{breed flowholders}","true","1","1","""up""",
"1607","85","326","13","10","""default""","""""","9.9","{breed flowholders}","true","1","1","""up""",
"1608","97","180","21","0","""line half""","""""","9.9","{breed flowholders}","false","1","1","""up""",
"1609","135","115","21","40","""default""","""""","9.9","{breed flowholders}","true","1","1","""up""",
"1610","55","177","14","19","""default""","""""","9.9","{breed flowholders}","true","1","1","""up""",
"1611","55","211","40","37","""default""","""""","9.9","{breed flowholders}","true","1","1","""up""",
"1612","65","136","37","1","""default""","""""","9.9","{breed flowholders}","true","1","1","""up""",
"1613","45","122","3","13","""default""","""""","9.9","{breed flowholders}","true","1","1","""up""",
"1614","125","117","26","3","""default""","""""","9.9","{breed flowholders}","true","1","1","""up""",
"1615","5","18","14","30","""default""","""""","9.9","{breed flowholders}","true","1","1","""up""",
"1616","5","136","27","8","""default""","""""","9.9","{breed flowholders}","true","1","1","""up""",
"1617","95","27","7","18","""default""","""""","9.9","{breed flowholders}","true","1","1","""up""",
"1618","135","146","39","8","""default""","""""","9.9","{breed flowholders}","true","1","1","""up""",
"1619","55","189","48","34","""default""","""""","9.9","{breed flowholders}","true","1","1","""up""",
"1620","125","164","34","42","""default""","""""","9.9","{breed flowholders}","true","1","1","""up""",
"1621","97","270","0","24","""line half""","""""","9.9","{breed flowholders}","false","1","1","""up""",
"1622","105","61","45","48","""default""","""""","9.9","{breed flowholders}","true","1","1","""up""",
"1623","15","332","21","35","""default""","""""","9.9","{breed flowholders}","true","1","1","""up""",
"1624","25","4","6","19","""default""","""""","9.9","{breed flowholders}","true","1","1","""up""",
"1625","5","148","18","20","""default""","""""","9.9","{breed flowholders}","true","1","1","""up""",
"1626","55","72","19","19","""default""","""""","9.9","{breed flowholders}","true","1","1","""up""",
"1627","45","121","4","24","""default""","""""","9.9","{breed flowholders}","true","1","1","""up""",
"1628","105","131","35","18","""default""","""""","9.9","{breed flowholders}","true","1","1","""up""",
"1629","115","130","11","39","""default""","""""","9.9","{breed flowholders}","true","1","1","""up""",
"1630","65","72","47","3","""default""","""""","9.9","{breed flowholders}","true","1","1","""up""",
"1631","15","214","44","5","""default""","""""","9.9","{breed flowholders}","true","1","1","""up""",
"1632","135","65","16","8","""default""","""""","9.9","{breed flowholders}","true","1","1","""up""",
"1633","55","266","39","17","""default""","""""","9.9","{breed flowholders}","true","1","1","""up""",
"1634","15","59","39","20","""default""","""""","9.9","{breed flowholders}","true","1","1","""up""",
"1635","105","122","41","39","""default""","""""","9.9","{breed flowholders}","true","1","1","""up""",
"1636","75","267","17","41","""default""","""""","9.9","{breed flowholders}","true","1","1","""up""",
"1637","45","46","34","32","""default""","""""","9.9","{breed flowholders}","true","1","1","""up""",
"1638","15","106","6","16","""default""","""""","9.9","{breed flowholders}","true","1","1","""up""",
"1639","25","71","43","30","""default""","""""","9.9","{breed flowholders}","true","1","1","""up""",
"1640","5","189","27","35","""default""","""""","9.9","{breed flowholders}","true","1","1","""up""",
"1641","75","74","9","24","""default""","""""","9.9","{breed flowholders}","true","1","1","""up""",
"1642","75","343","41","16","""default""","""""","9.9","{breed flowholders}","true","1","1","""up""",
"1643","115","244","21","2","""default""","""""","9.9","{breed flowholders}","true","1","1","""up""",
"1644","25","131","13","7","""default""","""""","9.9","{breed flowholders}","true","1","1","""up""",
"1645","95","285","44","45","""default""","""""","9.9","{breed flowholders}","true","1","1","""up""",
"1646","85","263","13","16","""default""","""""","9.9","{breed flowholders}","true","1","1","""up""",
"1647","85","353","10","34","""default""","""""","9.9","{breed flowholders}","true","1","1","""up""",
"1648","97","0","18","49","""line half""","""""","9.9","{breed flowholders}","false","1","1","""up""",
"1649","35","4","9","40","""default""","""""","9.9","{breed flowholders}","true","1","1","""up""",
"1650","5","20","29","16","""default""","""""","9.9","{breed flowholders}","true","1","1","""up""",
"1651","135","155","18","34","""default""","""""","9.9","{breed flowholders}","true","1","1","""up""",
"1652","75","182","13","15","""default""","""""","9.9","{breed flowholders}","true","1","1","""up""",
"1653","125","341","16","25","""default""","""""","9.9","{breed flowholders}","true","1","1","""up""",
"1654","25","48","16","33","""default""","""""","9.9","{breed flowholders}","true","1","1","""up""",
"1655","115","92","14","5","""default""","""""","9.9","{breed flowholders}","true","1","1","""up""",
"1656","105","259","2","48","""default""","""""","9.9","{breed flowholders}","true","1","1","""up""",
"1657","45","131","7","30","""default""","""""","9.9","{breed flowholders}","true","1","1","""up""",
"1658","135","230","10","29","""default""","""""","9.9","{breed flowholders}","true","1","1","""up""",
"1659","15","346","3","37","""default""","""""","9.9","{breed flowholders}","true","1","1","""up""",
"1660","45","333","37","2","""default""","""""","9.9","{breed flowholders}","true","1","1","""up""",
"1661","85","154","7","6","""default""","""""","9.9","{breed flowholders}","true","1","1","""up""",
"1662","25","70","37","36","""default""","""""","9.9","{breed flowholders}","true","1","1","""up""",
"1663","105","73","15","38","""default""","""""","9.9","{breed flowholders}","true","1","1","""up""",
"1664","75","163","38","21","""default""","""""","9.9","{breed flowholders}","true","1","1","""up""",
"1665","97","90","49","25","""line half""","""""","9.9","{breed flowholders}","false","1","1","""up""",
"1666","125","220","19","6","""default""","""""","9.9","{breed flowholders}","true","1","1","""up""",
"1667","97","180","35","0","""line half""","""""","9.9","{breed flowholders}","false","1","1","""up""",
"1668","25","177","35","12","""default""","""""","9.9","{breed flowholders}","true","1","1","""up""",
"1669","95","357","20","45","""default""","""""","9.9","{breed flowholders}","true","1","1","""up""",
"1670","65","238","37","8","""default""","""""","9.9","{breed flowholders}","true","1","1","""up""",
"1671","5","202","45","9","""default""","""""","9.9","{breed flowholders}","true","1","1","""up""",
"1672","35","160","32","34","""default""","""""","9.9","{breed flowholders}","true","1","1","""up""",
"1673","5","107","24","6","""default""","""""","9.9","{breed flowholders}","true","1","1","""up""",
"1674","15","355","31","25","""default""","""""","9.9","{breed flowholders}","true","1","1","""up""",
"1675","125","96","10","23","""default""","""""","9.9","{breed flowholders}","true","1","1","""up""",
"1676","85","3","23","36","""default""","""""","9.9","{breed flowholders}","true","1","1","""up""",
"1677","135","67","35","30","""default""","""""","9.9","{breed flowholders}","true","1","1","""up""",
"1678","25","100","28","5","""default""","""""","9.9","{breed flowholders}","true","1","1","""up""",
"1679","105","225","46","16","""default""","""""","9.9","{breed flowholders}","true","1","1","""up""",
"1680","85","304","29","19","""default""","""""","9.9","{breed flowholders}","true","1","1","""up""",
"1681","25","328","22","7","""default""","""""","9.9","{breed flowholders}","true","1","1","""up""",
"1682","55","291","39","37","""default""","""""","9.9","{breed flowholders}","true","1","1","""up""",
"1683","5","345","47","11","""default""","""""","9.9","{breed flowholders}","true","1","1","""up""",
"1684","75","278","21","38","""default""","""""","9.9","{breed flowholders}","true","1","1","""up""",
"1685","115","202","33","24","""default""","""""","9.9","{breed flowholders}","true","1","1","""up""",
"1686","35","97","31","12","""default""","""""","9.9","{breed flowholders}","true","1","1","""up""",
"1687","45","80","2","6","""default""","""""","9.9","{breed flowholders}","true","1","1","""up""",
"1688","115","123","32","17","""default""","""""","9.9","{breed flowholders}","true","1","1","""up""",
"1689","65","191","2","47","""default""","""""","9.9","{breed flowholders}","true","1","1","""up""",
"1690","97","180","33","0","""line half""","""""","9.9","{breed flowholders}","false","1","1","""up""",
"1691","35","5","5","36","""default""","""""","9.9","{breed flowholders}","true","1","1","""up""",
"1692","15","331","43","38","""default""","""""","9.9","{breed flowholders}","true","1","1","""up""",
"1693","45","354","46","47","""default""","""""","9.9","{breed flowholders}","true","1","1","""up""",
"1694","135","108","13","45","""default""","""""","9.9","{breed flowholders}","true","1","1","""up""",
"1695","96.9195851070404","180","7","0","""line half""","""""","9.9","{breed flowholders}","false","1","1","""up""",
"1696","115","30","18","46","""default""","""""","9.9","{breed flowholders}","true","1","1","""up""",
"1697","25","55","45","34","""default""","""""","9.9","{breed flowholders}","true","1","1","""up""",
"1698","95","131","34","24","""default""","""""","9.9","{breed flowholders}","true","1","1","""up""",
"1699","85","30","12","9","""default""","""""","9.9","{breed flowholders}","true","1","1","""up""",
"1700","125","213","7","42","""default""","""""","9.9","{breed flowholders}","true","1","1","""up""",
"1701","65","310","4","29","""default""","""""","9.9","{breed flowholders}","true","1","1","""up""",
"1702","105","161","17","35","""default""","""""","9.9","{breed flowholders}","true","1","1","""up""",
"1703","95","300","46","8","""default""","""""","9.9","{breed flowholders}","true","1","1","""up""",
"1704","65","246","7","26","""default""","""""","9.9","{breed flowholders}","true","1","1","""up""",
"1705","105","308","11","38","""default""","""""","9.9","{breed flowholders}","true","1","1","""up""",
"1706","135","318","38","16","""default""","""""","9.9","{breed flowholders}","true","1","1","""up""",
"1707","95","306","16","15","""default""","""""","9.9","{breed flowholders}","true","1","1","""up""",
"1708","115","214","12","46","""default""","""""","9.9","{breed flowholders}","true","1","1","""up""",
"1709","125","297","44","46","""default""","""""","9.9","{breed flowholders}","true","1","1","""up""",
"1710","85","351","2","34","""default""","""""","9.9","{breed flowholders}","true","1","1","""up""",
"1711","35","119","41","17","""default""","""""","9.9","{breed flowholders}","true","1","1","""up""",
"1712","55","139","29","37","""default""","""""","9.9","{breed flowholders}","true","1","1","""up""",
"1713","135","57","3","28","""default""","""""","9.9","{breed flowholders}","true","1","1","""up""",
"1714","55","286","26","19","""default""","""""","9.9","{breed flowholders}","true","1","1","""up""",
"1715","45","321","45","28","""default""","""""","9.9","{breed flowholders}","true","1","1","""up""",
"1716","85","2","23","8","""default""","""""","9.9","{breed flowholders}","true","1","1","""up""",
"1717","25","103","29","35","""default""","""""","9.9","{breed flowholders}","true","1","1","""up""",
"1718","135","265","10","39","""default""","""""","9.9","{breed flowholders}","true","1","1","""up""",
"1719","55","278","13","42","""default""","""""","9.9","{breed flowholders}","true","1","1","""up""",
"1720","65","97","4","37","""default""","""""","9.9","{breed flowholders}","true","1","1","""up""",
"1721","85","240","6","35","""default""","""""","9.9","{breed flowholders}","true","1","1","""up""",
"1722","125","241","2","39","""default""","""""","9.9","{breed flowholders}","true","1","1","""up""",
"1723","5","56","35","14","""default""","""""","9.9","{breed flowholders}","true","1","1","""up""",
"1724","95","112","6","5","""default""","""""","9.9","{breed flowholders}","true","1","1","""up""",
"1725","97","90","49","47","""line half""","""""","9.9","{breed flowholders}","false","1","1","""up""",
"1726","15","208","8","13","""default""","""""","9.9","{breed flowholders}","true","1","1","""up""",
"1727","35","207","5","30","""default""","""""","9.9","{breed flowholders}","true","1","1","""up""",
"1728","65","78","3","27","""default""","""""","9.9","{breed flowholders}","true","1","1","""up""",
"1729","95","317","37","26","""default""","""""","9.9","{breed flowholders}","true","1","1","""up""",
"1730","115","295","23","37","""default""","""""","9.9","{breed flowholders}","true","1","1","""up""",
"1731","45","343","12","22","""default""","""""","9.9","{breed flowholders}","true","1","1","""up""",
"1732","15","318","13","33","""default""","""""","9.9","{breed flowholders}","true","1","1","""up""",
"1733","95","57","44","22","""default""","""""","9.9","{breed flowholders}","true","1","1","""up""",
"1734","5","278","16","18","""default""","""""","9.9","{breed flowholders}","true","1","1","""up""",
"1735","97","0","17","49","""line half""","""""","9.9","{breed flowholders}","false","1","1","""up""",
"1736","15","320","37","23","""default""","""""","9.9","{breed flowholders}","true","1","1","""up""",
"1737","125","270","14","38","""default""","""""","9.9","{breed flowholders}","true","1","1","""up""",
"1738","65","247","1","29","""default""","""""","9.9","{breed flowholders}","true","1","1","""up""",
"1739","97","0","12","49","""line half""","""""","9.9","{breed flowholders}","false","1","1","""up""",
"1740","15","286","41","26","""default""","""""","9.9","{breed flowholders}","true","1","1","""up""",
"1741","135","69","44","31","""default""","""""","9.9","{breed flowholders}","true","1","1","""up""",
"1742","65","200","48","24","""default""","""""","9.9","{breed flowholders}","true","1","1","""up""",
"1743","105","14","16","20","""default""","""""","9.9","{breed flowholders}","true","1","1","""up""",
"1744","75","29","17","6","""default""","""""","9.9","{breed flowholders}","true","1","1","""up""",
"1745","75","303","16","34","""default""","""""","9.9","{breed flowholders}","true","1","1","""up""",
"1746","125","323","40","12","""default""","""""","9.9","{breed flowholders}","true","1","1","""up""",
"1747","95","43","10","8","""default""","""""","9.9","{breed flowholders}","true","1","1","""up""",
"1748","75","245","5","26","""default""","""""","9.9","{breed flowholders}","true","1","1","""up""",
"1749","135","174","9","12","""default""","""""","9.9","{breed flowholders}","true","1","1","""up""",
"1750","5","169","20","15","""default""","""""","9.9","{breed flowholders}","true","1","1","""up""",
"1751","125","210","28","13","""default""","""""","9.9","{breed flowholders}","true","1","1","""up""",
"1752","135","232","43","12","""default""","""""","9.9","{breed flowholders}","true","1","1","""up""",
"1753","15","11","46","26","""default""","""""","9.9","{breed flowholders}","true","1","1","""up""",
"1754","85","305","39","33","""default""","""""","9.9","{breed flowholders}","true","1","1","""up""",
"1755","25","4","2","37","""default""","""""","9.9","{breed flowholders}","true","1","1","""up""",
"1756","97","0","11","49","""line half""","""""","9.9","{breed flowholders}","false","1","1","""up""",
"1757","115","158","24","10","""default""","""""","9.9","{breed flowholders}","true","1","1","""up""",
"1758","15","74","24","20","""default""","""""","9.9","{breed flowholders}","true","1","1","""up""",
"1759","85","311","22","4","""default""","""""","9.9","{breed flowholders}","true","1","1","""up""",
"1760","125","323","2","30","""default""","""""","9.9","{breed flowholders}","true","1","1","""up""",
"1761","97","270","0","7","""line half""","""""","9.9","{breed flowholders}","false","1","1","""up""",
"1762","125","96","11","18","""default""","""""","9.9","{breed flowholders}","true","1","1","""up""",
"1763","125","229","19","5","""default""","""""","9.9","{breed flowholders}","true","1","1","""up""",
"1764","5","74","9","20","""default""","""""","9.9","{breed flowholders}","true","1","1","""up""",
"1765","35","37","36","44","""default""","""""","9.9","{breed flowholders}","true","1","1","""up""",
"1766","135","0","1","47","""default""","""""","9.9","{breed flowholders}","true","1","1","""up""",
"1767","65","102","36","7","""default""","""""","9.9","{breed flowholders}","true","1","1","""up""",
"1768","35","66","8","20","""default""","""""","9.9","{breed flowholders}","true","1","1","""up""",
"1769","97","270","0","2","""line half""","""""","9.9","{breed flowholders}","false","1","1","""up""",
"1770","105","149","30","36","""default""","""""","9.9","{breed flowholders}","true","1","1","""up""",
"1771","105","163","44","10","""default""","""""","9.9","{breed flowholders}","true","1","1","""up""",
"1772","15","359","14","27","""default""","""""","9.9","{breed flowholders}","true","1","1","""up""",
"1773","65","104","22","34","""default""","""""","9.9","{breed flowholders}","true","1","1","""up""",
"1774","25","316","38","38","""default""","""""","9.9","{breed flowholders}","true","1","1","""up""",
"1775","45","217","3","45","""default""","""""","9.9","{breed flowholders}","true","1","1","""up""",
"1776","35","93","25","22","""default""","""""","9.9","{breed flowholders}","true","1","1","""up""",
"1777","5","227","41","13","""default""","""""","9.9","{breed flowholders}","true","1","1","""up""",
"1778","97","90","49","28","""line half""","""""","9.9","{breed flowholders}","false","1","1","""up""",
"1779","135","2","17","30","""default""","""""","9.9","{breed flowholders}","true","1","1","""up""",
"1780","115","170","3","36","""default""","""""","9.9","{breed flowholders}","true","1","1","""up""",
"1781","75","83","36","5","""default""","""""","9.9","{breed flowholders}","true","1","1","""up""",
"1782","65","36","12","13","""default""","""""","9.9","{breed flowholders}","true","1","1","""up""",
"1783","97","270","0","26","""line half""","""""","9.9","{breed flowholders}","false","1","1","""up""",
"1784","65","19","34","4","""default""","""""","9.9","{breed flowholders}","true","1","1","""up""",
"1785","125","96","22","43","""default""","""""","9.9","{breed flowholders}","true","1","1","""up""",
"1786","115","262","7","3","""default""","""""","9.9","{breed flowholders}","true","1","1","""up""",
"1787","35","256","4","23","""default""","""""","9.9","{breed flowholders}","true","1","1","""up""",
"1788","85","210","2","35","""default""","""""","9.9","{breed flowholders}","true","1","1","""up""",
"1789","35","93","23","40","""default""","""""","9.9","{breed flowholders}","true","1","1","""up""",
"1790","55","102","21","34","""default""","""""","9.9","{breed flowholders}","true","1","1","""up""",
"1791","125","16","17","39","""default""","""""","9.9","{breed flowholders}","true","1","1","""up""",
"1792","5","359","4","40","""default""","""""","9.9","{breed flowholders}","true","1","1","""up""",
"1793","65","205","30","30","""default""","""""","9.9","{breed flowholders}","true","1","1","""up""",
"1794","135","114","31","33","""default""","""""","9.9","{breed flowholders}","true","1","1","""up""",
"1795","95","273","41","11","""default""","""""","9.9","{breed flowholders}","true","1","1","""up""",
"1796","95","23","12","33","""default""","""""","9.9","{breed flowholders}","true","1","1","""up""",
"1797","75","116","12","8","""default""","""""","9.9","{breed flowholders}","true","1","1","""up""",
"1798","97","90","49","31","""line half""","""""","9.9","{breed flowholders}","false","1","1","""up""",
"1799","125","110","13","6","""default""","""""","9.9","{breed flowholders}","true","1","1","""up""",
"1800","15","225","1","7","""default""","""""","9.9","{breed flowholders}","true","1","1","""up""",
"1801","55","332","11","33","""default""","""""","9.9","{breed flowholders}","true","1","1","""up""",
"1802","45","324","48","17","""default""","""""","9.9","{breed flowholders}","true","1","1","""up""",
"1803","25","308","19","20","""default""","""""","9.9","{breed flowholders}","true","1","1","""up""",
"1804","65","13","24","37","""default""","""""","9.9","{breed flowholders}","true","1","1","""up""",
"1805","45","263","20","24","""default""","""""","9.9","{breed flowholders}","true","1","1","""up""",
"1806","85","350","1","34","""default""","""""","9.9","{breed flowholders}","true","1","1","""up""",
"1807","55","119","3","20","""default""","""""","9.9","{breed flowholders}","true","1","1","""up""",
"1808","65","356","32","13","""default""","""""","9.9","{breed flowholders}","true","1","1","""up""",
"1809","65","258","16","27","""default""","""""","9.9","{breed flowholders}","true","1","1","""up""",
"1810","65","217","15","5","""default""","""""","9.9","{breed flowholders}","true","1","1","""up""",
"1811","115","212","14","2","""default""","""""","9.9","{breed flowholders}","true","1","1","""up""",
"1812","115","191","38","10","""default""","""""","9.9","{breed flowholders}","true","1","1","""up""",
"1813","95","142","38","45","""default""","""""","9.9","{breed flowholders}","true","1","1","""up""",
"1814","35","300","25","28","""default""","""""","9.9","{breed flowholders}","true","1","1","""up""",
"1815","125","57","36","28","""default""","""""","9.9","{breed flowholders}","true","1","1","""up""",
"1816","85","343","2","46","""default""","""""","9.9","{breed flowholders}","true","1","1","""up""",
"1817","115","140","13","36","""default""","""""","9.9","{breed flowholders}","true","1","1","""up""",
"1818","25","223","37","19","""default""","""""","9.9","{breed flowholders}","true","1","1","""up""",
"1819","105","171","25","36","""default""","""""","9.9","{breed flowholders}","true","1","1","""up""",
"1820","45","220","4","15","""default""","""""","9.9","{breed flowholders}","true","1","1","""up""",
"1821","135","324","24","11","""default""","""""","9.9","{breed flowholders}","true","1","1","""up""",
"1822","25","250","33","45","""default""","""""","9.9","{breed flowholders}","true","1","1","""up""",
"1823","95","77","36","42","""default""","""""","9.9","{breed flowholders}","true","1","1","""up""",
"1824","135","45","45","24","""default""","""""","9.9","{breed flowholders}","true","1","1","""up""",
"1825","97","0","32","49","""line half""","""""","9.9","{breed flowholders}","false","1","1","""up""",
"1826","65","272","6","47","""default""","""""","9.9","{breed flowholders}","true","1","1","""up""",
"1827","15","228","26","22","""default""","""""","9.9","{breed flowholders}","true","1","1","""up""",
"1828","45","298","27","48","""default""","""""","9.9","{breed flowholders}","true","1","1","""up""",
"1829","35","275","45","23","""default""","""""","9.9","{breed flowholders}","true","1","1","""up""",
"1830","15","313","10","28","""default""","""""","9.9","{breed flowholders}","true","1","1","""up""",
"1831","115","276","33","10","""default""","""""","9.9","{breed flowholders}","true","1","1","""up""",
"1832","96.95159469072291","180","9","0","""line half""","""""","9.9","{breed flowholders}","false","1","1","""up""",
"1833","115","94","37","14","""default""","""""","9.9","{breed flowholders}","true","1","1","""up""",
"1834","105","3","36","37","""default""","""""","9.9","{breed flowholders}","true","1","1","""up""",
"1835","25","68","20","32","""default""","""""","9.9","{breed flowholders}","true","1","1","""up""",
"1836","5","271","47","7","""default""","""""","9.9","{breed flowholders}","true","1","1","""up""",
"1837","115","339","46","36","""default""","""""","9.9","{breed flowholders}","true","1","1","""up""",
"1838","65","287","35","15","""default""","""""","9.9","{breed flowholders}","true","1","1","""up""",
"1839","125","311","12","16","""default""","""""","9.9","{breed flowholders}","true","1","1","""up""",
"1840","25","195","16","7","""default""","""""","9.9","{breed flowholders}","true","1","1","""up""",
"1841","25","261","39","5","""default""","""""","9.9","{breed flowholders}","true","1","1","""up""",
"1842","35","330","46","5","""default""","""""","9.9","{breed flowholders}","true","1","1","""up""",
"1843","125","222","1","32","""default""","""""","9.9","{breed flowholders}","true","1","1","""up""",
"1844","135","232","10","9","""default""","""""","9.9","{breed flowholders}","true","1","1","""up""",
"1845","65","349","44","19","""default""","""""","9.9","{breed flowholders}","true","1","1","""up""",
"1846","25","329","42","30","""default""","""""","9.9","{breed flowholders}","true","1","1","""up""",
"1847","135","64","16","30","""default""","""""","9.9","{breed flowholders}","true","1","1","""up""",
"1848","45","158","47","43","""default""","""""","9.9","{breed flowholders}","true","1","1","""up""",
"1849","135","184","13","9","""default""","""""","9.9","{breed flowholders}","true","1","1","""up""",
"1850","95","275","26","30","""default""","""""","9.9","{breed flowholders}","true","1","1","""up""",
"1851","75","346","33","13","""default""","""""","9.9","{breed flowholders}","true","1","1","""up""",
"1852","85","95","39","46","""default""","""""","9.9","{breed flowholders}","true","1","1","""up""",
"1853","135","346","2","13","""default""","""""","9.9","{breed flowholders}","true","1","1","""up""",
"1854","85","128","20","47","""default""","""""","9.9","{breed flowholders}","true","1","1","""up""",
"1855","95","353","45","4","""default""","""""","9.9","{breed flowholders}","true","1","1","""up""",
"1856","85","127","5","34","""default""","""""","9.9","{breed flowholders}","true","1","1","""up""",
"1857","15","27","32","31","""default""","""""","9.9","{breed flowholders}","true","1","1","""up""",
"1858","85","290","31","31","""default""","""""","9.9","{breed flowholders}","true","1","1","""up""",
"1859","85","108","41","33","""default""","""""","9.9","{breed flowholders}","true","1","1","""up""",
"1860","45","112","29","34","""default""","""""","9.9","{breed flowholders}","true","1","1","""up""",
"1861","97","270","0","47","""line half""","""""","9.9","{breed flowholders}","false","1","1","""up""",
"1862","5","57","3","29","""default""","""""","9.9","{breed flowholders}","true","1","1","""up""",
"1863","35","316","46","42","""default""","""""","9.9","{breed flowholders}","true","1","1","""up""",
"1864","85","26","1","44","""default""","""""","9.9","{breed flowholders}","true","1","1","""up""",
"1865","65","69","36","13","""default""","""""","9.9","{breed flowholders}","true","1","1","""up""",
"1866","15","347","34","10","""default""","""""","9.9","{breed flowholders}","true","1","1","""up""",
"1867","15","127","33","39","""default""","""""","9.9","{breed flowholders}","true","1","1","""up""",
"1868","97","180","8","0","""line half""","""""","9.9","{breed flowholders}","false","1","1","""up""",
"1869","105","226","40","22","""default""","""""","9.9","{breed flowholders}","true","1","1","""up""",
"1870","5","28","31","11","""default""","""""","9.9","{breed flowholders}","true","1","1","""up""",
"1871","75","108","33","2","""default""","""""","9.9","{breed flowholders}","true","1","1","""up""",
"1872","125","295","31","20","""default""","""""","9.9","{breed flowholders}","true","1","1","""up""",
"1873","85","251","41","20","""default""","""""","9.9","{breed flowholders}","true","1","1","""up""",
"1874","75","254","30","37","""default""","""""","9.9","{breed flowholders}","true","1","1","""up""",
"1875","5","108","35","25","""default""","""""","9.9","{breed flowholders}","true","1","1","""up""",
"1876","25","356","6","40","""default""","""""","9.9","{breed flowholders}","true","1","1","""up""",
"1877","25","130","15","33","""default""","""""","9.9","{breed flowholders}","true","1","1","""up""",
"1878","97","270","0","17","""line half""","""""","9.9","{breed flowholders}","false","1","1","""up""",
"1879","95","323","22","15","""default""","""""","9.9","{breed flowholders}","true","1","1","""up""",
"1880","135","194","17","9","""default""","""""","9.9","{breed flowholders}","true","1","1","""up""",
"1881","15","206","39","2","""default""","""""","9.9","{breed flowholders}","true","1","1","""up""",
"1882","135","296","16","31","""default""","""""","9.9","{breed flowholders}","true","1","1","""up""",
"1883","105","248","16","41","""default""","""""","9.9","{breed flowholders}","true","1","1","""up""",
"1884","105","1","28","20","""default""","""""","9.9","{breed flowholders}","true","1","1","""up""",
"1885","55","328","35","19","""default""","""""","9.9","{breed flowholders}","true","1","1","""up""",
"1886","45","327","6","6","""default""","""""","9.9","{breed flowholders}","true","1","1","""up""",
"1887","95","61","31","44","""default""","""""","9.9","{breed flowholders}","true","1","1","""up""",
"1888","75","296","30","46","""default""","""""","9.9","{breed flowholders}","true","1","1","""up""",
"1889","45","183","5","39","""default""","""""","9.9","{breed flowholders}","true","1","1","""up""",
"1890","15","79","37","42","""default""","""""","9.9","{breed flowholders}","true","1","1","""up""",
"1891","25","317","42","48","""default""","""""","9.9","{breed flowholders}","true","1","1","""up""",
"1892","135","205","35","34","""default""","""""","9.9","{breed flowholders}","true","1","1","""up""",
"1893","135","142","27","27","""default""","""""","9.9","{breed flowholders}","true","1","1","""up""",
"1894","15","30","10","13","""default""","""""","9.9","{breed flowholders}","true","1","1","""up""",
"1895","5","348","1","30","""default""","""""","9.9","{breed flowholders}","true","1","1","""up""",
"1896","75","297","4","16","""default""","""""","9.9","{breed flowholders}","true","1","1","""up""",
"1897","25","158","16","3","""default""","""""","9.9","{breed flowholders}","true","1","1","""up""",
"1898","15","7","26","41","""default""","""""","9.9","{breed flowholders}","true","1","1","""up""",
"1899","105","7","16","13","""default""","""""","9.9","{breed flowholders}","true","1","1","""up""",
"1900","105","122","19","4","""default""","""""","9.9","{breed flowholders}","true","1","1","""up""",
"1901","125","225","17","1","""default""","""""","9.9","{breed flowholders}","true","1","1","""up""",
"1902","125","164","36","30","""default""","""""","9.9","{breed flowholders}","true","1","1","""up""",
"1903","45","250","4","39","""default""","""""","9.9","{breed flowholders}","true","1","1","""up""",
"1904","95","275","41","6","""default""","""""","9.9","{breed flowholders}","true","1","1","""up""",
"1905","125","346","37","16","""default""","""""","9.9","{breed flowholders}","true","1","1","""up""",
"1906","115","343","29","17","""default""","""""","9.9","{breed flowholders}","true","1","1","""up""",
"1907","25","51","11","2","""default""","""""","9.9","{breed flowholders}","true","1","1","""up""",
"1908","97","270","0","21","""line half""","""""","9.9","{breed flowholders}","false","1","1","""up""",
"1909","35","96","29","40","""default""","""""","9.9","{breed flowholders}","true","1","1","""up""",
"1910","65","313","12","14","""default""","""""","9.9","{breed flowholders}","true","1","1","""up""",
"1911","25","125","35","33","""default""","""""","9.9","{breed flowholders}","true","1","1","""up""",
"1912","95","354","46","13","""default""","""""","9.9","{breed flowholders}","true","1","1","""up""",
"1913","25","210","19","24","""default""","""""","9.9","{breed flowholders}","true","1","1","""up""",
"1914","45","50","35","7","""default""","""""","9.9","{breed flowholders}","true","1","1","""up""",
"1915","75","103","31","40","""default""","""""","9.9","{breed flowholders}","true","1","1","""up""",
"1916","85","238","31","36","""default""","""""","9.9","{breed flowholders}","true","1","1","""up""",
"1917","45","19","35","16","""default""","""""","9.9","{breed flowholders}","true","1","1","""up""",
"1918","5","40","41","48","""default""","""""","9.9","{breed flowholders}","true","1","1","""up""",
"1919","15","53","47","10","""default""","""""","9.9","{breed flowholders}","true","1","1","""up""",
"1920","125","186","7","14","""default""","""""","9.9","{breed flowholders}","true","1","1","""up""",
"1921","85","245","22","27","""default""","""""","9.9","{breed flowholders}","true","1","1","""up""",
"1922","85","187","33","17","""default""","""""","9.9","{breed flowholders}","true","1","1","""up""",
"1923","125","99","5","4","""default""","""""","9.9","{breed flowholders}","true","1","1","""up""",
"1924","25","266","41","8","""default""","""""","9.9","{breed flowholders}","true","1","1","""up""",
"1925","35","60","43","27","""default""","""""","9.9","{breed flowholders}","true","1","1","""up""",
"1926","125","156","1","16","""default""","""""","9.9","{breed flowholders}","true","1","1","""up""",
"1927","5","220","17","15","""default""","""""","9.9","{breed flowholders}","true","1","1","""up""",
"1928","5","108","15","28","""default""","""""","9.9","{breed flowholders}","true","1","1","""up""",
"1929","75","345","30","1","""default""","""""","9.9","{breed flowholders}","true","1","1","""up""",
"1930","105","182","21","22","""default""","""""","9.9","{breed flowholders}","true","1","1","""up""",
"1931","55","25","14","6","""default""","""""","9.9","{breed flowholders}","true","1","1","""up""",
"1932","95","297","2","42","""default""","""""","9.9","{breed flowholders}","true","1","1","""up""",
"1933","125","123","2","4","""default""","""""","9.9","{breed flowholders}","true","1","1","""up""",
"1934","105","196","38","19","""default""","""""","9.9","{breed flowholders}","true","1","1","""up""",
"1935","97","180","18","0","""line half""","""""","9.9","{breed flowholders}","false","1","1","""up""",
"1936","85","328","11","14","""default""","""""","9.9","{breed flowholders}","true","1","1","""up""",
"1937","95","195","37","31","""default""","""""","9.9","{breed flowholders}","true","1","1","""up""",
"1938","125","78","27","6","""default""","""""","9.9","{breed flowholders}","true","1","1","""up""",
"1939","5","235","46","24","""default""","""""","9.9","{breed flowholders}","true","1","1","""up""",
"1940","55","198","40","38","""default""","""""","9.9","{breed flowholders}","true","1","1","""up""",
"1941","55","299","29","13","""default""","""""","9.9","{breed flowholders}","true","1","1","""up""",
"1942","15","195","1","19","""default""","""""","9.9","{breed flowholders}","true","1","1","""up""",
"1943","15","289","30","43","""default""","""""","9.9","{breed flowholders}","true","1","1","""up""",
"1944","45","117","21","13","""default""","""""","9.9","{breed flowholders}","true","1","1","""up""",
"1945","5","194","3","47","""default""","""""","9.9","{breed flowholders}","true","1","1","""up""",
"1946","75","43","44","1","""default""","""""","9.9","{breed flowholders}","true","1","1","""up""",
"1947","35","337","35","28","""default""","""""","9.9","{breed flowholders}","true","1","1","""up""",
"1948","45","59","25","19","""default""","""""","9.9","{breed flowholders}","true","1","1","""up""",
"1949","125","14","48","36","""default""","""""","9.9","{breed flowholders}","true","1","1","""up""",
"1950","75","199","41","24","""default""","""""","9.9","{breed flowholders}","true","1","1","""up""",
"1951","75","214","25","12","""default""","""""","9.9","{breed flowholders}","true","1","1","""up""",
"1952","45","100","23","4","""default""","""""","9.9","{breed flowholders}","true","1","1","""up""",
"1953","97","180","46","0","""line half""","""""","9.9","{breed flowholders}","false","1","1","""up""",
"1954","45","285","2","26","""default""","""""","9.9","{breed flowholders}","true","1","1","""up""",
"1955","75","174","6","33","""default""","""""","9.9","{breed flowholders}","true","1","1","""up""",
"1956","5","105","12","29","""default""","""""","9.9","{breed flowholders}","true","1","1","""up""",
"1957","65","60","25","15","""default""","""""","9.9","{breed flowholders}","true","1","1","""up""",
"1958","105","343","33","14","""default""","""""","9.9","{breed flowholders}","true","1","1","""up""",
"1959","15","353","12","38","""default""","""""","9.9","{breed flowholders}","true","1","1","""up""",
"1960","55","192","17","3","""default""","""""","9.9","{breed flowholders}","true","1","1","""up""",
"1961","35","136","20","41","""default""","""""","9.9","{breed flowholders}","true","1","1","""up""",
"1962","115","116","45","16","""default""","""""","9.9","{breed flowholders}","true","1","1","""up""",
"1963","55","173","20","29","""default""","""""","9.9","{breed flowholders}","true","1","1","""up""",
"1964","55","39","16","2","""default""","""""","9.9","{breed flowholders}","true","1","1","""up""",
"1965","35","276","32","33","""default""","""""","9.9","{breed flowholders}","true","1","1","""up""",
"1966","15","236","26","13","""default""","""""","9.9","{breed flowholders}","true","1","1","""up""",
"1967","95","134","44","35","""default""","""""","9.9","{breed flowholders}","true","1","1","""up""",
"1968","105","167","33","3","""default""","""""","9.9","{breed flowholders}","true","1","1","""up""",
"1969","97","90","49","18","""line half""","""""","9.9","{breed flowholders}","false","1","1","""up""",
"1970","5","60","44","16","""default""","""""","9.9","{breed flowholders}","true","1","1","""up""",
"1971","45","110","23","13","""default""","""""","9.9","{breed flowholders}","true","1","1","""up""",
"1972","65","96","13","31","""default""","""""","9.9","{breed flowholders}","true","1","1","""up""",
"1973","5","319","6","26","""default""","""""","9.9","{breed flowholders}","true","1","1","""up""",
"1974","125","199","39","41","""default""","""""","9.9","{breed flowholders}","true","1","1","""up""",
"1975","97","90","49","17","""line half""","""""","9.9","{breed flowholders}","false","1","1","""up""",
"1976","97","90","49","14","""line half""","""""","9.9","{breed flowholders}","false","1","1","""up""",
"1977","115","310","7","1","""default""","""""","9.9","{breed flowholders}","true","1","1","""up""",
"1978","105","252","48","1","""default""","""""","9.9","{breed flowholders}","true","1","1","""up""",
"1979","65","232","16","14","""default""","""""","9.9","{breed flowholders}","true","1","1","""up""",
"1980","115","14","21","31","""default""","""""","9.9","{breed flowholders}","true","1","1","""up""",
"1981","75","26","20","23","""default""","""""","9.9","{breed flowholders}","true","1","1","""up""",
"1982","115","302","10","36","""default""","""""","9.9","{breed flowholders}","true","1","1","""up""",
"1983","45","117","11","32","""default""","""""","9.9","{breed flowholders}","true","1","1","""up""",
"1984","85","120","48","6","""default""","""""","9.9","{breed flowholders}","true","1","1","""up""",
"1985","25","156","12","24","""default""","""""","9.9","{breed flowholders}","true","1","1","""up""",
"1986","125","271","10","5","""default""","""""","9.9","{breed flowholders}","true","1","1","""up""",
"1987","85","223","10","38","""default""","""""","9.9","{breed flowholders}","true","1","1","""up""",
"1988","95","269","42","37","""default""","""""","9.9","{breed flowholders}","true","1","1","""up""",
"1989","85","329","34","36","""default""","""""","9.9","{breed flowholders}","true","1","1","""up""",
"1990","15","258","25","34","""default""","""""","9.9","{breed flowholders}","true","1","1","""up""",
"1991","135","248","23","48","""default""","""""","9.9","{breed flowholders}","true","1","1","""up""",
"1992","95","267","44","28","""default""","""""","9.9","{breed flowholders}","true","1","1","""up""",
"1993","25","29","16","40","""default""","""""","9.9","{breed flowholders}","true","1","1","""up""",
"1994","85","315","25","27","""default""","""""","9.9","{breed flowholders}","true","1","1","""up""",
"1995","25","200","46","40","""default""","""""","9.9","{breed flowholders}","true","1","1","""up""",
"1996","95","12","40","31","""default""","""""","9.9","{breed flowholders}","true","1","1","""up""",
"1997","45","222","22","21","""default""","""""","9.9","{breed flowholders}","true","1","1","""up""",
"1998","5","58","15","43","""default""","""""","9.9","{breed flowholders}","true","1","1","""up""",
"1999","15","57","40","2","""default""","""""","9.9","{breed flowholders}","true","1","1","""up""",
"2000","25","75","32","30","""default""","""""","9.9","{breed flowholders}","true","1","1","""up""",
"2001","45","18","8","32","""default""","""""","9.9","{breed flowholders}","true","1","1","""up""",
"2002","75","339","9","36","""default""","""""","9.9","{breed flowholders}","true","1","1","""up""",
"2003","105","169","4","35","""default""","""""","9.9","{breed flowholders}","true","1","1","""up""",
"2004","65","110","38","34","""default""","""""","9.9","{breed flowholders}","true","1","1","""up""",
"2005","25","286","17","19","""default""","""""","9.9","{breed flowholders}","true","1","1","""up""",
"2006","35","331","38","22","""default""","""""","9.9","{breed flowholders}","true","1","1","""up""",
"2007","35","141","44","25","""default""","""""","9.9","{breed flowholders}","true","1","1","""up""",
"2008","65","342","22","1","""default""","""""","9.9","{breed flowholders}","true","1","1","""up""",
"2009","55","312","45","44","""default""","""""","9.9","{breed flowholders}","true","1","1","""up""",
"2010","25","191","42","33","""default""","""""","9.9","{breed flowholders}","true","1","1","""up""",
"2011","65","246","26","20","""default""","""""","9.9","{breed flowholders}","true","1","1","""up""",
"2012","97","180","1","0","""line half""","""""","9.9","{breed flowholders}","false","1","1","""up""",
"2013","15","317","4","34","""default""","""""","9.9","{breed flowholders}","true","1","1","""up""",
"2014","97","270","0","4","""line half""","""""","9.9","{breed flowholders}","false","1","1","""up""",
"2015","105","241","11","22","""default""","""""","9.9","{breed flowholders}","true","1","1","""up""",
"2016","35","94","16","35","""default""","""""","9.9","{breed flowholders}","true","1","1","""up""",
"2017","105","219","37","47","""default""","""""","9.9","{breed flowholders}","true","1","1","""up""",
"2018","85","4","27","4","""default""","""""","9.9","{breed flowholders}","true","1","1","""up""",
"2019","45","170","42","12","""default""","""""","9.9","{breed flowholders}","true","1","1","""up""",
"2020","115","359","37","24","""default""","""""","9.9","{breed flowholders}","true","1","1","""up""",
"2021","65","26","34","3","""default""","""""","9.9","{breed flowholders}","true","1","1","""up""",
"2022","125","295","42","11","""default""","""""","9.9","{breed flowholders}","true","1","1","""up""",
"2023","55","262","21","4","""default""","""""","9.9","{breed flowholders}","true","1","1","""up""",
"2024","135","297","21","1","""default""","""""","9.9","{breed flowholders}","true","1","1","""up""",
"2025","25","39","42","32","""default""","""""","9.9","{breed flowholders}","true","1","1","""up""",
"2026","25","317","3","38","""default""","""""","9.9","{breed flowholders}","true","1","1","""up""",
"2027","85","195","39","18","""default""","""""","9.9","{breed flowholders}","true","1","1","""up""",
"2028","135","315","9","27","""default""","""""","9.9","{breed flowholders}","true","1","1","""up""",
"2029","115","315","38","6","""default""","""""","9.9","{breed flowholders}","true","1","1","""up""",
"2030","55","309","37","20","""default""","""""","9.9","{breed flowholders}","true","1","1","""up""",
"2031","115","98","36","8","""default""","""""","9.9","{breed flowholders}","true","1","1","""up""",
"2032","65","156","26","1","""default""","""""","9.9","{breed flowholders}","true","1","1","""up""",
"2033","97","180","22","0","""line half""","""""","9.9","{breed flowholders}","false","1","1","""up""",
"2034","5","111","28","1","""default""","""""","9.9","{breed flowholders}","true","1","1","""up""",
"2035","35","338","5","31","""default""","""""","9.9","{breed flowholders}","true","1","1","""up""",
"2036","125","278","24","27","""default""","""""","9.9","{breed flowholders}","true","1","1","""up""",
"2037","75","15","12","48","""default""","""""","9.9","{breed flowholders}","true","1","1","""up""",
"2038","105","38","20","46","""default""","""""","9.9","{breed flowholders}","true","1","1","""up""",
"2039","35","25","12","1","""default""","""""","9.9","{breed flowholders}","true","1","1","""up""",
"2040","95","344","4","21","""default""","""""","9.9","{breed flowholders}","true","1","1","""up""",
"2041","95","86","5","38","""default""","""""","9.9","{breed flowholders}","true","1","1","""up""",
"2042","135","55","6","18","""default""","""""","9.9","{breed flowholders}","true","1","1","""up""",
"2043","55","81","7","21","""default""","""""","9.9","{breed flowholders}","true","1","1","""up""",
"2044","85","104","35","26","""default""","""""","9.9","{breed flowholders}","true","1","1","""up""",
"2045","5","57","7","11","""default""","""""","9.9","{breed flowholders}","true","1","1","""up""",
"2046","105","318","18","32","""default""","""""","9.9","{breed flowholders}","true","1","1","""up""",
"2047","97","90","49","44","""line half""","""""","9.9","{breed flowholders}","false","1","1","""up""",
"2048","55","251","11","13","""default""","""""","9.9","{breed flowholders}","true","1","1","""up""",
"2049","85","320","22","19","""default""","""""","9.9","{breed flowholders}","true","1","1","""up""",
"2050","15","49","10","40","""default""","""""","9.9","{breed flowholders}","true","1","1","""up""",
"2051","15","221","32","43","""default""","""""","9.9","{breed flowholders}","true","1","1","""up""",
"2052","25","326","8","23","""default""","""""","9.9","{breed flowholders}","true","1","1","""up""",
"2053","45","331","43","13","""default""","""""","9.9","{breed flowholders}","true","1","1","""up""",
"2054","45","252","32","29","""default""","""""","9.9","{breed flowholders}","true","1","1","""up""",
"2055","125","252","28","19","""default""","""""","9.9","{breed flowholders}","true","1","1","""up""",
"2056","55","163","13","46","""default""","""""","9.9","{breed flowholders}","true","1","1","""up""",
"2057","45","72","42","23","""default""","""""","9.9","{breed flowholders}","true","1","1","""up""",
"2058","15","306","48","41","""default""","""""","9.9","{breed flowholders}","true","1","1","""up""",
"2059","75","197","27","41","""default""","""""","9.9","{breed flowholders}","true","1","1","""up""",
"2060","105","65","37","46","""default""","""""","9.9","{breed flowholders}","true","1","1","""up""",
"2061","85","121","15","4","""default""","""""","9.9","{breed flowholders}","true","1","1","""up""",
"2062","45","68","3","16","""default""","""""","9.9","{breed flowholders}","true","1","1","""up""",
"2063","45","144","40","44","""default""","""""","9.9","{breed flowholders}","true","1","1","""up""",
"2064","95","126","25","2","""default""","""""","9.9","{breed flowholders}","true","1","1","""up""",
"2065","105","202","36","31","""default""","""""","9.9","{breed flowholders}","true","1","1","""up""",
"2066","85","207","40","40","""default""","""""","9.9","{breed flowholders}","true","1","1","""up""",
"2067","15","183","37","9","""default""","""""","9.9","{breed flowholders}","true","1","1","""up""",
"2068","75","244","2","12","""default""","""""","9.9","{breed flowholders}","true","1","1","""up""",
"2069","5","351","4","4","""default""","""""","9.9","{breed flowholders}","true","1","1","""up""",
"2070","115","226","29","26","""default""","""""","9.9","{breed flowholders}","true","1","1","""up""",
"2071","115","262","34","25","""default""","""""","9.9","{breed flowholders}","true","1","1","""up""",
"2072","35","201","34","22","""default""","""""","9.9","{breed flowholders}","true","1","1","""up""",
"2073","85","288","15","2","""default""","""""","9.9","{breed flowholders}","true","1","1","""up""",
"2074","105","130","43","21","""default""","""""","9.9","{breed flowholders}","true","1","1","""up""",
"2075","65","2","34","17","""default""","""""","9.9","{breed flowholders}","true","1","1","""up""",
"2076","75","267","44","4","""default""","""""","9.9","{breed flowholders}","true","1","1","""up""",
"2077","97","270","0","8","""line half""","""""","9.9","{breed flowholders}","false","1","1","""up""",
"2078","35","13","7","24","""default""","""""","9.9","{breed flowholders}","true","1","1","""up""",
"2079","105","213","7","41","""default""","""""","9.9","{breed flowholders}","true","1","1","""up""",
"2080","95","110","37","35","""default""","""""","9.9","{breed flowholders}","true","1","1","""up""",
"2081","135","218","3","33","""default""","""""","9.9","{breed flowholders}","true","1","1","""up""",
"2082","15","200","6","21","""default""","""""","9.9","{breed flowholders}","true","1","1","""up""",
"2083","85","232","25","9","""default""","""""","9.9","{breed flowholders}","true","1","1","""up""",
"2084","85","333","19","8","""default""","""""","9.9","{breed flowholders}","true","1","1","""up""",
"2085","95","275","22","22","""default""","""""","9.9","{breed flowholders}","true","1","1","""up""",
"2086","135","30","18","19","""default""","""""","9.9","{breed flowholders}","true","1","1","""up""",
"2087","15","240","12","37","""default""","""""","9.9","{breed flowholders}","true","1","1","""up""",
"2088","75","268","25","21","""default""","""""","9.9","{breed flowholders}","true","1","1","""up""",
"2089","65","158","40","17","""default""","""""","9.9","{breed flowholders}","true","1","1","""up""",
"2090","125","226","28","15","""default""","""""","9.9","{breed flowholders}","true","1","1","""up""",
"2091","97","90","49","30","""line half""","""""","9.9","{breed flowholders}","false","1","1","""up""",
"2092","125","220","40","11","""default""","""""","9.9","{breed flowholders}","true","1","1","""up""",
"2093","35","349","21","9","""default""","""""","9.9","{breed flowholders}","true","1","1","""up""",
"2094","35","109","23","5","""default""","""""","9.9","{breed flowholders}","true","1","1","""up""",
"2095","65","133","47","37","""default""","""""","9.9","{breed flowholders}","true","1","1","""up""",
"2096","125","100","25","42","""default""","""""","9.9","{breed flowholders}","true","1","1","""up""",
"2097","35","67","5","44","""default""","""""","9.9","{breed flowholders}","true","1","1","""up""",
"2098","65","119","26","46","""default""","""""","9.9","{breed flowholders}","true","1","1","""up""",
"2099","105","297","46","30","""default""","""""","9.9","{breed flowholders}","true","1","1","""up""",
"2100","55","160","32","45","""default""","""""","9.9","{breed flowholders}","true","1","1","""up""",
"2101","35","176","3","6","""default""","""""","9.9","{breed flowholders}","true","1","1","""up""",
"2102","115","52","5","43","""default""","""""","9.9","{breed flowholders}","true","1","1","""up""",
"2103","95","276","23","1","""default""","""""","9.9","{breed flowholders}","true","1","1","""up""",
"2104","15","211","35","20","""default""","""""","9.9","{breed flowholders}","true","1","1","""up""",
"2105","105","2","16","29","""default""","""""","9.9","{breed flowholders}","true","1","1","""up""",
"2106","135","128","48","43","""default""","""""","9.9","{breed flowholders}","true","1","1","""up""",
"2107","55","267","13","24","""default""","""""","9.9","{breed flowholders}","true","1","1","""up""",
"2108","115","110","10","26","""default""","""""","9.9","{breed flowholders}","true","1","1","""up""",
"2109","25","228","40","3","""default""","""""","9.9","{breed flowholders}","true","1","1","""up""",
"2110","135","27","28","39","""default""","""""","9.9","{breed flowholders}","true","1","1","""up""",
"2111","125","324","23","25","""default""","""""","9.9","{breed flowholders}","true","1","1","""up""",
"2112","115","25","17","42","""default""","""""","9.9","{breed flowholders}","true","1","1","""up""",
"2113","65","276","47","8","""default""","""""","9.9","{breed flowholders}","true","1","1","""up""",
"2114","5","239","41","23","""default""","""""","9.9","{breed flowholders}","true","1","1","""up""",
"2115","135","282","23","11","""default""","""""","9.9","{breed flowholders}","true","1","1","""up""",
"2116","55","296","44","33","""default""","""""","9.9","{breed flowholders}","true","1","1","""up""",
"2117","105","217","1","17","""default""","""""","9.9","{breed flowholders}","true","1","1","""up""",
"2118","65","42","22","9","""default""","""""","9.9","{breed flowholders}","true","1","1","""up""",
"2119","25","34","41","29","""default""","""""","9.9","{breed flowholders}","true","1","1","""up""",
"2120","95","186","39","25","""default""","""""","9.9","{breed flowholders}","true","1","1","""up""",
"2121","85","100","9","39","""default""","""""","9.9","{breed flowholders}","true","1","1","""up""",
"2122","115","15","13","19","""default""","""""","9.9","{breed flowholders}","true","1","1","""up""",
"2123","25","207","11","24","""default""","""""","9.9","{breed flowholders}","true","1","1","""up""",
"2124","5","203","25","20","""default""","""""","9.9","{breed flowholders}","true","1","1","""up""",
"2125","85","21","48","32","""default""","""""","9.9","{breed flowholders}","true","1","1","""up""",
"2126","55","265","6","17","""default""","""""","9.9","{breed flowholders}","true","1","1","""up""",
"2127","115","101","46","11","""default""","""""","9.9","{breed flowholders}","true","1","1","""up""",
"2128","35","43","8","40","""default""","""""","9.9","{breed flowholders}","true","1","1","""up""",
"2129","97","0","44","49","""line half""","""""","9.9","{breed flowholders}","false","1","1","""up""",
"2130","15","130","9","30","""default""","""""","9.9","{breed flowholders}","true","1","1","""up""",
"2131","65","311","17","4","""default""","""""","9.9","{breed flowholders}","true","1","1","""up""",
"2132","65","84","38","43","""default""","""""","9.9","{breed flowholders}","true","1","1","""up""",
"2133","15","226","29","36","""default""","""""","9.9","{breed flowholders}","true","1","1","""up""",
"2134","97","270","0","45","""line half""","""""","9.9","{breed flowholders}","false","1","1","""up""",
"2135","135","249","25","46","""default""","""""","9.9","{breed flowholders}","true","1","1","""up""",
"2136","15","43","39","45","""default""","""""","9.9","{breed flowholders}","true","1","1","""up""",
"2137","25","151","25","26","""default""","""""","9.9","{breed flowholders}","true","1","1","""up""",
"2138","45","183","14","17","""default""","""""","9.9","{breed flowholders}","true","1","1","""up""",
"2139","75","173","26","47","""default""","""""","9.9","{breed flowholders}","true","1","1","""up""",
"2140","135","221","36","3","""default""","""""","9.9","{breed flowholders}","true","1","1","""up""",
"2141","75","305","9","6","""default""","""""","9.9","{breed flowholders}","true","1","1","""up""",
"2142","105","298","20","26","""default""","""""","9.9","{breed flowholders}","true","1","1","""up""",
"2143","25","98","8","14","""default""","""""","9.9","{breed flowholders}","true","1","1","""up""",
"2144","5","335","6","4","""default""","""""","9.9","{breed flowholders}","true","1","1","""up""",
"2145","35","225","6","13","""default""","""""","9.9","{breed flowholders}","true","1","1","""up""",
"2146","85","237","47","1","""default""","""""","9.9","{breed flowholders}","true","1","1","""up""",
"2147","85","120","19","27","""default""","""""","9.9","{breed flowholders}","true","1","1","""up""",
"2148","97","180","34","0","""line half""","""""","9.9","{breed flowholders}","false","1","1","""up""",
"2149","45","265","48","15","""default""","""""","9.9","{breed flowholders}","true","1","1","""up""",
"2150","15","241","44","15","""default""","""""","9.9","{breed flowholders}","true","1","1","""up""",
"2151","75","243","16","42","""default""","""""","9.9","{breed flowholders}","true","1","1","""up""",
"2152","115","162","19","32","""default""","""""","9.9","{breed flowholders}","true","1","1","""up""",
"2153","45","114","23","2","""default""","""""","9.9","{breed flowholders}","true","1","1","""up""",
"2154","105","285","28","29","""default""","""""","9.9","{breed flowholders}","true","1","1","""up""",
"2155","5","96","27","42","""default""","""""","9.9","{breed flowholders}","true","1","1","""up""",
"2156","75","111","37","38","""default""","""""","9.9","{breed flowholders}","true","1","1","""up""",
"2157","105","269","36","35","""default""","""""","9.9","{breed flowholders}","true","1","1","""up""",
"2158","15","300","39","15","""default""","""""","9.9","{breed flowholders}","true","1","1","""up""",
"2159","15","309","26","42","""default""","""""","9.9","{breed flowholders}","true","1","1","""up""",
"2160","115","267","28","8","""default""","""""","9.9","{breed flowholders}","true","1","1","""up""",
"2161","25","118","39","22","""default""","""""","9.9","{breed flowholders}","true","1","1","""up""",
"2162","95","198","38","17","""default""","""""","9.9","{breed flowholders}","true","1","1","""up""",
"2163","45","121","28","4","""default""","""""","9.9","{breed flowholders}","true","1","1","""up""",
"2164","15","172","13","43","""default""","""""","9.9","{breed flowholders}","true","1","1","""up""",
"2165","95","94","27","29","""default""","""""","9.9","{breed flowholders}","true","1","1","""up""",
"2166","97","270","0","49","""line half""","""""","9.9","{breed flowholders}","false","1","1","""up""",
"2167","105","301","4","18","""default""","""""","9.9","{breed flowholders}","true","1","1","""up""",
"2168","75","277","40","7","""default""","""""","9.9","{breed flowholders}","true","1","1","""up""",
"2169","45","186","40","29","""default""","""""","9.9","{breed flowholders}","true","1","1","""up""",
"2170","125","142","28","47","""default""","""""","9.9","{breed flowholders}","true","1","1","""up""",
"2171","125","197","45","5","""default""","""""","9.9","{breed flowholders}","true","1","1","""up""",
"2172","25","311","47","27","""default""","""""","9.9","{breed flowholders}","true","1","1","""up""",
"2173","95","197","46","32","""default""","""""","9.9","{breed flowholders}","true","1","1","""up""",
"2174","45","252","24","16","""default""","""""","9.9","{breed flowholders}","true","1","1","""up""",
"2175","55","260","9","26","""default""","""""","9.9","{breed flowholders}","true","1","1","""up""",
"2176","135","331","47","5","""default""","""""","9.9","{breed flowholders}","true","1","1","""up""",
"2177","5","275","43","33","""default""","""""","9.9","{breed flowholders}","true","1","1","""up""",
"2178","15","94","1","31","""default""","""""","9.9","{breed flowholders}","true","1","1","""up""",
"2179","15","198","41","28","""default""","""""","9.9","{breed flowholders}","true","1","1","""up""",
"2180","45","178","45","32","""default""","""""","9.9","{breed flowholders}","true","1","1","""up""",
"2181","5","185","10","24","""default""","""""","9.9","{breed flowholders}","true","1","1","""up""",
"2182","15","3","27","31","""default""","""""","9.9","{breed flowholders}","true","1","1","""up""",
"2183","105","257","40","34","""default""","""""","9.9","{breed flowholders}","true","1","1","""up""",
"2184","35","177","24","34","""default""","""""","9.9","{breed flowholders}","true","1","1","""up""",
"2185","25","147","23","31","""default""","""""","9.9","{breed flowholders}","true","1","1","""up""",
"2186","45","44","4","25","""default""","""""","9.9","{breed flowholders}","true","1","1","""up""",
"2187","55","357","38","32","""default""","""""","9.9","{breed flowholders}","true","1","1","""up""",
"2188","135","219","42","21","""default""","""""","9.9","{breed flowholders}","true","1","1","""up""",
"2189","5","331","8","16","""default""","""""","9.9","{breed flowholders}","true","1","1","""up""",
"2190","97","270","0","33","""line half""","""""","9.9","{breed flowholders}","false","1","1","""up""",
"2191","97","270","0","46","""line half""","""""","9.9","{breed flowholders}","false","1","1","""up""",
"2192","15","117","26","12","""default""","""""","9.9","{breed flowholders}","true","1","1","""up""",
"2193","115","290","13","17","""default""","""""","9.9","{breed flowholders}","true","1","1","""up""",
"2194","15","114","2","31","""default""","""""","9.9","{breed flowholders}","true","1","1","""up""",
"2195","45","250","31","39","""default""","""""","9.9","{breed flowholders}","true","1","1","""up""",
"2196","75","77","17","44","""default""","""""","9.9","{breed flowholders}","true","1","1","""up""",
"2197","97","270","0","35","""line half""","""""","9.9","{breed flowholders}","false","1","1","""up""",
"2198","45","53","35","32","""default""","""""","9.9","{breed flowholders}","true","1","1","""up""",
"2199","97","0","4","49","""line half""","""""","9.9","{breed flowholders}","false","1","1","""up""",
"2200","97","90","49","9","""line half""","""""","9.9","{breed flowholders}","false","1","1","""up""",
"2201","75","86","35","43","""default""","""""","9.9","{breed flowholders}","true","1","1","""up""",
"2202","55","146","30","21","""default""","""""","9.9","{breed flowholders}","true","1","1","""up""",
"2203","55","347","46","10","""default""","""""","9.9","{breed flowholders}","true","1","1","""up""",
"2204","95","52","34","48","""default""","""""","9.9","{breed flowholders}","true","1","1","""up""",
"2205","25","105","44","26","""default""","""""","9.9","{breed flowholders}","true","1","1","""up""",
"2206","65","1","20","8","""default""","""""","9.9","{breed flowholders}","true","1","1","""up""",
"2207","135","136","7","46","""default""","""""","9.9","{breed flowholders}","true","1","1","""up""",
"2208","85","33","41","1","""default""","""""","9.9","{breed flowholders}","true","1","1","""up""",
"2209","115","85","28","32","""default""","""""","9.9","{breed flowholders}","true","1","1","""up""",
"2210","97","270","0","38","""line half""","""""","9.9","{breed flowholders}","false","1","1","""up""",
"2211","85","189","30","11","""default""","""""","9.9","{breed flowholders}","true","1","1","""up""",
"2212","115","213","24","31","""default""","""""","9.9","{breed flowholders}","true","1","1","""up""",
"2213","15","191","7","27","""default""","""""","9.9","{breed flowholders}","true","1","1","""up""",
"2214","95","169","42","1","""default""","""""","9.9","{breed flowholders}","true","1","1","""up""",
"2215","135","116","10","41","""default""","""""","9.9","{breed flowholders}","true","1","1","""up""",
"2216","25","52","32","32","""default""","""""","9.9","{breed flowholders}","true","1","1","""up""",
"2217","125","142","24","36","""default""","""""","9.9","{breed flowholders}","true","1","1","""up""",
"2218","85","33","41","30","""default""","""""","9.9","{breed flowholders}","true","1","1","""up""",
"2219","125","198","43","18","""default""","""""","9.9","{breed flowholders}","true","1","1","""up""",
"2220","105","280","16","11","""default""","""""","9.9","{breed flowholders}","true","1","1","""up""",
"2221","65","93","24","3","""default""","""""","9.9","{breed flowholders}","true","1","1","""up""",
"2222","85","261","15","36","""default""","""""","9.9","{breed flowholders}","true","1","1","""up""",
"2223","15","23","1","41","""default""","""""","9.9","{breed flowholders}","true","1","1","""up""",
"2224","75","150","22","16","""default""","""""","9.9","{breed flowholders}","true","1","1","""up""",
"2225","97","180","6","0","""line half""","""""","9.9","{breed flowholders}","false","1","1","""up""",
"2226","55","88","31","47","""default""","""""","9.9","{breed flowholders}","true","1","1","""up""",
"2227","45","245","34","11","""default""","""""","9.9","{breed flowholders}","true","1","1","""up""",
"2228","55","81","33","15","""default""","""""","9.9","{breed flowholders}","true","1","1","""up""",
"2229","125","252","24","46","""default""","""""","9.9","{breed flowholders}","true","1","1","""up""",
"2230","15","83","7","2","""default""","""""","9.9","{breed flowholders}","true","1","1","""up""",
"2231","97","180","3","0","""line half""","""""","9.9","{breed flowholders}","false","1","1","""up""",
"2232","5","49","41","47","""default""","""""","9.9","{breed flowholders}","true","1","1","""up""",
"2233","45","33","40","23","""default""","""""","9.9","{breed flowholders}","true","1","1","""up""",
"2234","95","148","47","2","""default""","""""","9.9","{breed flowholders}","true","1","1","""up""",
"2235","45","128","21","12","""default""","""""","9.9","{breed flowholders}","true","1","1","""up""",
"2236","125","52","22","44","""default""","""""","9.9","{breed flowholders}","true","1","1","""up""",
"2237","75","223","37","10","""default""","""""","9.9","{breed flowholders}","true","1","1","""up""",
"2238","65","214","42","39","""default""","""""","9.9","{breed flowholders}","true","1","1","""up""",
"2239","45","84","31","23","""default""","""""","9.9","{breed flowholders}","true","1","1","""up""",
"2240","125","35","31","32","""default""","""""","9.9","{breed flowholders}","true","1","1","""up""",
"2241","15","301","21","11","""default""","""""","9.9","{breed flowholders}","true","1","1","""up""",
"2242","105","78","9","32","""default""","""""","9.9","{breed flowholders}","true","1","1","""up""",
"2243","85","219","11","7","""default""","""""","9.9","{breed flowholders}","true","1","1","""up""",
"2244","5","57","6","27","""default""","""""","9.9","{breed flowholders}","true","1","1","""up""",
"2245","115","135","21","16","""default""","""""","9.9","{breed flowholders}","true","1","1","""up""",
"2246","5","35","40","20","""default""","""""","9.9","{breed flowholders}","true","1","1","""up""",
"2247","105","4","33","38","""default""","""""","9.9","{breed flowholders}","true","1","1","""up""",
"2248","105","353","24","7","""default""","""""","9.9","{breed flowholders}","true","1","1","""up""",
"2249","135","323","27","11","""default""","""""","9.9","{breed flowholders}","true","1","1","""up""",
"2250","65","131","14","10","""default""","""""","9.9","{breed flowholders}","true","1","1","""up""",
"2251","15","352","2","18","""default""","""""","9.9","{breed flowholders}","true","1","1","""up""",
"2252","45","159","45","35","""default""","""""","9.9","{breed flowholders}","true","1","1","""up""",
"2253","85","307","15","9","""default""","""""","9.9","{breed flowholders}","true","1","1","""up""",
"2254","125","272","19","29","""default""","""""","9.9","{breed flowholders}","true","1","1","""up""",
"2255","125","262","2","5","""default""","""""","9.9","{breed flowholders}","true","1","1","""up""",
"2256","45","268","31","21","""default""","""""","9.9","{breed flowholders}","true","1","1","""up""",
"2257","97","90","49","46","""line half""","""""","9.9","{breed flowholders}","false","1","1","""up""",
"2258","105","209","16","19","""default""","""""","9.9","{breed flowholders}","true","1","1","""up""",
"2259","135","196","46","1","""default""","""""","9.9","{breed flowholders}","true","1","1","""up""",
"2260","75","50","10","44","""default""","""""","9.9","{breed flowholders}","true","1","1","""up""",
"2261","35","176","41","9","""default""","""""","9.9","{breed flowholders}","true","1","1","""up""",
"2262","15","195","45","19","""default""","""""","9.9","{breed flowholders}","true","1","1","""up""",
"2263","55","156","21","24","""default""","""""","9.9","{breed flowholders}","true","1","1","""up""",
"2264","97","270","0","15","""line half""","""""","9.9","{breed flowholders}","false","1","1","""up""",
"2265","65","154","16","23","""default""","""""","9.9","{breed flowholders}","true","1","1","""up""",
"2266","15","189","18","33","""default""","""""","9.9","{breed flowholders}","true","1","1","""up""",
"2267","65","268","26","4","""default""","""""","9.9","{breed flowholders}","true","1","1","""up""",
"2268","5","169","5","37","""default""","""""","9.9","{breed flowholders}","true","1","1","""up""",
"2269","65","245","22","11","""default""","""""","9.9","{breed flowholders}","true","1","1","""up""",
"2270","15","150","2","27","""default""","""""","9.9","{breed flowholders}","true","1","1","""up""",
"2271","105","177","24","30","""default""","""""","9.9","{breed flowholders}","true","1","1","""up""",
"2272","85","135","5","5","""default""","""""","9.9","{breed flowholders}","true","1","1","""up""",
"2273","105","227","12","27","""default""","""""","9.9","{breed flowholders}","true","1","1","""up""",
"2274","15","138","32","4","""default""","""""","9.9","{breed flowholders}","true","1","1","""up""",
"2275","25","88","13","4","""default""","""""","9.9","{breed flowholders}","true","1","1","""up""",
"2276","55","313","41","5","""default""","""""","9.9","{breed flowholders}","true","1","1","""up""",
"2277","35","165","23","32","""default""","""""","9.9","{breed flowholders}","true","1","1","""up""",
"2278","15","173","1","35","""default""","""""","9.9","{breed flowholders}","true","1","1","""up""",
"2279","135","328","28","22","""default""","""""","9.9","{breed flowholders}","true","1","1","""up""",
"2280","55","1","13","38","""default""","""""","9.9","{breed flowholders}","true","1","1","""up""",
"2281","135","296","38","15","""default""","""""","9.9","{breed flowholders}","true","1","1","""up""",
"2282","65","33","1","38","""default""","""""","9.9","{breed flowholders}","true","1","1","""up""",
"2283","125","216","7","31","""default""","""""","9.9","{breed flowholders}","true","1","1","""up""",
"2284","45","57","18","15","""default""","""""","9.9","{breed flowholders}","true","1","1","""up""",
"2285","105","179","34","21","""default""","""""","9.9","{breed flowholders}","true","1","1","""up""",
"2286","125","129","28","12","""default""","""""","9.9","{breed flowholders}","true","1","1","""up""",
"2287","5","118","1","42","""default""","""""","9.9","{breed flowholders}","true","1","1","""up""",
"2288","85","112","7","7","""default""","""""","9.9","{breed flowholders}","true","1","1","""up""",
"2289","85","0","20","36","""default""","""""","9.9","{breed flowholders}","true","1","1","""up""",
"2290","135","68","42","6","""default""","""""","9.9","{breed flowholders}","true","1","1","""up""",
"2291","97","0","7","49","""line half""","""""","9.9","{breed flowholders}","false","1","1","""up""",
"2292","15","177","27","25","""default""","""""","9.9","{breed flowholders}","true","1","1","""up""",
"2293","125","212","36","15","""default""","""""","9.9","{breed flowholders}","true","1","1","""up""",
"2294","95","196","7","15","""default""","""""","9.9","{breed flowholders}","true","1","1","""up""",
"2295","95","336","42","34","""default""","""""","9.9","{breed flowholders}","true","1","1","""up""",
"2296","25","168","13","22","""default""","""""","9.9","{breed flowholders}","true","1","1","""up""",
"2297","5","192","23","30","""default""","""""","9.9","{breed flowholders}","true","1","1","""up""",
"2298","35","85","30","12","""default""","""""","9.9","{breed flowholders}","true","1","1","""up""",
"2299","97","180","24","0","""line half""","""""","9.9","{breed flowholders}","false","1","1","""up""",
"2300","65","174","31","46","""default""","""""","9.9","{breed flowholders}","true","1","1","""up""",
"2301","55","329","32","9","""default""","""""","9.9","{breed flowholders}","true","1","1","""up""",
"2302","95","351","3","7","""default""","""""","9.9","{breed flowholders}","true","1","1","""up""",
"2303","55","18","8","26","""default""","""""","9.9","{breed flowholders}","true","1","1","""up""",
"2304","15","42","43","17","""default""","""""","9.9","{breed flowholders}","true","1","1","""up""",
"2305","45","353","24","24","""default""","""""","9.9","{breed flowholders}","true","1","1","""up""",
"2306","25","315","1","12","""default""","""""","9.9","{breed flowholders}","true","1","1","""up""",
"2307","115","345","19","34","""default""","""""","9.9","{breed flowholders}","true","1","1","""up""",
"2308","25","48","11","44","""default""","""""","9.9","{breed flowholders}","true","1","1","""up""",
"2309","105","29","46","38","""default""","""""","9.9","{breed flowholders}","true","1","1","""up""",
"2310","5","187","30","14","""default""","""""","9.9","{breed flowholders}","true","1","1","""up""",
"2311","35","28","44","2","""default""","""""","9.9","{breed flowholders}","true","1","1","""up""",
"2312","5","151","17","48","""default""","""""","9.9","{breed flowholders}","true","1","1","""up""",
"2313","5","164","33","5","""default""","""""","9.9","{breed flowholders}","true","1","1","""up""",
"2314","97","0","41","49","""line half""","""""","9.9","{breed flowholders}","false","1","1","""up""",
"2315","15","12","8","2","""default""","""""","9.9","{breed flowholders}","true","1","1","""up""",
"2316","75","290","15","45","""default""","""""","9.9","{breed flowholders}","true","1","1","""up""",
"2317","25","85","2","40","""default""","""""","9.9","{breed flowholders}","true","1","1","""up""",
"2318","55","85","14","23","""default""","""""","9.9","{breed flowholders}","true","1","1","""up""",
"2319","5","297","30","35","""default""","""""","9.9","{breed flowholders}","true","1","1","""up""",
"2320","55","201","36","32","""default""","""""","9.9","{breed flowholders}","true","1","1","""up""",
"2321","55","86","42","26","""default""","""""","9.9","{breed flowholders}","true","1","1","""up""",
"2322","105","334","28","23","""default""","""""","9.9","{breed flowholders}","true","1","1","""up""",
"2323","97","90","49","5","""line half""","""""","9.9","{breed flowholders}","false","1","1","""up""",
"2324","25","175","8","6","""default""","""""","9.9","{breed flowholders}","true","1","1","""up""",
"2325","105","143","20","9","""default""","""""","9.9","{breed flowholders}","true","1","1","""up""",
"2326","15","284","38","46","""default""","""""","9.9","{breed flowholders}","true","1","1","""up""",
"2327","135","244","35","40","""default""","""""","9.9","{breed flowholders}","true","1","1","""up""",
"2328","45","320","22","42","""default""","""""","9.9","{breed flowholders}","true","1","1","""up""",
"2329","135","224","7","25","""default""","""""","9.9","{breed flowholders}","true","1","1","""up""",
"2330","35","78","26","26","""default""","""""","9.9","{breed flowholders}","true","1","1","""up""",
"2331","135","70","21","23","""default""","""""","9.9","{breed flowholders}","true","1","1","""up""",
"2332","125","198","19","44","""default""","""""","9.9","{breed flowholders}","true","1","1","""up""",
"2333","125","252","23","35","""default""","""""","9.9","{breed flowholders}","true","1","1","""up""",
"2334","5","140","2","24","""default""","""""","9.9","{breed flowholders}","true","1","1","""up""",
"2335","85","149","4","33","""default""","""""","9.9","{breed flowholders}","true","1","1","""up""",
"2336","97","0","10","49","""line half""","""""","9.9","{breed flowholders}","false","1","1","""up""",
"2337","45","136","15","41","""default""","""""","9.9","{breed flowholders}","true","1","1","""up""",
"2338","5","348","17","37","""default""","""""","9.9","{breed flowholders}","true","1","1","""up""",
"2339","97","90","49","45","""line half""","""""","9.9","{breed flowholders}","false","1","1","""up""",
"2340","85","211","43","25","""default""","""""","9.9","{breed flowholders}","true","1","1","""up""",
"2341","45","210","33","31","""default""","""""","9.9","{breed flowholders}","true","1","1","""up""",
"2342","85","297","23","34","""default""","""""","9.9","{breed flowholders}","true","1","1","""up""",
"2343","97","90","49","15","""line half""","""""","9.9","{breed flowholders}","false","1","1","""up""",
"2344","115","44","17","13","""default""","""""","9.9","{breed flowholders}","true","1","1","""up""",
"2345","97","90","49","21","""line half""","""""","9.9","{breed flowholders}","false","1","1","""up""",
"2346","115","338","6","48","""default""","""""","9.9","{breed flowholders}","true","1","1","""up""",
"2347","105","135","30","47","""default""","""""","9.9","{breed flowholders}","true","1","1","""up""",
"2348","135","118","45","20","""default""","""""","9.9","{breed flowholders}","true","1","1","""up""",
"2349","115","125","16","16","""default""","""""","9.9","{breed flowholders}","true","1","1","""up""",
"2350","35","325","34","46","""default""","""""","9.9","{breed flowholders}","true","1","1","""up""",
"2351","75","138","5","33","""default""","""""","9.9","{breed flowholders}","true","1","1","""up""",
"2352","15","67","28","9","""default""","""""","9.9","{breed flowholders}","true","1","1","""up""",
"2353","105","309","38","14","""default""","""""","9.9","{breed flowholders}","true","1","1","""up""",
"2354","97","90","49","23","""line half""","""""","9.9","{breed flowholders}","false","1","1","""up""",
"2355","35","278","41","4","""default""","""""","9.9","{breed flowholders}","true","1","1","""up""",
"2356","75","71","42","27","""default""","""""","9.9","{breed flowholders}","true","1","1","""up""",
"2357","85","177","37","32","""default""","""""","9.9","{breed flowholders}","true","1","1","""up""",
"2358","105","192","28","38","""default""","""""","9.9","{breed flowholders}","true","1","1","""up""",
"2359","75","204","32","19","""default""","""""","9.9","{breed flowholders}","true","1","1","""up""",
"2360","25","258","44","12","""default""","""""","9.9","{breed flowholders}","true","1","1","""up""",
"2361","105","228","29","9","""default""","""""","9.9","{breed flowholders}","true","1","1","""up""",
"2362","55","332","41","35","""default""","""""","9.9","{breed flowholders}","true","1","1","""up""",
"2363","25","25","1","43","""default""","""""","9.9","{breed flowholders}","true","1","1","""up""",
"2364","115","28","12","15","""default""","""""","9.9","{breed flowholders}","true","1","1","""up""",
"2365","95","23","35","5","""default""","""""","9.9","{breed flowholders}","true","1","1","""up""",
"2366","75","67","2","32","""default""","""""","9.9","{breed flowholders}","true","1","1","""up""",
"2367","55","304","16","9","""default""","""""","9.9","{breed flowholders}","true","1","1","""up""",
"2368","97","0","20","49","""line half""","""""","9.9","{breed flowholders}","false","1","1","""up""",
"2369","75","85","17","45","""default""","""""","9.9","{breed flowholders}","true","1","1","""up""",
"2370","5","175","1","26","""default""","""""","9.9","{breed flowholders}","true","1","1","""up""",
"2371","75","351","31","22","""default""","""""","9.9","{breed flowholders}","true","1","1","""up""",
"2372","95","99","33","40","""default""","""""","9.9","{breed flowholders}","true","1","1","""up""",
"2373","97","180","16","0","""line half""","""""","9.9","{breed flowholders}","false","1","1","""up""",
"2374","97","90","49","16","""line half""","""""","9.9","{breed flowholders}","false","1","1","""up""",
"2375","105","85","29","44","""default""","""""","9.9","{breed flowholders}","true","1","1","""up""",
"2376","135","61","15","7","""default""","""""","9.9","{breed flowholders}","true","1","1","""up""",
"2377","85","139","3","17","""default""","""""","9.9","{breed flowholders}","true","1","1","""up""",
"2378","85","260","26","40","""default""","""""","9.9","{breed flowholders}","true","1","1","""up""",
"2379","5","42","30","17","""default""","""""","9.9","{breed flowholders}","true","1","1","""up""",
"2380","105","80","14","35","""default""","""""","9.9","{breed flowholders}","true","1","1","""up""",
"2381","115","182","21","44","""default""","""""","9.9","{breed flowholders}","true","1","1","""up""",
"2382","65","92","4","31","""default""","""""","9.9","{breed flowholders}","true","1","1","""up""",
"2383","15","37","40","10","""default""","""""","9.9","{breed flowholders}","true","1","1","""up""",
"2384","97","180","43","0","""line half""","""""","9.9","{breed flowholders}","false","1","1","""up""",
"2385","25","41","22","14","""default""","""""","9.9","{breed flowholders}","true","1","1","""up""",
"2386","55","187","22","8","""default""","""""","9.9","{breed flowholders}","true","1","1","""up""",
"2387","15","94","28","48","""default""","""""","9.9","{breed flowholders}","true","1","1","""up""",
"2388","135","189","15","8","""default""","""""","9.9","{breed flowholders}","true","1","1","""up""",
"2389","115","284","30","5","""default""","""""","9.9","{breed flowholders}","true","1","1","""up""",
"2390","55","115","38","36","""default""","""""","9.9","{breed flowholders}","true","1","1","""up""",
"2391","5","206","31","37","""default""","""""","9.9","{breed flowholders}","true","1","1","""up""",
"2392","65","133","18","9","""default""","""""","9.9","{breed flowholders}","true","1","1","""up""",
"2393","25","87","46","6","""default""","""""","9.9","{breed flowholders}","true","1","1","""up""",
"2394","125","133","40","48","""default""","""""","9.9","{breed flowholders}","true","1","1","""up""",
"2395","35","81","6","10","""default""","""""","9.9","{breed flowholders}","true","1","1","""up""",
"2396","85","343","47","34","""default""","""""","9.9","{breed flowholders}","true","1","1","""up""",
"2397","75","328","33","42","""default""","""""","9.9","{breed flowholders}","true","1","1","""up""",
"2398","125","191","24","25","""default""","""""","9.9","{breed flowholders}","true","1","1","""up""",
"2399","125","225","17","33","""default""","""""","9.9","{breed flowholders}","true","1","1","""up""",
"2400","85","107","4","44","""default""","""""","9.9","{breed flowholders}","true","1","1","""up""",
"2401","95","218","15","39","""default""","""""","9.9","{breed flowholders}","true","1","1","""up""",
"2402","65","259","36","41","""default""","""""","9.9","{breed flowholders}","true","1","1","""up""",
"2403","45","329","10","10","""default""","""""","9.9","{breed flowholders}","true","1","1","""up""",
"2404","85","86","18","16","""default""","""""","9.9","{breed flowholders}","true","1","1","""up""",
"2405","45","186","19","37","""default""","""""","9.9","{breed flowholders}","true","1","1","""up""",
"2406","25","192","10","15","""default""","""""","9.9","{breed flowholders}","true","1","1","""up""",
"2407","105","303","30","20","""default""","""""","9.9","{breed flowholders}","true","1","1","""up""",
"2408","97","270","0","14","""line half""","""""","9.9","{breed flowholders}","false","1","1","""up""",
"2409","65","136","3","5","""default""","""""","9.9","{breed flowholders}","true","1","1","""up""",
"2410","35","324","36","12","""default""","""""","9.9","{breed flowholders}","true","1","1","""up""",
"2411","15","191","46","27","""default""","""""","9.9","{breed flowholders}","true","1","1","""up""",
"2412","15","248","7","9","""default""","""""","9.9","{breed flowholders}","true","1","1","""up""",
"2413","45","181","18","6","""default""","""""","9.9","{breed flowholders}","true","1","1","""up""",
"2414","55","345","39","24","""default""","""""","9.9","{breed flowholders}","true","1","1","""up""",
"2415","25","87","19","43","""default""","""""","9.9","{breed flowholders}","true","1","1","""up""",
"2416","45","116","45","3","""default""","""""","9.9","{breed flowholders}","true","1","1","""up""",
"2417","55","94","29","8","""default""","""""","9.9","{breed flowholders}","true","1","1","""up""",
"2418","135","26","4","9","""default""","""""","9.9","{breed flowholders}","true","1","1","""up""",
"2419","97","180","31","0","""line half""","""""","9.9","{breed flowholders}","false","1","1","""up""",
"2420","125","91","5","41","""default""","""""","9.9","{breed flowholders}","true","1","1","""up""",
"2421","15","358","14","34","""default""","""""","9.9","{breed flowholders}","true","1","1","""up""",
"2422","55","246","31","38","""default""","""""","9.9","{breed flowholders}","true","1","1","""up""",
"2423","25","268","19","15","""default""","""""","9.9","{breed flowholders}","true","1","1","""up""",
"2424","65","94","13","3","""default""","""""","9.9","{breed flowholders}","true","1","1","""up""",
"2425","125","19","26","31","""default""","""""","9.9","{breed flowholders}","true","1","1","""up""",
"2426","97","90","49","6","""line half""","""""","9.9","{breed flowholders}","false","1","1","""up""",
"2427","55","262","21","45","""default""","""""","9.9","{breed flowholders}","true","1","1","""up""",
"2428","75","250","7","12","""default""","""""","9.9","{breed flowholders}","true","1","1","""up""",
"2429","125","287","5","15","""default""","""""","9.9","{breed flowholders}","true","1","1","""up""",
"2430","125","206","3","31","""default""","""""","9.9","{breed flowholders}","true","1","1","""up""",
"2431","125","162","20","31","""default""","""""","9.9","{breed flowholders}","true","1","1","""up""",
"2432","15","128","10","6","""default""","""""","9.9","{breed flowholders}","true","1","1","""up""",
"2433","65","351","2","43","""default""","""""","9.9","{breed flowholders}","true","1","1","""up""",
"2434","5","13","47","31","""default""","""""","9.9","{breed flowholders}","true","1","1","""up""",
"2435","75","194","1","46","""default""","""""","9.9","{breed flowholders}","true","1","1","""up""",
"2436","115","89","13","40","""default""","""""","9.9","{breed flowholders}","true","1","1","""up""",
"2437","85","355","43","6","""default""","""""","9.9","{breed flowholders}","true","1","1","""up""",
"2438","95","57","48","8","""default""","""""","9.9","{breed flowholders}","true","1","1","""up""",
"2439","105","148","40","46","""default""","""""","9.9","{breed flowholders}","true","1","1","""up""",
"2440","45","144","14","47","""default""","""""","9.9","{breed flowholders}","true","1","1","""up""",
"2441","125","68","45","26","""default""","""""","9.9","{breed flowholders}","true","1","1","""up""",
"2442","125","317","15","24","""default""","""""","9.9","{breed flowholders}","true","1","1","""up""",
"2443","45","122","18","38","""default""","""""","9.9","{breed flowholders}","true","1","1","""up""",
"2444","15","96","36","21","""default""","""""","9.9","{breed flowholders}","true","1","1","""up""",
"2445","35","30","38","47","""default""","""""","9.9","{breed flowholders}","true","1","1","""up""",
"2446","45","339","26","43","""default""","""""","9.9","{breed flowholders}","true","1","1","""up""",
"2447","25","297","46","34","""default""","""""","9.9","{breed flowholders}","true","1","1","""up""",
"2448","85","94","39","9","""default""","""""","9.9","{breed flowholders}","true","1","1","""up""",
"2449","55","33","26","17","""default""","""""","9.9","{breed flowholders}","true","1","1","""up""",
"2450","25","305","17","8","""default""","""""","9.9","{breed flowholders}","true","1","1","""up""",
"2451","55","354","40","42","""default""","""""","9.9","{breed flowholders}","true","1","1","""up""",
"2452","105","176","9","45","""default""","""""","9.9","{breed flowholders}","true","1","1","""up""",
"2453","125","339","26","29","""default""","""""","9.9","{breed flowholders}","true","1","1","""up""",
"2454","65","187","12","42","""default""","""""","9.9","{breed flowholders}","true","1","1","""up""",
"2455","95","215","37","13","""default""","""""","9.9","{breed flowholders}","true","1","1","""up""",
"2456","55","123","35","11","""default""","""""","9.9","{breed flowholders}","true","1","1","""up""",
"2457","97","90","49","32","""line half""","""""","9.9","{breed flowholders}","false","1","1","""up""",
"2458","5","141","18","11","""default""","""""","9.9","{breed flowholders}","true","1","1","""up""",
"2459","5","277","31","8","""default""","""""","9.9","{breed flowholders}","true","1","1","""up""",
"2460","75","126","33","6","""default""","""""","9.9","{breed flowholders}","true","1","1","""up""",
"2461","25","212","27","20","""default""","""""","9.9","{breed flowholders}","true","1","1","""up""",
"2462","135","15","48","11","""default""","""""","9.9","{breed flowholders}","true","1","1","""up""",
"2463","65","50","21","39","""default""","""""","9.9","{breed flowholders}","true","1","1","""up""",
"2464","5","239","24","17","""default""","""""","9.9","{breed flowholders}","true","1","1","""up""",
"2465","35","212","5","42","""default""","""""","9.9","{breed flowholders}","true","1","1","""up""",
"2466","45","262","11","31","""default""","""""","9.9","{breed flowholders}","true","1","1","""up""",
"2467","115","161","4","8","""default""","""""","9.9","{breed flowholders}","true","1","1","""up""",
"2468","105","133","42","18","""default""","""""","9.9","{breed flowholders}","true","1","1","""up""",
"2469","35","114","20","42","""default""","""""","9.9","{breed flowholders}","true","1","1","""up""",
"2470","75","119","27","15","""default""","""""","9.9","{breed flowholders}","true","1","1","""up""",
"2471","97","270","0","6","""line half""","""""","9.9","{breed flowholders}","false","1","1","""up""",
"2472","75","80","37","25","""default""","""""","9.9","{breed flowholders}","true","1","1","""up""",
"2473","65","311","47","28","""default""","""""","9.9","{breed flowholders}","true","1","1","""up""",
"2474","85","2","32","28","""default""","""""","9.9","{breed flowholders}","true","1","1","""up""",
"2475","115","70","19","23","""default""","""""","9.9","{breed flowholders}","true","1","1","""up""",
"2476","125","132","13","12","""default""","""""","9.9","{breed flowholders}","true","1","1","""up""",
"2477","65","277","19","31","""default""","""""","9.9","{breed flowholders}","true","1","1","""up""",
"2478","135","280","47","39","""default""","""""","9.9","{breed flowholders}","true","1","1","""up""",
"2479","95","288","37","18","""default""","""""","9.9","{breed flowholders}","true","1","1","""up""",
"2480","95","170","16","22","""default""","""""","9.9","{breed flowholders}","true","1","1","""up""",
"2481","125","326","29","38","""default""","""""","9.9","{breed flowholders}","true","1","1","""up""",
"2482","5","104","26","14","""default""","""""","9.9","{breed flowholders}","true","1","1","""up""",
"2483","125","157","9","23","""default""","""""","9.9","{breed flowholders}","true","1","1","""up""",
"2484","75","153","30","25","""default""","""""","9.9","{breed flowholders}","true","1","1","""up""",
"2485","95","169","2","14","""default""","""""","9.9","{breed flowholders}","true","1","1","""up""",
"2486","75","65","42","4","""default""","""""","9.9","{breed flowholders}","true","1","1","""up""",
"2487","115","203","3","32","""default""","""""","9.9","{breed flowholders}","true","1","1","""up""",
"2488","95","94","40","8","""default""","""""","9.9","{breed flowholders}","true","1","1","""up""",
"2489","135","28","9","16","""default""","""""","9.9","{breed flowholders}","true","1","1","""up""",
"2490","135","57","31","24","""default""","""""","9.9","{breed flowholders}","true","1","1","""up""",
"2491","75","344","24","18","""default""","""""","9.9","{breed flowholders}","true","1","1","""up""",
"2492","5","49","33","18","""default""","""""","9.9","{breed flowholders}","true","1","1","""up""",
"2493","15","266","33","22","""default""","""""","9.9","{breed flowholders}","true","1","1","""up""",
"2494","105","65","14","37","""default""","""""","9.9","{breed flowholders}","true","1","1","""up""",
"2495","135","103","46","28","""default""","""""","9.9","{breed flowholders}","true","1","1","""up""",
"2496","35","106","7","37","""default""","""""","9.9","{breed flowholders}","true","1","1","""up""",
"2497","95","41","11","46","""default""","""""","9.9","{breed flowholders}","true","1","1","""up""",
"2498","25","147","3","10","""default""","""""","9.9","{breed flowholders}","true","1","1","""up""",
"2499","105","136","20","3","""default""","""""","9.9","{breed flowholders}","true","1","1","""up""",
"2500","9.9","0","0","2","""line""","""""","9.9","{breed transectlines}","true","1","1","""up""",
"2501","9.9","0","0","10","""line""","""""","9.9","{breed transectlines}","true","1","1","""up""",
"2502","9.9","0","0","21","""line""","""""","9.9","{breed transectlines}","true","1","1","""up""",
"2503","9.9","0","0","14","""line""","""""","9.9","{breed transectlines}","true","1","1","""up""",
"2504","9.9","0","0","26","""line""","""""","9.9","{breed transectlines}","true","1","1","""up""",
"2505","9.9","0","0","20","""line""","""""","9.9","{breed transectlines}","true","1","1","""up""",
"2506","9.9","0","0","45","""line""","""""","9.9","{breed transectlines}","true","1","1","""up""",
"2507","9.9","0","0","15","""line""","""""","9.9","{breed transectlines}","true","1","1","""up""",
"2508","9.9","0","0","23","""line""","""""","9.9","{breed transectlines}","true","1","1","""up""",
"2509","9.9","0","0","42","""line""","""""","9.9","{breed transectlines}","true","1","1","""up""",
"2510","9.9","0","0","36","""line""","""""","9.9","{breed transectlines}","true","1","1","""up""",
"2511","9.9","0","0","24","""line""","""""","9.9","{breed transectlines}","true","1","1","""up""",
"2512","9.9","0","0","19","""line""","""""","9.9","{breed transectlines}","true","1","1","""up""",
"2513","9.9","0","0","25","""line""","""""","9.9","{breed transectlines}","true","1","1","""up""",
"2514","9.9","0","0","18","""line""","""""","9.9","{breed transectlines}","true","1","1","""up""",
"2515","9.9","0","0","32","""line""","""""","9.9","{breed transectlines}","true","1","1","""up""",
"2516","9.9","0","0","30","""line""","""""","9.9","{breed transectlines}","true","1","1","""up""",
"2517","9.9","0","0","38","""line""","""""","9.9","{breed transectlines}","true","1","1","""up""",
"2518","9.9","0","0","6","""line""","""""","9.9","{breed transectlines}","true","1","1","""up""",
"2519","9.9","0","0","49","""line""","""""","9.9","{breed transectlines}","true","1","1","""up""",
"2520","9.9","0","0","37","""line""","""""","9.9","{breed transectlines}","true","1","1","""up""",
"2521","9.9","0","0","12","""line""","""""","9.9","{breed transectlines}","true","1","1","""up""",
"2522","9.9","0","0","46","""line""","""""","9.9","{breed transectlines}","true","1","1","""up""",
"2523","9.9","0","0","4","""line""","""""","9.9","{breed transectlines}","true","1","1","""up""",
"2524","9.9","0","0","29","""line""","""""","9.9","{breed transectlines}","true","1","1","""up""",
"2525","9.9","0","0","34","""line""","""""","9.9","{breed transectlines}","true","1","1","""up""",
"2526","9.9","0","0","35","""line""","""""","9.9","{breed transectlines}","true","1","1","""up""",
"2527","9.9","0","0","17","""line""","""""","9.9","{breed transectlines}","true","1","1","""up""",
"2528","9.9","0","0","1","""line""","""""","9.9","{breed transectlines}","true","1","1","""up""",
"2529","9.9","0","0","22","""line""","""""","9.9","{breed transectlines}","true","1","1","""up""",
"2530","9.9","0","0","28","""line""","""""","9.9","{breed transectlines}","true","1","1","""up""",
"2531","9.9","0","0","48","""line""","""""","9.9","{breed transectlines}","true","1","1","""up""",
"2532","9.9","0","0","11","""line""","""""","9.9","{breed transectlines}","true","1","1","""up""",
"2533","9.9","0","0","8","""line""","""""","9.9","{breed transectlines}","true","1","1","""up""",
"2534","9.9","0","0","3","""line""","""""","9.9","{breed transectlines}","true","1","1","""up""",
"2535","9.9","0","0","41","""line""","""""","9.9","{breed transectlines}","true","1","1","""up""",
"2536","9.9","0","0","9","""line""","""""","9.9","{breed transectlines}","true","1","1","""up""",
"2537","9.9","0","0","47","""line""","""""","9.9","{breed transectlines}","true","1","1","""up""",
"2538","9.9","0","0","5","""line""","""""","9.9","{breed transectlines}","true","1","1","""up""",
"2539","9.9","0","0","13","""line""","""""","9.9","{breed transectlines}","true","1","1","""up""",
"2540","9.9","0","0","40","""line""","""""","9.9","{breed transectlines}","true","1","1","""up""",
"2541","9.9","0","0","43","""line""","""""","9.9","{breed transectlines}","true","1","1","""up""",
"2542","9.9","0","0","44","""line""","""""","9.9","{breed transectlines}","true","1","1","""up""",
"2543","9.9","0","0","16","""line""","""""","9.9","{breed transectlines}","true","1","1","""up""",
"2544","9.9","0","0","33","""line""","""""","9.9","{breed transectlines}","true","1","1","""up""",
"2545","9.9","0","0","31","""line""","""""","9.9","{breed transectlines}","true","1","1","""up""",
"2546","9.9","0","0","0","""line""","""""","9.9","{breed transectlines}","true","1","1","""up""",
"2547","9.9","0","0","7","""line""","""""","9.9","{breed transectlines}","true","1","1","""up""",
"2548","9.9","0","0","27","""line""","""""","9.9","{breed transectlines}","true","1","1","""up""",
"2549","9.9","0","0","39","""line""","""""","9.9","{breed transectlines}","true","1","1","""up""",
"2550","9.9","90","26","0","""line""","""""","9.9","{breed transectlines}","true","1","1","""up""",
"2551","9.9","90","9","0","""line""","""""","9.9","{breed transectlines}","true","1","1","""up""",
"2552","9.9","90","28","0","""line""","""""","9.9","{breed transectlines}","true","1","1","""up""",
"2553","9.9","90","24","0","""line""","""""","9.9","{breed transectlines}","true","1","1","""up""",
"2554","9.9","90","46","0","""line""","""""","9.9","{breed transectlines}","true","1","1","""up""",
"2555","9.9","90","4","0","""line""","""""","9.9","{breed transectlines}","true","1","1","""up""",
"2556","9.9","90","29","0","""line""","""""","9.9","{breed transectlines}","true","1","1","""up""",
"2557","9.9","90","21","0","""line""","""""","9.9","{breed transectlines}","true","1","1","""up""",
"2558","9.9","90","22","0","""line""","""""","9.9","{breed transectlines}","true","1","1","""up""",
"2559","9.9","90","6","0","""line""","""""","9.9","{breed transectlines}","true","1","1","""up""",
"2560","9.9","90","48","0","""line""","""""","9.9","{breed transectlines}","true","1","1","""up""",
"2561","9.9","90","45","0","""line""","""""","9.9","{breed transectlines}","true","1","1","""up""",
"2562","9.9","90","7","0","""line""","""""","9.9","{breed transectlines}","true","1","1","""up""",
"2563","9.9","90","49","0","""line""","""""","9.9","{breed transectlines}","true","1","1","""up""",
"2564","9.9","90","2","0","""line""","""""","9.9","{breed transectlines}","true","1","1","""up""",
"2565","9.9","90","12","0","""line""","""""","9.9","{breed transectlines}","true","1","1","""up""",
"2566","9.9","90","38","0","""line""","""""","9.9","{breed transectlines}","true","1","1","""up""",
"2567","9.9","90","31","0","""line""","""""","9.9","{breed transectlines}","true","1","1","""up""",
"2568","9.9","90","15","0","""line""","""""","9.9","{breed transectlines}","true","1","1","""up""",
"2569","9.9","90","47","0","""line""","""""","9.9","{breed transectlines}","true","1","1","""up""",
"2570","9.9","90","34","0","""line""","""""","9.9","{breed transectlines}","true","1","1","""up""",
"2571","9.9","90","36","0","""line""","""""","9.9","{breed transectlines}","true","1","1","""up""",
"2572","9.9","90","3","0","""line""","""""","9.9","{breed transectlines}","true","1","1","""up""",
"2573","9.9","90","33","0","""line""","""""","9.9","{breed transectlines}","true","1","1","""up""",
"2574","9.9","90","1","0","""line""","""""","9.9","{breed transectlines}","true","1","1","""up""",
"2575","9.9","90","23","0","""line""","""""","9.9","{breed transectlines}","true","1","1","""up""",
"2576","9.9","90","43","0","""line""","""""","9.9","{breed transectlines}","true","1","1","""up""",
"2577","9.9","90","39","0","""line""","""""","9.9","{breed transectlines}","true","1","1","""up""",
"2578","9.9","90","27","0","""line""","""""","9.9","{breed transectlines}","true","1","1","""up""",
"2579","9.9","90","11","0","""line""","""""","9.9","{breed transectlines}","true","1","1","""up""",
"2580","9.9","90","14","0","""line""","""""","9.9","{breed transectlines}","true","1","1","""up""",
"2581","9.9","90","44","0","""line""","""""","9.9","{breed transectlines}","true","1","1","""up""",
"2582","9.9","90","13","0","""line""","""""","9.9","{breed transectlines}","true","1","1","""up""",
"2583","9.9","90","16","0","""line""","""""","9.9","{breed transectlines}","true","1","1","""up""",
"2584","9.9","90","19","0","""line""","""""","9.9","{breed transectlines}","true","1","1","""up""",
"2585","9.9","90","10","0","""line""","""""","9.9","{breed transectlines}","true","1","1","""up""",
"2586","9.9","90","42","0","""line""","""""","9.9","{breed transectlines}","true","1","1","""up""",
"2587","9.9","90","32","0","""line""","""""","9.9","{breed transectlines}","true","1","1","""up""",
"2588","9.9","90","20","0","""line""","""""","9.9","{breed transectlines}","true","1","1","""up""",
"2589","9.9","90","35","0","""line""","""""","9.9","{breed transectlines}","true","1","1","""up""",
"2590","9.9","90","40","0","""line""","""""","9.9","{breed transectlines}","true","1","1","""up""",
"2591","9.9","90","5","0","""line""","""""","9.9","{breed transectlines}","true","1","1","""up""",
"2592","9.9","90","18","0","""line""","""""","9.9","{breed transectlines}","true","1","1","""up""",
"2593","9.9","90","0","0","""line""","""""","9.9","{breed transectlines}","true","1","1","""up""",
"2594","9.9","90","8","0","""line""","""""","9.9","{breed transectlines}","true","1","1","""up""",
"2595","9.9","90","17","0","""line""","""""","9.9","{breed transectlines}","true","1","1","""up""",
"2596","9.9","90","41","0","""line""","""""","9.9","{breed transectlines}","true","1","1","""up""",
"2597","9.9","90","25","0","""line""","""""","9.9","{breed transectlines}","true","1","1","""up""",
"2598","9.9","90","30","0","""line""","""""","9.9","{breed transectlines}","true","1","1","""up""",
"2599","9.9","90","37","0","""line""","""""","9.9","{breed transectlines}","true","1","1","""up""",

"PATCHES"
"pxcor","pycor","pcolor","plabel","plabel-color","elevation","flow_direction","flow_receive","flow_accumulation","flow_accumulationstate","p_soil_formativeerosion","p_soil_depth","p_soil_%sand","p_soil_%silt","p_soil_%clay","p_soil_texturetype","p_soil_hydrologicsoilgroup","p_soil_covertreatmentandhydrologiccondition","p_soil_runoffcurvenumber","p_soil_saturation","p_soil_fieldcapacity","p_soil_waterholdingcapacity","p_soil_wiltingpoint","p_soil_deepdrainagecoefficient","p_ecol_%grass","p_ecol_%brush","p_ecol_%wood","p_ecol_covertype","p_ecol_albedo"
"0","49","[154.45637746538327 254.45637746538327 0]","""""","9.9","100.47481393267924","32","false","0","""done""","0","159.0816667384527","20.567102427946516","41.44628155642032","37.98661601563315","""Clay loam""","""D""","""woods-grass combination or tree farm | lightly or only occasionally grazed | good""","79","0.5625397720703492","0.306","0.15695621273434077","0.14904378726565923","1","7.2375519172233","43.49470664368795","49.26774143908875","""wood-grass""","17.53661292804556"
"1","49","[151.17625248352985 251.17625248352985 0]","""""","9.9","99.1905358005058","128","false","0","""done""","0","156.85102838543523","25.370191115224912","38.14877496455675","36.48103392021833","""Clay loam""","""D""","""woods-grass combination or tree farm | lightly or only occasionally grazed | good""","79","0.5557646526409825","0.306","0.16327965753508303","0.14272034246491697","1","7.2375519172233","43.49470664368795","49.26774143908875","""wood-grass""","17.53661292804556"
"2","49","[148.00557123121231 248.00557123121231 0]","""""","9.9","97.94910853204152","128","false","0","""done""","0","169.97941529038","22.142418350965702","36.451656560369","41.40592508866529","""Clay""","""D""","""woods-grass combination or tree farm | lightly or only occasionally grazed | good""","79","0.5779266628989939","0.357","0.19359511462760579","0.1634048853723942","0.5577475283926193","7.2375519172233","43.49470664368795","49.26774143908875","""wood-grass""","17.53661292804556"
"3","49","[142.1523556497251 242.1523556497251 0]","""""","9.9","95.65737976689144","128","false","0","""done""","0","168.42764161638664","24.668298611019093","38.61017473300759","36.721526655973314","""Clay loam""","""D""","""woods-grass combination or tree farm | lightly or only occasionally grazed | good""","79","0.5568468699518799","0.306","0.1622695880449121","0.1437304119550879","1","7.2375519172233","43.49470664368795","49.26774143908875","""wood-grass""","17.53661292804556"
"4","49","[139.33469270410075 239.33469270410075 0]","""""","9.9","94.55417091816761","128","false","0","""done""","0","146.52397394523837","23.591870501421088","38.6791858795682","37.728943619010714","""Clay loam""","""D""","""woods-grass combination or tree farm | lightly or only occasionally grazed | good""","79","0.5613802462855482","0.306","0.158038436800155","0.147961563199845","1","7.2375519172233","43.49470664368795","49.26774143908875","""wood-grass""","17.53661292804556"
"5","49","[135.23890865575032 235.23890865575032 0]","""""","9.9","92.95053510657453","128","false","0","""done""","0","206.17504362592473","26.697485149581265","38.569920719838436","34.732594130580296","""Clay loam""","""D""","""woods-grass combination or tree farm | lightly or only occasionally grazed | good""","79","0.5478966735876113","0.306","0.17062310465156277","0.13537689534843722","0.8520780708461309","7.2375519172233","43.49470664368795","49.26774143908875","""wood-grass""","17.53661292804556"
"6","49","[130.02032029130675 230.02032029130675 0]","""""","9.9","90.90728402487866","128","false","0","""done""","0","142.2925062535275","25.18707220220958","36.08373705177133","38.729190746019086","""Clay loam""","""D""","""woods-grass combination or tree farm | lightly or only occasionally grazed | good""","79","0.5658813583570859","0.306","0.15383739886671985","0.15216260113328015","1","7.2375519172233","43.49470664368795","49.26774143908875","""wood-grass""","17.53661292804556"
"7","49","[126.319695729404 226.319695729404 0]","""""","9.9","89.45836630786224","128","false","0","""done""","0","150.0225732406316","24.97345660744623","36.47459714860525","38.55194624394852","""Clay loam""","""D""","""woods-grass combination or tree farm | lightly or only occasionally grazed | good""","79","0.5650837580977683","0.306","0.15458182577541624","0.15141817422458376","1","7.2375519172233","43.49470664368795","49.26774143908875","""wood-grass""","17.53661292804556"
"8","49","[122.86048789244268 222.86048789244268 0]","""""","9.9","88.10397127589545","128","false","0","""done""","0","168.1788479650387","22.087726598337614","40.956215629373204","36.956057772289185","""Clay loam""","""D""","""woods-grass combination or tree farm | lightly or only occasionally grazed | good""","79","0.5579022599753013","0.306","0.16128455735638544","0.14471544264361455","1","7.2375519172233","43.49470664368795","49.26774143908875","""wood-grass""","17.53661292804556"
"9","49","[117.68166652977652 217.68166652977652 0]","""""","9.9","86.07629029931672","128","false","0","""done""","0","166.7894431360367","22.98063916603449","42.52989636692157","34.489464467043945","""Clay loam""","""D""","""woods-grass combination or tree farm | lightly or only occasionally grazed | good""","79","0.5468025901016977","0.306","0.17164424923841545","0.13435575076158454","1","7.2375519172233","43.49470664368795","49.26774143908875","""wood-grass""","17.53661292804556"
"10","49","[113.6340771345944 213.6340771345944 0]","""""","9.9","84.49152429893331","128","false","0","""done""","0","167.00255150169463","23.63295237108226","38.23498607650025","38.13206155241749","""Clay loam""","""D""","""woods-grass combination or tree farm | lightly or only occasionally grazed | good""","79","0.5631942769858787","0.306","0.15634534147984655","0.14965465852015344","1","7.2375519172233","43.49470664368795","49.26774143908875","""wood-grass""","17.53661292804556"
"11","49","[109.92644797105982 209.92644797105982 0]","""""","9.9","83.03986404718114","128","false","0","""done""","0","124.09132512811144","21.173931325842872","41.022768297131286","37.80330037702584","""Clay loam""","""D""","""woods-grass combination or tree farm | lightly or only occasionally grazed | good""","79","0.5617148516966163","0.306","0.15772613841649147","0.14827386158350853","1","7.2375519172233","43.49470664368795","49.26774143908875","""wood-grass""","17.53661292804556"
"12","49","[105.08387032305964 205.08387032305964 0]","""""","9.9","81.14383367910523","128","false","0","""done""","0","155.08227823438347","20.785055544022047","42.372980590195944","36.84196386578201","""Clay loam""","""D""","""woods-grass combination or tree farm | lightly or only occasionally grazed | good""","79","0.5573888373960191","0.306","0.16176375176371555","0.14423624823628445","1","7.2375519172233","43.49470664368795","49.26774143908875","""wood-grass""","17.53661292804556"
"13","49","[98.4572034053628 198.4572034053628 0]","""""","9.9","78.54927296612092","128","false","0","""done""","0","156.4807216491259","21.639866289837954","39.99752041958455","38.3626132905775","""Clay loam""","""D""","""woods-grass combination or tree farm | lightly or only occasionally grazed | good""","79","0.5642317598075988","0.306","0.15537702417957452","0.15062297582042547","1","7.2375519172233","43.49470664368795","49.26774143908875","""wood-grass""","17.53661292804556"
"14","49","[96.59540301882788 196.59540301882788 0]","""""","9.9","77.82031613181523","128","false","0","""done""","0","170.4961188380119","19.026730067655087","42.659089654889605","38.31418027745531","""Silty clay loam""","""D""","""woods-grass combination or tree farm | lightly or only occasionally grazed | good""","79","0.5640138112485489","0.2365","0.08608044283468771","0.15041955716531227","0.702445571378191","7.2375519172233","43.49470664368795","49.26774143908875","""wood-grass""","17.53661292804556"
"15","49","[92.62023995731835 192.62023995731835 0]","""""","9.9","76.263907452279","128","false","0","""done""","0","162.24386649496654","25.46505894777492","38.70556690529568","35.82937414692939","""Clay loam""","""D""","""woods-grass combination or tree farm | lightly or only occasionally grazed | good""","79","0.5528321836611823","0.306","0.1660166285828966","0.1399833714171034","1","7.2375519172233","43.49470664368795","49.26774143908875","""wood-grass""","17.53661292804556"
"16","49","[88.46028369016233 188.46028369016233 0]","""""","9.9","74.63514608060481","128","false","0","""done""","0","165.3701170303374","21.71301388108942","39.7304079395937","38.55657817931688","""Clay loam""","""D""","""woods-grass combination or tree farm | lightly or only occasionally grazed | good""","79","0.5651046018069259","0.306","0.15456237164686912","0.15143762835313088","1","7.2375519172233","43.49470664368795","49.26774143908875","""wood-grass""","17.53661292804556"
"17","49","[84.32864701115278 184.32864701115278 0]","""""","9.9","73.01747277050445","128","false","0","""done""","0","150.7829262904464","21.5968109692755","41.476528681288876","36.92666034943563","""Clay loam""","""D""","""woods-grass combination or tree farm | lightly or only occasionally grazed | good""","79","0.5577699715724603","0.306","0.16140802653237038","0.14459197346762961","1","7.2375519172233","43.49470664368795","49.26774143908875","""wood-grass""","17.53661292804556"
"18","49","[80.26923141002203 180.26923141002203 0]","""""","9.9","71.42807641677464","128","false","0","""done""","0","147.42495067640186","23.630161218209828","45.663610112863346","30.706228668926837","""Clay loam""","""D""","""woods-grass combination or tree farm | lightly or only occasionally grazed | good""","79","0.5297780290101708","0.306","0.1875338395905073","0.11846616040949272","1","7.2375519172233","43.49470664368795","49.26774143908875","""wood-grass""","17.53661292804556"
"19","49","[75.79214952063654 175.79214952063654 0]","""""","9.9","69.67514980626524","128","false","0","""done""","0","151.16208019308732","23.827231602060717","39.93874850872501","36.23401988921427","""Clay loam""","""D""","""woods-grass combination or tree farm | lightly or only occasionally grazed | good""","79","0.5546530895014642","0.306","0.1643171164653001","0.1416828835346999","1","7.2375519172233","43.49470664368795","49.26774143908875","""wood-grass""","17.53661292804556"
"20","49","[71.336739016546 171.336739016546 0]","""""","9.9","67.93070826458163","128","false","0","""done""","0","157.15841024532287","23.928631270541743","43.52784139365873","32.54352733579952","""Clay loam""","""D""","""woods-grass combination or tree farm | lightly or only occasionally grazed | good""","79","0.5380458730110979","0.306","0.17981718518964204","0.12618281481035795","1","7.2375519172233","43.49470664368795","49.26774143908875","""wood-grass""","17.53661292804556"
"21","49","[67.92913606740419 167.9291360674042 0]","""""","9.9","66.59651826422385","128","false","0","""done""","0","189.973045887616","26.6021644027294","40.23589326801688","33.161942329253726","""Clay loam""","""D""","""woods-grass combination or tree farm | lightly or only occasionally grazed | good""","79","0.5408287404816418","0.306","0.17721984221713435","0.12878015778286564","0.924748206297233","7.2375519172233","43.49470664368795","49.26774143908875","""wood-grass""","17.53661292804556"
"22","49","[63.08669101245724 163.08669101245724 0]","""""","9.9","64.70053981074255","128","false","0","""done""","0","126.3429942203444","22.36714664619847","40.80425505420644","36.8285982995951","""Clay loam""","""D""","""woods-grass combination or tree farm | lightly or only occasionally grazed | good""","79","0.557328692348178","0.306","0.1618198871417006","0.1441801128582994","1","7.2375519172233","43.49470664368795","49.26774143908875","""wood-grass""","17.53661292804556"
"23","49","[58.89090764923071 158.8909076492307 0]","""""","9.9","63.057750938202645","128","false","0","""done""","0","152.73037030652995","24.87533241993641","35.69214402673826","39.43252355332532","""Clay loam""","""D""","""woods-grass combination or tree farm | lightly or only occasionally grazed | good""","79","0.5690463559899639","0.306","0.15088340107603368","0.15511659892396631","1","7.2375519172233","43.49470664368795","49.26774143908875","""wood-grass""","17.53661292804556"
"24","49","[55.556053354950336 155.55605335495034 0]","""""","9.9","61.75204445816817","128","false","0","""done""","0","164.4516435943247","22.640749722643402","45.193960967842955","32.16528930951364","""Clay loam""","""D""","""woods-grass combination or tree farm | lightly or only occasionally grazed | good""","79","0.5363438018928114","0.306","0.18140578490004272","0.12459421509995729","1","7.2375519172233","43.49470664368795","49.26774143908875","""wood-grass""","17.53661292804556"
"25","49","[50.22618180845848 150.22618180845848 0]","""""","9.9","59.665222305865555","128","false","0","""done""","0","157.1785267829986","27.181010334586475","43.09903316903807","29.71995649637544","""Clay loam""","""D""","""woods-grass combination or tree farm | lightly or only occasionally grazed | good""","79","0.5253398042336894","0.306","0.19167618271522316","0.11432381728477684","1","7.2375519172233","43.49470664368795","49.26774143908875","""wood-grass""","17.53661292804556"
"26","49","[46.28860354025565 146.28860354025565 0]","""""","9.9","58.12352932418019","128","false","0","""done""","0","178.5888740732876","28.883353330270502","38.44473548340546","32.67191118632404","""Clay loam""","""D""","""woods-grass combination or tree farm | lightly or only occasionally grazed | good""","79","0.5386236003384581","0.306","0.17927797301743906","0.12672202698256094","0.9836964051708064","7.2375519172233","43.49470664368795","49.26774143908875","""wood-grass""","17.53661292804556"
"27","49","[41.594546607069645 141.59454660706965 0]","""""","9.9","56.28564976049919","128","false","0","""done""","0","185.26371379299457","22.173020641975864","41.14683935922347","36.68013999880066","""Clay loam""","""D""","""woods-grass combination or tree farm | lightly or only occasionally grazed | good""","79","0.556660629994603","0.306","0.16244341200503723","0.14355658799496276","0.9482549487574709","7.2375519172233","43.49470664368795","49.26774143908875","""wood-grass""","17.53661292804556"
"28","49","[36.366097351947786 136.3660973519478 0]","""""","9.9","54.23853781181443","128","false","0","""done""","0","173.35156823211693","19.099190809612942","42.527756992570744","38.37305219781632","""Silty clay loam""","""D""","""woods-grass combination or tree farm | lightly or only occasionally grazed | good""","79","0.5642787348901734","0.2365","0.08583318076917146","0.15066681923082853","0.6908748783545324","7.2375519172233","43.49470664368795","49.26774143908875","""wood-grass""","17.53661292804556"
"29","49","[30.851394640196816 130.85139464019682 0]","""""","9.9","52.07934810492178","128","false","0","""done""","0","194.6034417172941","25.365649069200334","40.90103307247804","33.73331785832163","""Clay loam""","""D""","""woods-grass combination or tree farm | lightly or only occasionally grazed | good""","79","0.5433999303624473","0.306","0.17482006499504918","0.13117993500495082","0.90274474017066","7.2375519172233","43.49470664368795","49.26774143908875","""wood-grass""","17.53661292804556"
"30","49","[26.22797544884024 126.22797544884024 0]","""""","9.9","50.26912556883562","128","false","0","""done""","0","131.95085573374882","21.420423828684296","40.92585705941266","37.65371911190305","""Clay loam""","""D""","""woods-grass combination or tree farm | lightly or only occasionally grazed | good""","79","0.5610417360035638","0.306","0.1583543797300072","0.14764562026999278","1","7.2375519172233","43.49470664368795","49.26774143908875","""wood-grass""","17.53661292804556"
"31","49","[24.533040866574964 124.53304086657496 0]","""""","9.9","49.605502252190576","128","false","0","""done""","0","145.2398076478627","25.75736135838538","40.17747643271121","34.065162208903416","""Clay loam""","""D""","""woods-grass combination or tree farm | lightly or only occasionally grazed | good""","79","0.5448932299400654","0.306","0.17342631872260567","0.13257368127739433","1","7.2375519172233","43.49470664368795","49.26774143908875","""wood-grass""","17.53661292804556"
"32","49","[20.460756269356708 120.46075626935671 0]","""""","9.9","48.01106725805844","128","false","0","""done""","0","166.2815217656801","27.92404545837186","38.48860651804218","33.58734802358596","""Clay loam""","""D""","""woods-grass combination or tree farm | lightly or only occasionally grazed | good""","79","0.5427430661061368","0.306","0.17543313830093898","0.130566861699061","1","7.2375519172233","43.49470664368795","49.26774143908875","""wood-grass""","17.53661292804556"
"33","49","[17.1522359442547 117.1522359442547 0]","""""","9.9","46.71567140366665","128","false","0","""done""","0","172.68540862077373","21.628817591538972","44.82548675448309","33.54569565397793","""Clay loam""","""D""","""woods-grass combination or tree farm | lightly or only occasionally grazed | good""","79","0.5425556304429007","0.306","0.1756080782532927","0.1303919217467073","1","7.2375519172233","43.49470664368795","49.26774143908875","""wood-grass""","17.53661292804556"
"34","49","[15.060044202290356 115.06004420229036 0]","""""","9.9","45.89650868353139","128","false","0","""done""","0","184.49338279119752","22.91647442158171","35.57565329839587","41.50787228002242","""Clay""","""D""","""woods-grass combination or tree farm | lightly or only occasionally grazed | good""","79","0.5783854252601008","0.357","0.19316693642390584","0.16383306357609415","0.5138699140398404","7.2375519172233","43.49470664368795","49.26774143908875","""wood-grass""","17.53661292804556"
"35","49","[9.489620265007673 109.48962026500767 0]","""""","9.9","43.71550226177446","128","false","0","""done""","0","164.142389995107","27.669150647545695","34.57998220761743","37.75086714483688","""Clay loam""","""D""","""woods-grass combination or tree farm | lightly or only occasionally grazed | good""","79","0.561478902151766","0.306","0.1579463579916851","0.1480536420083149","1","7.2375519172233","43.49470664368795","49.26774143908875","""wood-grass""","17.53661292804556"
"36","49","[5.1305027682356865 105.13050276823569 0]","""""","9.9","42.00876263823866","8","true","213022","""pending""","1","244.12099167420882","16.703373368297914","39.35798916327935","43.93863746842273","""Clay""","""D""","""woods | used and managed but not planted | good""","77","0.5893238686079023","0.357","0.18295772263262453","0.17404227736737546","0.38835496327310787","0","0","100","""woodland""","15"
"37","49","[7.297628742967333 107.29762874296733 0]","""""","9.9","42.85726460520952","128","true","2","""done""","0.002364662728699396","167.6585535431708","21.010108781843513","42.54310093265755","36.446790285498935","""Clay loam""","""D""","""woods-grass combination or tree farm | lightly or only occasionally grazed | good""","79","0.5556105562847452","0.306","0.1634234808009045","0.1425765191990955","1","4.46554699695929","46.02194743691256","49.51250556612814","""wood-grass""","17.524374721693594"
"38","49","[10.477512861964726 110.47751286196473 0]","""""","9.9","44.102295102360394","128","true","23","""done""","0.026858542013937226","117.50009029564862","21.81065910154847","39.79106618707389","38.39827471137764","""Clay loam""","""D""","""woods | used and managed but not planted | good""","77","0.5643922362011994","0.306","0.15522724621221393","0.15077275378778607","1","0","47.918303033307154","52.081696966692846","""woodland""","17.395915151665356"
"39","49","[13.30014432462977 113.30014432462977 0]","""""","9.9","45.2074492909173","128","true","1","""done""","0.0011830311456955123","143.92884640907803","26.25341514791336","39.43186674104858","34.31471811103805","""Clay loam""","""D""","""woods-grass combination or tree farm | lightly or only occasionally grazed | good""","79","0.5460162314996713","0.306","0.1723781839336402","0.13362181606635978","1","5.854940353061892","44.75493979863351","49.39011984830461","""wood-grass""","17.530494007584768"
"40","49","[17.677169070561263 117.67716907056126 0]","""""","9.9","46.92120019866641","128","true","7","""done""","0.008251885085253763","148.8817122699876","24.92896926057638","40.011686227265514","35.0593445121581","""Clay loam""","""D""","""woods | used and managed but not planted | good""","77","0.5493670503047114","0.306","0.169250753048936","0.136749246951064","1","0","49.87550754506712","50.12449245493288","""woodland""","17.493775377253357"
"41","49","[23.692619231453648 123.69261923145365 0]","""""","9.9","49.27644920276016","128","false","0","""done""","0","154.05339009415854","23.36796999812727","37.78818047357608","38.843849528296644","""Clay loam""","""D""","""woods-grass combination or tree farm | lightly or only occasionally grazed | good""","79","0.5663973228773349","0.306","0.1533558319811541","0.1526441680188459","1","7.2375519172233","43.49470664368795","49.26774143908875","""wood-grass""","17.53661292804556"
"42","49","[27.4661646018193 127.4661646018193 0]","""""","9.9","50.75391784396619","128","true","14","""done""","0.01643567656304723","155.4525359299661","25.870749519452744","34.872279351057095","39.25697112949016","""Clay loam""","""D""","""woods | used and managed but not planted | good""","77","0.5682563700827057","0.306","0.15162072125614134","0.15437927874385865","1","0","49.01882962762967","50.98117037237033","""woodland""","17.450941481381484"
"43","49","[33.52148416299252 133.52148416299252 0]","""""","9.9","53.124777045600226","128","false","0","""done""","0","146.0700710175814","20.397043595717246","44.53586414227342","35.06709226200933","""Clay loam""","""D""","""woods-grass combination or tree farm | lightly or only occasionally grazed | good""","79","0.549401915179042","0.306","0.16921821249956082","0.13678178750043918","1","7.2375519172233","43.49470664368795","49.26774143908875","""wood-grass""","17.53661292804556"
"44","49","[38.32782062921831 138.3278206292183 0]","""""","9.9","55.00661778447162","128","false","0","""done""","0","140.7345866808852","25.859734810526973","39.429714779924346","34.71055040954868","""Clay loam""","""D""","""woods-grass combination or tree farm | lightly or only occasionally grazed | good""","79","0.5477974768429691","0.306","0.17071568827989556","0.13528431172010444","1","7.2375519172233","43.49470664368795","49.26774143908875","""wood-grass""","17.53661292804556"
"45","49","[43.298449111949736 143.29844911194974 0]","""""","9.9","56.95278431740762","128","false","0","""done""","0","162.66816748511002","22.29911712878439","42.89230520893215","34.808577662283476","""Clay loam""","""D""","""woods-grass combination or tree farm | lightly or only occasionally grazed | good""","79","0.5482385994802756","0.306","0.17030397381840942","0.13569602618159057","1","7.2375519172233","43.49470664368795","49.26774143908875","""wood-grass""","17.53661292804556"
"46","49","[48.804172634617146 148.80417263461715 0]","""""","9.9","59.10845837283929","128","false","0","""done""","0","184.8320917990335","17.238939805983726","43.024252101938906","39.736808092077375","""Silty clay loam""","""D""","""woods-grass combination or tree farm | lightly or only occasionally grazed | good""","79","0.5704156364143482","0.2365","0.08010540601327504","0.15639459398672495","0.6479623881828377","7.2375519172233","43.49470664368795","49.26774143908875","""wood-grass""","17.53661292804556"
"47","49","[52.153504917932054 152.15350491793205 0]","""""","9.9","60.419833467581356","128","true","1","""done""","0.0011830311456955123","190.26015700488438","18.090358626422343","44.48842174593153","37.421219627646124","""Silty clay loam""","""D""","""woods-grass combination or tree farm | lightly or only occasionally grazed | good""","79","0.5599954883244076","0.2365","0.08983087756388627","0.1466691224361137","0.6294762156212066","5.854940353061892","44.75493979863351","49.39011984830461","""wood-grass""","17.530494007584768"
"48","49","[56.32714299936933 156.32714299936933 0]","""""","9.9","62.05395172504102","128","false","0","""done""","0","185.6272938243808","19.909415630569317","41.4079155278261","38.68266884160459","""Silty clay loam""","""D""","""woods-grass combination or tree farm | lightly or only occasionally grazed | good""","79","0.5656720097872207","0.2365","0.08453279086526075","0.15196720913473924","0.6451866056305188","7.2375519172233","43.49470664368795","49.26774143908875","""wood-grass""","17.53661292804556"
"49","49","[62.476577604194546 162.47657760419455 0]","""""","9.9","64.46166009953873","2","false","0","""done""","0","175.45405910583673","21.32618471124911","43.25818897825163","35.41562631049926","""Clay loam""","""D""","""woods-grass combination or tree farm | lightly or only occasionally grazed | good""","79","0.5509703183972466","0.306","0.1677543694959031","0.13824563050409688","1","7.2375519172233","43.49470664368795","49.26774143908875","""wood-grass""","17.53661292804556"
"0","48","[152.2526395524084 252.2526395524084 0]","""""","9.9","99.6119771730031","32","false","0","""done""","0","117.41182335068436","22.263857632055412","40.80437151841339","36.93177084953118","""Clay loam""","""D""","""woods-grass combination or tree farm | lightly or only occasionally grazed | good""","79","0.5577929688228903","0.306","0.16138656243196906","0.14461343756803094","1","7.2375519172233","43.49470664368795","49.26774143908875","""wood-grass""","17.53661292804556"
"1","48","[148.17743209830812 248.17743209830812 0]","""""","9.9","98.01639778309402","4","false","0","""done""","0","124.15931366800135","21.46671743029388","42.39448033904545","36.13880223066066","""Clay loam""","""D""","""woods-grass combination or tree farm | lightly or only occasionally grazed | good""","79","0.554224610037973","0.306","0.16471703063122525","0.14128296936877474","1","7.2375519172233","43.49470664368795","49.26774143908875","""wood-grass""","17.53661292804556"
"2","48","[145.44493930997248 245.44493930997248 0]","""""","9.9","96.9465358864299","2","false","0","""done""","0","151.28768585032273","28.23922331679184","34.81405751373344","36.946719169474726","""Clay loam""","""D""","""woods-grass combination or tree farm | lightly or only occasionally grazed | good""","79","0.5578602362626363","0.306","0.16132377948820617","0.14467622051179382","1","7.2375519172233","43.49470664368795","49.26774143908875","""wood-grass""","17.53661292804556"
"3","48","[140.47820393550091 240.47820393550091 0]","""""","9.9","95.00189363498683","4","true","1","""done""","0.0011830311456955123","168.23640410572762","25.940649144320872","37.922436606905904","36.13691424877321","""Clay loam""","""D""","""woods-grass combination or tree farm | lightly or only occasionally grazed | good""","79","0.5542161141194795","0.306","0.16472496015515253","0.14127503984484746","1","5.854940353061892","44.75493979863351","49.39011984830461","""wood-grass""","17.530494007584768"
"4","48","[137.22978078858128 237.22978078858128 0]","""""","9.9","93.73002782660606","4","false","0","""done""","0","160.01012399935075","25.379113606995695","39.80101278059951","34.819873612404805","""Clay loam""","""D""","""woods-grass combination or tree farm | lightly or only occasionally grazed | good""","79","0.5482894312558216","0.306","0.17025653082789982","0.13574346917210017","1","7.2375519172233","43.49470664368795","49.26774143908875","""wood-grass""","17.53661292804556"
"5","48","[133.0978379631058 233.0978379631058 0]","""""","9.9","92.1122346499721","4","false","0","""done""","0","178.6337431680076","21.561756964648442","40.018531728836194","38.41971130651537","""Clay loam""","""D""","""woods-grass combination or tree farm | lightly or only occasionally grazed | good""","79","0.5644887008793191","0.306","0.15513721251263546","0.15086278748736454","0.9834493210175183","7.2375519172233","43.49470664368795","49.26774143908875","""wood-grass""","17.53661292804556"
"6","48","[130.03867324592147 230.03867324592147 0]","""""","9.9","90.9144698176161","4","false","0","""done""","0","154.72742351191542","23.491598262376886","39.60643207704608","36.90196966057702","""Clay loam""","""D""","""woods-grass combination or tree farm | lightly or only occasionally grazed | good""","79","0.5576588634725966","0.306","0.1615117274255765","0.14448827257442348","1","7.2375519172233","43.49470664368795","49.26774143908875","""wood-grass""","17.53661292804556"
"7","48","[124.44876010701722 224.44876010701722 0]","""""","9.9","88.72583272459067","4","false","0","""done""","0","171.67948777398996","25.309332886860552","37.62709914623996","37.06356796689948","""Clay loam""","""D""","""woods-grass combination or tree farm | lightly or only occasionally grazed | good""","79","0.5583860558510476","0.306","0.1608330145390222","0.14516698546097778","1","7.2375519172233","43.49470664368795","49.26774143908875","""wood-grass""","17.53661292804556"
"8","48","[119.87970715282654 219.87970715282654 0]","""""","9.9","86.93689638031336","4","false","0","""done""","0","151.62940981293818","21.744651991407114","38.2425771200877","40.01277088850519","""Clay""","""D""","""woods-grass combination or tree farm | lightly or only occasionally grazed | good""","79","0.5716574689982733","0.357","0.19944636226827822","0.15755363773172176","0.6252454512141912","7.2375519172233","43.49470664368795","49.26774143908875","""wood-grass""","17.53661292804556"
"9","48","[115.95025527407284 215.95025527407284 0]","""""","9.9","85.39838515064073","2","false","0","""done""","0","141.86992075157303","24.156005464703565","41.41290195041663","34.4310925848798","""Clay loam""","""D""","""woods-grass combination or tree farm | lightly or only occasionally grazed | good""","79","0.5465399166319591","0.306","0.17188941114350487","0.13411058885649513","1","7.2375519172233","43.49470664368795","49.26774143908875","""wood-grass""","17.53661292804556"
"10","48","[110.4186788572901 210.4186788572901 0]","""""","9.9","83.23258882646948","4","true","1","""done""","0.0011830311456955123","178.1983692828396","23.549858918914108","39.39092890350274","37.05921217758315","""Clay loam""","""D""","""woods-grass combination or tree farm | lightly or only occasionally grazed | good""","79","0.5583664547991242","0.306","0.16085130885415078","0.14514869114584922","0.9858520823529918","5.854940353061892","44.75493979863351","49.39011984830461","""wood-grass""","17.530494007584768"
"11","48","[107.4516706327451 207.4516706327451 0]","""""","9.9","82.07090632905172","4","false","0","""done""","0","177.90258413980467","25.22616466701654","41.03523799425428","33.73859733872917","""Clay loam""","""D""","""woods-grass combination or tree farm | lightly or only occasionally grazed | good""","79","0.5434236880242813","0.306","0.1747978911773375","0.1312021088226625","0.987491183890499","7.2375519172233","43.49470664368795","49.26774143908875","""wood-grass""","17.53661292804556"
"12","48","[102.93809680202403 202.93809680202403 0]","""""","9.9","80.30369190862132","2","false","0","""done""","0","132.54212288225776","19.4909788592233","38.80249587424328","41.706525266533426","""Clay""","""D""","""woods-grass combination or tree farm | lightly or only occasionally grazed | good""","79","0.5792793636994005","0.357","0.19233259388055962","0.16466740611944036","0.7152865571653132","7.2375519172233","43.49470664368795","49.26774143908875","""wood-grass""","17.53661292804556"
"13","48","[98.23173716042862 198.23173716042862 0]","""""","9.9","78.46099542501679","4","true","1","""done""","0.0011830311456955123","158.46148444525622","20.928721963253928","43.90143671549093","35.16984132125515","""Clay loam""","""D""","""woods-grass combination or tree farm | lightly or only occasionally grazed | good""","79","0.5498642859456482","0.306","0.1687866664507284","0.1372133335492716","1","5.854940353061892","44.75493979863351","49.39011984830461","""wood-grass""","17.530494007584768"
"14","48","[94.85390749886221 194.8539074988622 0]","""""","9.9","77.13846265795578","2","false","0","""done""","0","145.88088751103714","22.118440965977644","40.497765470385225","37.38379356363714","""Clay loam""","""D""","""woods-grass combination or tree farm | lightly or only occasionally grazed | good""","79","0.5598270710363671","0.306","0.15948806703272403","0.14651193296727597","1","7.2375519172233","43.49470664368795","49.26774143908875","""wood-grass""","17.53661292804556"
"15","48","[90.56603514506776 190.56603514506776 0]","""""","9.9","75.45961787978588","2","true","1","""done""","0.0011830311456955123","160.6105307016263","20.305446694407866","43.74309494657695","35.951458359015184","""Clay loam""","""D""","""woods-grass combination or tree farm | lightly or only occasionally grazed | good""","79","0.5533815626155683","0.306","0.16550387489213625","0.14049612510786375","1","5.854940353061892","44.75493979863351","49.39011984830461","""wood-grass""","17.530494007584768"
"16","48","[86.0804457040183 186.0804457040183 0]","""""","9.9","73.703360279567","2","true","2","""done""","0.002364662728699396","151.8148118929206","23.43726825765536","38.7992809739947","37.76345076834994","""Clay loam""","""D""","""woods-grass combination or tree farm | lightly or only occasionally grazed | good""","79","0.5615355284575747","0.306","0.15789350677293026","0.14810649322706973","1","4.46554699695929","46.02194743691256","49.51250556612814","""wood-grass""","17.524374721693594"
"17","48","[82.59543997914722 182.59543997914722 0]","""""","9.9","72.33886451562137","2","true","3","""done""","0.003544896404737763","145.85334317036083","25.03128208540748","37.91077525615348","37.057942658439046","""Clay loam""","""D""","""woods-grass combination or tree farm | lightly or only occasionally grazed | good""","79","0.5583607419629757","0.306","0.16085664083455603","0.14514335916544396","1","3.0709855053506487","47.29411736840723","49.63489712624213","""wood-grass""","17.518255143687888"
"18","48","[77.58484950402914 177.58484950402914 0]","""""","9.9","70.37705153225309","4","true","4","""done""","0.004723733827578291","166.8856737117528","26.69269497159976","39.04149099739825","34.26581403100199","""Clay loam""","""D""","""woods-grass combination or tree farm | lightly or only occasionally grazed | good""","79","0.545796163139509","0.306","0.17258358106979166","0.13341641893020834","1","1.672896220173925","48.569810717776754","49.75729306204932","""wood-grass""","17.512135346897534"
"19","48","[73.54165120403741 173.5416512040374 0]","""""","9.9","68.79400479182488","2","false","0","""done""","0","156.1890136295886","21.490473635183","41.07188713911118","37.43763922570583","""Clay loam""","""D""","""woods-grass combination or tree farm | lightly or only occasionally grazed | good""","79","0.5600693765156762","0.306","0.15926191525203554","0.14673808474796446","1","7.2375519172233","43.49470664368795","49.26774143908875","""wood-grass""","17.53661292804556"
"20","48","[69.26012203336546 169.26012203336546 0]","""""","9.9","67.11764358102441","2","true","1","""done""","0.0011830311456955123","196.55712509359205","26.283016697967163","41.214150697221584","32.50283260481125","""Clay loam""","""D""","""woods-grass combination or tree farm | lightly or only occasionally grazed | good""","79","0.5378627467216506","0.306","0.17998810305979274","0.12601189694020726","0.8937718912287962","5.854940353061892","44.75493979863351","49.39011984830461","""wood-grass""","17.530494007584768"
"21","48","[63.908083105624485 163.90808310562448 0]","""""","9.9","65.02214216096728","4","true","2","""done""","0.002364662728699396","176.24403140990225","23.276968474522192","41.07123777297509","35.65179375250272","""Clay loam""","""D""","""woods-grass combination or tree farm | lightly or only occasionally grazed | good""","79","0.5520330718862623","0.306","0.1667624662394886","0.1392375337605114","0.9967840160261133","4.46554699695929","46.02194743691256","49.51250556612814","""wood-grass""","17.524374721693594"
"22","48","[60.83470772810273 160.83470772810273 0]","""""","9.9","63.81881338198849","4","false","0","""done""","0","186.8716653237587","22.842093579371728","44.507030648923","32.65087577170528","""Clay loam""","""D""","""woods-grass combination or tree farm | lightly or only occasionally grazed | good""","79","0.5385289409726738","0.306","0.17936632175883785","0.12663367824116215","0.9400956165560503","7.2375519172233","43.49470664368795","49.26774143908875","""wood-grass""","17.53661292804556"
"23","48","[57.668172770444215 157.66817277044422 0]","""""","9.9","62.579009525921485","4","false","0","""done""","0","144.36564073391406","24.54486030550636","40.087854690579086","35.36728500391456","""Clay loam""","""D""","""woods-grass combination or tree farm | lightly or only occasionally grazed | good""","79","0.5507527825176155","0.306","0.16795740298355885","0.13804259701644114","1","7.2375519172233","43.49470664368795","49.26774143908875","""wood-grass""","17.53661292804556"
"24","48","[54.191721056674254 154.19172105667425 0]","""""","9.9","61.21786294210172","4","false","0","""done""","0","142.06734031757816","23.460022877881716","41.598899550684116","34.941077571434164","""Clay loam""","""D""","""woods-grass combination or tree farm | lightly or only occasionally grazed | good""","79","0.5488348490714537","0.306","0.16974747419997652","0.13625252580002348","1","7.2375519172233","43.49470664368795","49.26774143908875","""wood-grass""","17.53661292804556"
"25","48","[49.424030421243685 149.42403042124369 0]","""""","9.9","59.35115333258197","4","false","0","""done""","0","168.10166247040783","23.657239366264456","43.80489639891653","32.537864234819004","""Clay loam""","""D""","""woods-grass combination or tree farm | lightly or only occasionally grazed | good""","79","0.5380203890566855","0.306","0.1798409702137602","0.1261590297862398","1","7.2375519172233","43.49470664368795","49.26774143908875","""wood-grass""","17.53661292804556"
"26","48","[45.30194299417778 145.30194299417778 0]","""""","9.9","57.73721887253084","2","false","0","""done""","0","139.28118710589973","26.25218815217919","40.88176189802043","32.866049949800384","""Clay loam""","""D""","""woods-grass combination or tree farm | lightly or only occasionally grazed | good""","79","0.5394972247741017","0.306","0.1784625902108384","0.1275374097891616","1","7.2375519172233","43.49470664368795","49.26774143908875","""wood-grass""","17.53661292804556"
"27","48","[39.807452865194904 139.8074528651949 0]","""""","9.9","55.58594306470832","2","true","1","""done""","0.0011830311456955123","161.81303099167803","25.822501447635698","41.30875204992057","32.868746502443734","""Clay loam""","""D""","""woods-grass combination or tree farm | lightly or only occasionally grazed | good""","79","0.5395093592609967","0.306","0.17845126468973632","0.12754873531026367","1","5.854940353061892","44.75493979863351","49.39011984830461","""wood-grass""","17.530494007584768"
"28","48","[34.466959071138604 134.4669590711386 0]","""""","9.9","53.494961948848825","2","true","2","""done""","0.002364662728699396","155.62261702524827","21.280055928339134","40.81597349120217","37.90397058045868","""Clay loam""","""D""","""woods-grass combination or tree farm | lightly or only occasionally grazed | good""","79","0.562167867612064","0.306","0.15730332356207355","0.14869667643792644","1","4.46554699695929","46.02194743691256","49.51250556612814","""wood-grass""","17.524374721693594"
"29","48","[29.7078593877346 129.7078593877346 0]","""""","9.9","51.631615983057074","2","true","3","""done""","0.003544896404737763","169.10201086577453","22.33382782200943","39.03709043371972","38.62908174427085","""Clay loam""","""D""","""woods-grass combination or tree farm | lightly or only occasionally grazed | good""","79","0.5654308678492188","0.306","0.15425785667406244","0.15174214332593755","1","3.0709855053506487","47.29411736840723","49.63489712624213","""wood-grass""","17.518255143687888"
"30","48","[24.958653264027532 124.95865326402753 0]","""""","9.9","49.772143675262626","2","true","4","""done""","0.004723733827578291","153.7346560100094","25.945099330758953","37.69319749365071","36.36170317559034","""Clay loam""","""D""","""woods-grass combination or tree farm | lightly or only occasionally grazed | good""","79","0.5552276642901566","0.306","0.16378084666252057","0.14221915333747942","1","1.672896220173925","48.569810717776754","49.75729306204932","""wood-grass""","17.512135346897534"
"31","48","[21.973141541669037 121.97314154166904 0]","""""","9.9","48.60321644243324","2","true","5","""done""","0.005901176649031781","174.1050815914669","21.964586617906434","39.78643462960194","38.24897875249163","""Clay loam""","""D""","""woods-grass combination or tree farm | lightly or only occasionally grazed | good""","79","0.5637204043862123","0.306","0.15585428923953518","0.15014571076046482","1","0.2729377906510422","49.84737030260629","49.87969190674267","""wood-grass""","17.506015404662865"
"32","48","[19.427205411891833 119.42720541189183 0]","""""","9.9","47.606397688430874","4","true","6","""done""","0.00707722651895526","151.23875687037574","23.90227702969667","38.84907139541656","37.248651574886765","""Clay loam""","""D""","""woods | used and managed but not planted | good""","77","0.5592189320869905","0.306","0.1600556633854756","0.14594433661452438","1","0","49.997907806624276","50.002092193375724","""woodland""","17.499895390331215"
"33","48","[16.341324819107413 116.34132481910741 0]","""""","9.9","46.39817270135367","2","false","0","""done""","0","162.35814295707402","20.732651797986545","39.274967315257534","39.992380886755925","""Clay loam""","""D""","""woods-grass combination or tree farm | lightly or only occasionally grazed | good""","79","0.5715657139904017","0.306","0.14853200027562513","0.15746799972437486","1","7.2375519172233","43.49470664368795","49.26774143908875","""wood-grass""","17.53661292804556"
"34","48","[11.49219864356391 111.49219864356391 0]","""""","9.9","44.49957836673126","2","true","1","""done""","0.0011830311456955123","154.80843059530952","20.535251516306758","39.4187024419871","40.04604604170615","""Clay""","""D""","""woods-grass combination or tree farm | lightly or only occasionally grazed | good""","79","0.5718072071876776","0.357","0.19930660662483418","0.1576933933751658","0.6124059160813204","5.854940353061892","44.75493979863351","49.39011984830461","""wood-grass""","17.530494007584768"
"35","48","[7.6973623363499115 107.69736233634991 0]","""""","9.9","43.013773614932155","1","true","2","""done""","0.002364662728699396","159.42266468682737","20.95961808175856","43.58842302490254","35.45195889333889","""Clay loam""","""D""","""woods-grass combination or tree farm | lightly or only occasionally grazed | good""","79","0.551133815020025","0.306","0.16760177264797668","0.1383982273520233","1","4.46554699695929","46.02194743691256","49.51250556612814","""wood-grass""","17.524374721693594"
"36","48","[6.315900670362041 106.31590067036204 0]","""""","9.9","42.47288538113638","128","true","201","""pending""","0.21174215435935584","163.58408361726254","26.341318457195154","38.49623902904008","35.162442513764766","""Clay loam""","""D""","""woods | used and managed but not planted | good""","77","0.5498309913119415","0.306","0.168817741442188","0.137182258557812","1","0","27.791897635005057","72.20810236499494","""woodland""","16.389594881750252"
"37","48","[9.561507038075064 109.56150703807506 0]","""""","9.9","43.74364832668166","32","true","28","""done""","0.032601221662009294","190.70601137148114","21.00401985722029","43.48741163209684","35.50856851068286","""Clay loam""","""D""","""woods | used and managed but not planted | good""","77","0.5513885582980729","0.306","0.16736401225513198","0.13863598774486802","0.9211939999478497","0","47.30770293090386","52.69229706909614","""woodland""","17.365385146545194"
"38","48","[13.654221799582857 113.65422179958286 0]","""""","9.9","45.346082410293285","64","true","1","""done""","0.0011830311456955123","137.7610640083845","21.84115516069289","39.89740379636991","38.26144104293719","""Clay loam""","""D""","""woods-grass combination or tree farm | lightly or only occasionally grazed | good""","79","0.5637764846932174","0.306","0.15580194761966382","0.15019805238033618","1","5.854940353061892","44.75493979863351","49.39011984830461","""wood-grass""","17.530494007584768"
"39","48","[17.69922417099592 117.69922417099592 0]","""""","9.9","46.92983550474402","64","true","22","""done""","0.02570592177432951","161.31836340905048","23.7244684739696","40.16860409524868","36.10692743078172","""Clay loam""","""D""","""woods | used and managed but not planted | good""","77","0.5540811734385177","0.306","0.1648509047907168","0.1411490952092832","1","0","48.040503595523745","51.959496404476255","""woodland""","17.40202517977619"
"40","48","[19.91884794670449 119.91884794670449 0]","""""","9.9","47.798892108551854","64","false","0","""done""","0","132.86380517734966","22.426631413977642","38.03923722367451","39.53413136234785","""Clay loam""","""D""","""woods-grass combination or tree farm | lightly or only occasionally grazed | good""","79","0.5695035911305653","0.306","0.15045664827813904","0.15554335172186096","1","7.2375519172233","43.49470664368795","49.26774143908875","""wood-grass""","17.53661292804556"
"41","48","[25.27587693836132 125.27587693836132 0]","""""","9.9","49.896347304761036","64","true","6","""done""","0.00707722651895526","173.02018989296315","27.378315384561","37.84630829440053","34.77537632103847","""Clay loam""","""D""","""woods | used and managed but not planted | good""","77","0.5480891934446731","0.306","0.17044341945163843","0.13555658054836156","1","0","49.997907806624276","50.002092193375724","""woodland""","17.499895390331215"
"42","48","[30.747411436497543 130.74741143649754 0]","""""","9.9","52.038635218869224","32","true","4","""done""","0.004723733827578291","159.69729996563998","25.59828357988268","36.464121942441906","37.93759447767542","""Clay loam""","""D""","""woods-grass combination or tree farm | lightly or only occasionally grazed | good""","79","0.5623191751495393","0.306","0.15716210319376325","0.14883789680623674","1","1.672896220173925","48.569810717776754","49.75729306204932","""wood-grass""","17.512135346897534"
"43","48","[35.419562877620734 135.41956287762073 0]","""""","9.9","53.86793805313095","64","true","13","""done""","0.01527071114425227","144.6913234289251","24.203260987810598","37.28529812648428","38.51144088570512","""Clay loam""","""D""","""woods | used and managed but not planted | good""","77","0.564901483985673","0.306","0.15475194828003852","0.15124805171996147","1","0","49.14118864617969","50.85881135382031","""woodland""","17.457059432308984"
"44","48","[40.059513049118124 140.05951304911812 0]","""""","9.9","55.68463301829091","32","true","12","""done""","0.014104365902709914","180.52556295341248","26.95387844602104","40.65851069274422","32.38761086123473","""Clay loam""","""D""","""woods | used and managed but not planted | good""","77","0.5373442488755562","0.306","0.18047203438281417","0.12552796561718582","0.9731432521538855","0","49.26355795494361","50.73644204505639","""woodland""","17.46317789774718"
"45","48","[45.088324705334315 145.08832470533432 0]","""""","9.9","57.653580200677865","32","true","4","""done""","0.004723733827578291","188.89038492988942","22.460340455311933","42.096367722351225","35.44329182233684","""Clay loam""","""D""","""woods-grass combination or tree farm | lightly or only occasionally grazed | good""","79","0.5510948132005158","0.306","0.16763817434618528","0.13836182565381472","0.9300485754984356","1.672896220173925","48.569810717776754","49.75729306204932","""wood-grass""","17.512135346897534"
"46","48","[49.815553084443366 149.81555308444337 0]","""""","9.9","59.50444748978008","32","true","3","""done""","0.003544896404737763","152.8564904601981","23.92826309146687","43.36231786536076","32.70941904317236","""Clay loam""","""D""","""woods-grass combination or tree farm | lightly or only occasionally grazed | good""","79","0.5387923856942756","0.306","0.1791204400186761","0.1268795599813239","1","3.0709855053506487","47.29411736840723","49.63489712624213","""wood-grass""","17.518255143687888"
"47","48","[55.56598884901936 155.56598884901936 0]","""""","9.9","61.75593453486824","32","true","1","""done""","0.0011830311456955123","155.41102637370386","23.699099690902333","34.48670187096287","41.8141984381348","""Clay""","""D""","""woods-grass combination or tree farm | lightly or only occasionally grazed | good""","79","0.5797638929716066","0.357","0.19188036655983384","0.16511963344016614","0.6100313534244408","5.854940353061892","44.75493979863351","49.39011984830461","""wood-grass""","17.530494007584768"
"48","48","[59.017256194426665 159.01725619442666 0]","""""","9.9","63.107220600037124","64","false","0","""done""","0","140.72313393121044","17.988849564864736","39.72854336713704","42.282607067998235","""Clay""","""D""","""woods-grass combination or tree farm | lightly or only occasionally grazed | good""","79","0.581871731805992","0.357","0.18991305031440742","0.16708694968559257","0.6737030089322469","7.2375519172233","43.49470664368795","49.26774143908875","""wood-grass""","17.53661292804556"
"49","48","[64.94547781864401 164.945477818644 0]","""""","9.9","65.42831672801395","2","false","0","""done""","0","154.76885484823927","26.103723110190113","40.103938946248185","33.7923379435617","""Clay loam""","""D""","""woods-grass combination or tree farm | lightly or only occasionally grazed | good""","79","0.5436655207460277","0.306","0.17457218063704089","0.1314278193629591","1","7.2375519172233","43.49470664368795","49.26774143908875","""wood-grass""","17.53661292804556"
"0","47","[149.96531060739738 249.96531060739738 0]","""""","9.9","98.71641174137581","32","false","0","""done""","0","146.52077277937607","22.82251381253292","39.166362663747464","38.011123523719625","""Clay loam""","""D""","""woods-grass combination or tree farm | lightly or only occasionally grazed | good""","79","0.5626500558567383","0.306","0.1568532812003776","0.1491467187996224","1","7.2375519172233","43.49470664368795","49.26774143908875","""wood-grass""","17.53661292804556"
"1","47","[146.30698755320174 246.30698755320174 0]","""""","9.9","97.28405647292666","4","false","0","""done""","0","156.55402170998588","22.863274079168875","40.96484084784699","36.17188507298414","""Clay loam""","""D""","""woods-grass combination or tree farm | lightly or only occasionally grazed | good""","79","0.5543734828284286","0.306","0.16457808269346663","0.14142191730653336","1","7.2375519172233","43.49470664368795","49.26774143908875","""wood-grass""","17.53661292804556"
"2","47","[142.87677471595495 242.87677471595495 0]","""""","9.9","95.94101394864839","4","true","1","""done""","0.0011830311456955123","185.44019724601145","23.959026160134798","39.3702624748707","36.6707113649945","""Clay loam""","""D""","""woods-grass combination or tree farm | lightly or only occasionally grazed | good""","79","0.5566182011424753","0.306","0.1624830122670231","0.1435169877329769","0.9473524944342854","5.854940353061892","44.75493979863351","49.39011984830461","""wood-grass""","17.530494007584768"
"3","47","[138.7240442106479 238.7240442106479 0]","""""","9.9","94.3150817032978","2","false","0","""done""","0","142.94155059665133","25.15002737502067","41.61528502773629","33.23468759724303","""Clay loam""","""D""","""woods-grass combination or tree farm | lightly or only occasionally grazed | good""","79","0.5411560941875937","0.306","0.1769143120915793","0.1290856879084207","1","7.2375519172233","43.49470664368795","49.26774143908875","""wood-grass""","17.53661292804556"
"4","47","[134.24505560931377 234.24505560931377 0]","""""","9.9","92.56140855158235","4","true","3","""done""","0.003544896404737763","126.27258223485627","21.274065695571224","42.056254664124516","36.66967964030426","""Clay loam""","""D""","""woods-grass combination or tree farm | lightly or only occasionally grazed | good""","79","0.5566135583813692","0.306","0.1624873455107221","0.14351265448927789","1","3.0709855053506487","47.29411736840723","49.63489712624213","""wood-grass""","17.518255143687888"
"5","47","[129.88965397104974 229.88965397104974 0]","""""","9.9","90.85612381036061","4","true","1","""done""","0.0011830311456955123","138.85236942739465","23.930613938923102","39.10375375823025","36.965632302846664","""Clay loam""","""D""","""woods-grass combination or tree farm | lightly or only occasionally grazed | good""","79","0.55794534536281","0.306","0.16124434432804402","0.14475565567195597","1","5.854940353061892","44.75493979863351","49.39011984830461","""wood-grass""","17.530494007584768"
"6","47","[126.05816961902246 226.05816961902246 0]","""""","9.9","89.355970128932","4","true","1","""done""","0.0011830311456955123","161.41748640013137","22.07602579163852","41.41272921464285","36.51124499371863","""Clay loam""","""D""","""woods-grass combination or tree farm | lightly or only occasionally grazed | good""","79","0.5559006024717338","0.306","0.1631527710263818","0.1428472289736182","1","5.854940353061892","44.75493979863351","49.39011984830461","""wood-grass""","17.530494007584768"
"7","47","[122.04572237461218 222.04572237461218 0]","""""","9.9","87.78496345052673","4","true","1","""done""","0.0011830311456955123","169.1679455778909","23.962810902849462","40.94696680577909","35.09022229137144","""Clay loam""","""D""","""woods-grass combination or tree farm | lightly or only occasionally grazed | good""","79","0.5495060003111715","0.306","0.16912106637623997","0.13687893362376002","1","5.854940353061892","44.75493979863351","49.39011984830461","""wood-grass""","17.530494007584768"
"8","47","[117.56917465519246 217.56917465519246 0]","""""","9.9","86.03224598534247","4","true","1","""done""","0.0011830311456955123","163.95847991856","24.6515136718753","41.310807071988535","34.037679256136165","""Clay loam""","""D""","""woods-grass combination or tree farm | lightly or only occasionally grazed | good""","79","0.5447695566526127","0.306","0.17354174712422812","0.13245825287577187","1","5.854940353061892","44.75493979863351","49.39011984830461","""wood-grass""","17.530494007584768"
"9","47","[113.78085310872598 213.78085310872598 0]","""""","9.9","84.54899197926517","2","true","1","""done""","0.0011830311456955123","171.11545624780229","24.45934567614801","42.386734190910225","33.153920132941764","""Clay loam""","""D""","""woods-grass combination or tree farm | lightly or only occasionally grazed | good""","79","0.540792640598238","0.306","0.1772535354416446","0.1287464645583554","1","5.854940353061892","44.75493979863351","49.39011984830461","""wood-grass""","17.530494007584768"
"10","47","[108.9685949819069 208.9685949819069 0]","""""","9.9","82.66483271312784","4","true","2","""done""","0.002364662728699396","123.54510313143561","23.557637632918286","37.594127039592735","38.848235327488986","""Clay loam""","""D""","""woods-grass combination or tree farm | lightly or only occasionally grazed | good""","79","0.5664170589737004","0.306","0.15333741162454628","0.1526625883754537","1","4.46554699695929","46.02194743691256","49.51250556612814","""wood-grass""","17.524374721693594"
"11","47","[105.17058869104125 205.17058869104125 0]","""""","9.9","81.17778680719415","4","true","2","""done""","0.002364662728699396","127.349794659009","22.612411613790957","38.299042904398014","39.08854548181103","""Clay loam""","""D""","""woods-grass combination or tree farm | lightly or only occasionally grazed | good""","79","0.5674984546681496","0.306","0.15232810897639368","0.15367189102360632","1","4.46554699695929","46.02194743691256","49.51250556612814","""wood-grass""","17.524374721693594"
"12","47","[100.5551458611902 200.5551458611902 0]","""""","9.9","79.37068728218608","2","true","1","""done""","0.0011830311456955123","177.36496545113476","23.542700919405004","43.71458407278545","32.74271500780956","""Clay loam""","""D""","""woods-grass combination or tree farm | lightly or only occasionally grazed | good""","79","0.538942217535143","0.306","0.17898059696719987","0.12701940303280013","0.9904844115214798","5.854940353061892","44.75493979863351","49.39011984830461","""wood-grass""","17.530494007584768"
"13","47","[96.69820177208834 196.69820177208834 0]","""""","9.9","77.86056526608832","4","true","2","""done""","0.002364662728699396","134.18535251603794","24.025825364919744","40.649448452300696","35.32472618277955","""Clay loam""","""D""","""woods-grass combination or tree farm | lightly or only occasionally grazed | good""","79","0.550561267822508","0.306","0.1681361500323259","0.1378638499676741","1","4.46554699695929","46.02194743691256","49.51250556612814","""wood-grass""","17.524374721693594"
"14","47","[93.27914667083911 193.2791466708391 0]","""""","9.9","76.52189136691595","2","true","2","""done""","0.002364662728699396","156.9426029855804","23.901851265107556","39.53058923018394","36.5675595047085","""Clay loam""","""D""","""woods-grass combination or tree farm | lightly or only occasionally grazed | good""","79","0.5561540177711882","0.306","0.1629162500802243","0.14308374991977568","1","4.46554699695929","46.02194743691256","49.51250556612814","""wood-grass""","17.524374721693594"
"15","47","[88.9067978382576 188.9067978382576 0]","""""","9.9","74.80997123491366","4","true","3","""done""","0.003544896404737763","142.3633726242514","21.292660982321713","42.42777605925608","36.279562958422204","""Clay loam""","""D""","""woods-grass combination or tree farm | lightly or only occasionally grazed | good""","79","0.5548580333128998","0.306","0.16412583557462676","0.14187416442537323","1","3.0709855053506487","47.29411736840723","49.63489712624213","""wood-grass""","17.518255143687888"
"16","47","[84.56377454712401 184.563774547124 0]","""""","9.9","73.10953302869288","4","false","0","""done""","0","174.7664819114531","25.386255625946472","37.770180201376846","36.843564172676686","""Clay loam""","""D""","""woods-grass combination or tree farm | lightly or only occasionally grazed | good""","79","0.5573960387770451","0.306","0.16175703047475792","0.14424296952524207","1","7.2375519172233","43.49470664368795","49.26774143908875","""wood-grass""","17.53661292804556"
"17","47","[81.35370362058401 181.353703620584 0]","""""","9.9","71.85268339141119","2","false","0","""done""","0","162.56630519891203","23.041847362117228","40.620278309858975","36.3378743280238","""Clay loam""","""D""","""woods-grass combination or tree farm | lightly or only occasionally grazed | good""","79","0.5551204344761071","0.306","0.16388092782230004","0.14211907217769995","1","7.2375519172233","43.49470664368795","49.26774143908875","""wood-grass""","17.53661292804556"
"18","47","[75.74191762452648 175.74191762452648 0]","""""","9.9","69.65548234662006","2","true","1","""done""","0.0011830311456955123","147.6405906981284","23.69373444841659","39.04853350651028","37.25773204507313","""Clay loam""","""D""","""woods-grass combination or tree farm | lightly or only occasionally grazed | good""","79","0.5592597942028291","0.306","0.16001752541069286","0.14598247458930713","1","5.854940353061892","44.75493979863351","49.39011984830461","""wood-grass""","17.530494007584768"
"19","47","[70.91459364875794 170.91459364875794 0]","""""","9.9","67.76542429904742","4","true","7","""done""","0.008251885085253763","120.3845997264331","27.682787822886972","40.09877815649098","32.21843402062204","""Clay loam""","""D""","""woods | used and managed but not planted | good""","77","0.5365829530927992","0.306","0.18118257711338742","0.12481742288661256","1","0","49.87550754506712","50.12449245493288","""woodland""","17.493775377253357"
"20","47","[67.56369240049042 167.56369240049042 0]","""""","9.9","66.45343490229249","4","false","0","""done""","0","165.47209108856714","28.47749294853529","38.68160568621553","32.840901365249174","""Clay loam""","""D""","""woods-grass combination or tree farm | lightly or only occasionally grazed | good""","79","0.5393840561436213","0.306","0.17856821426595348","0.1274317857340465","1","7.2375519172233","43.49470664368795","49.26774143908875","""wood-grass""","17.53661292804556"
"21","47","[63.40627226643173 163.40627226643173 0]","""""","9.9","64.82566651115874","4","false","0","""done""","0","209.8783948899129","22.6728642905194","41.10391476044052","36.22322094904008","""Clay loam""","""D""","""woods-grass combination or tree farm | lightly or only occasionally grazed | good""","79","0.5546044942706804","0.306","0.16436247201403167","0.14163752798596832","0.837042962528575","7.2375519172233","43.49470664368795","49.26774143908875","""wood-grass""","17.53661292804556"
"22","47","[58.84398731340946 158.84398731340946 0]","""""","9.9","63.03938006465886","2","true","3","""done""","0.003544896404737763","155.9054687996893","30.355916910324297","36.49929709978169","33.144785989894004","""Clay loam""","""D""","""woods-grass combination or tree farm | lightly or only occasionally grazed | good""","79","0.540751536954523","0.306","0.1772918988424452","0.1287081011575548","1","3.0709855053506487","47.29411736840723","49.63489712624213","""wood-grass""","17.518255143687888"
"23","47","[55.596349080583394 155.5963490805834 0]","""""","9.9","61.76782157627706","4","true","5","""done""","0.005901176649031781","190.5655308983579","24.745794249459266","40.46791927552568","34.78628647501506","""Clay loam""","""D""","""woods-grass combination or tree farm | lightly or only occasionally grazed | good""","79","0.5481382891375678","0.306","0.17039759680493677","0.13560240319506323","0.9218730827197492","0.2729377906510422","49.84737030260629","49.87969190674267","""wood-grass""","17.506015404662865"
"24","47","[50.870168684758625 150.87016868475862 0]","""""","9.9","59.917364607520064","4","true","1","""done""","0.0011830311456955123","158.69174187818265","23.728854572283357","38.317714268092445","37.95343115962421","""Clay loam""","""D""","""woods-grass combination or tree farm | lightly or only occasionally grazed | good""","79","0.5623904402183089","0.306","0.15709558912957833","0.14890441087042167","1","5.854940353061892","44.75493979863351","49.39011984830461","""wood-grass""","17.530494007584768"
"25","47","[46.64985946586174 146.64985946586174 0]","""""","9.9","58.264973045971495","4","true","1","""done""","0.0011830311456955123","164.53746759433594","25.039927666486456","38.46620084251692","36.49387149099662","""Clay loam""","""D""","""woods-grass combination or tree farm | lightly or only occasionally grazed | good""","79","0.5558224217094847","0.306","0.1632257397378142","0.1427742602621858","1","5.854940353061892","44.75493979863351","49.39011984830461","""wood-grass""","17.530494007584768"
"26","47","[42.73661621605336 142.73661621605336 0]","""""","9.9","56.73280803414792","4","true","1","""done""","0.0011830311456955123","136.35240013170937","24.357959607674736","41.86000494669863","33.782035445626626","""Clay loam""","""D""","""woods-grass combination or tree farm | lightly or only occasionally grazed | good""","79","0.5436191595053198","0.306","0.17461545112836818","0.1313845488716318","1","5.854940353061892","44.75493979863351","49.39011984830461","""wood-grass""","17.530494007584768"
"27","47","[37.748067603122934 137.74806760312293 0]","""""","9.9","54.77962517364282","2","false","0","""done""","0","155.4377511864047","29.20542804023402","38.453838874438425","32.34073308532756","""Clay loam""","""D""","""woods-grass combination or tree farm | lightly or only occasionally grazed | good""","79","0.537133298883974","0.306","0.18066892104162427","0.12533107895837572","1","7.2375519172233","43.49470664368795","49.26774143908875","""wood-grass""","17.53661292804556"
"28","47","[33.12523375316806 133.12523375316806 0]","""""","9.9","52.96963181820259","4","true","1","""done""","0.0011830311456955123","173.89069589277656","22.497151439852704","36.75602303313479","40.74682552701251","""Clay""","""D""","""woods-grass combination or tree farm | lightly or only occasionally grazed | good""","79","0.5749607148715563","0.357","0.19636333278654747","0.16063666721345252","0.5452022505809655","5.854940353061892","44.75493979863351","49.39011984830461","""wood-grass""","17.530494007584768"
"29","47","[29.398590187209777 129.39859018720978 0]","""""","9.9","51.51052679487486","4","false","0","""done""","0","158.28641920093276","21.703431934790494","40.19488652321009","38.10168154199942","""Clay loam""","""D""","""woods-grass combination or tree farm | lightly or only occasionally grazed | good""","79","0.5630575669389974","0.306","0.15647293752360245","0.14952706247639755","1","7.2375519172233","43.49470664368795","49.26774143908875","""wood-grass""","17.53661292804556"
"30","47","[25.419928000772757 125.41992800077276 0]","""""","9.9","49.9527480914368","4","false","0","""done""","0","154.8040143415701","27.083071549015116","40.679738077025675","32.2371903739592","""Clay loam""","""D""","""woods-grass combination or tree farm | lightly or only occasionally grazed | good""","79","0.5366673566828164","0.306","0.18110380042937135","0.12489619957062865","1","7.2375519172233","43.49470664368795","49.26774143908875","""wood-grass""","17.53661292804556"
"31","47","[21.897925932453077 121.89792593245308 0]","""""","9.9","48.57376702735041","4","false","0","""done""","0","173.40329249043847","27.925265200829525","37.56176182655705","34.51297297261342","""Clay loam""","""D""","""woods-grass combination or tree farm | lightly or only occasionally grazed | good""","79","0.5469083783767603","0.306","0.17154551351502365","0.13445448648497635","1","7.2375519172233","43.49470664368795","49.26774143908875","""wood-grass""","17.53661292804556"
"32","47","[18.50032736594065 118.50032736594065 0]","""""","9.9","47.243494075857505","2","false","0","""done""","0","148.02872438949194","20.553276612258824","40.74288630894273","38.70383707879845","""Clay loam""","""D""","""woods-grass combination or tree farm | lightly or only occasionally grazed | good""","79","0.565767266854593","0.306","0.1539438842690465","0.15205611573095348","1","7.2375519172233","43.49470664368795","49.26774143908875","""wood-grass""","17.53661292804556"
"33","47","[14.067817711734108 114.06781771173411 0]","""""","9.9","45.50801897931757","2","true","8","""done""","0.009425153993882662","159.93799031187814","26.763678740165698","36.61263245210769","36.62368880772662","""Clay loam""","""D""","""woods | used and managed but not planted | good""","77","0.5564065996347698","0.306","0.1626805070075482","0.1433194929924518","1","0","49.753108775600275","50.246891224399725","""woodland""","17.487655438780013"
"34","47","[10.066149873025068 110.06614987302507 0]","""""","9.9","43.94123279711184","2","true","9","""done""","0.010597034888850443","178.98845307098782","24.62079188539676","40.89509977765132","34.48410833695193","""Clay loam""","""D""","""woods | used and managed but not planted | good""","77","0.5467784875162837","0.306","0.17166674498480192","0.13433325501519808","0.9815003728744461","0","49.63071296516659","50.36928703483341","""woodland""","17.48153564825833"
"35","47","[7.083581532050715 107.08358153205072 0]","""""","9.9","42.773457996085256","1","true","166","""done""","0.17839819676619673","177.73416772204388","18.371462535855166","47.16510953969275","34.46342792445208","""Silty clay loam""","""D""","""woods | used and managed but not planted | good""","77","0.5466854256600343","0.2365","0.10225360271730127","0.13424639728269872","0.6738391675045226","0","31.357745280871256","68.64225471912874","""woodland""","16.567887264043563"
"36","47","[9.693897403339662 109.69389740333966 0]","""""","9.9","43.795483562217015","128","true","1","""done""","0.0011830311456955123","134.18936962685046","28.433772350163252","35.66178414608981","35.90444350374694","""Clay loam""","""D""","""woods-grass combination or tree farm | lightly or only occasionally grazed | good""","79","0.5531699957668612","0.306","0.16570133728426287","0.14029866271573713","1","5.854940353061892","44.75493979863351","49.39011984830461","""wood-grass""","17.530494007584768"
"37","47","[12.19968092915012 112.19968092915012 0]","""""","9.9","44.776581235007654","64","true","2","""done""","0.002364662728699396","159.20613921876733","24.318490075947533","35.646900285895065","40.03460963815742","""Clay""","""D""","""woods-grass combination or tree farm | lightly or only occasionally grazed | good""","79","0.5717557433717084","0.357","0.19935463951973884","0.15764536048026115","0.5954895911743602","4.46554699695929","46.02194743691256","49.51250556612814","""wood-grass""","17.524374721693594"
"38","47","[16.114852773022307 116.1148527730223 0]","""""","9.9","46.309501355613875","64","true","27","""done""","0.031455403238044854","162.3251237526803","22.32066715491973","40.817702257774","36.86163058730627","""Clay loam""","""D""","""woods | used and managed but not planted | good""","77","0.5574773376428782","0.306","0.16168115153331367","0.14431884846668633","1","0","47.42976440919787","52.57023559080213","""woodland""","17.371488220459895"
"39","47","[19.907676733918436 119.90767673391844 0]","""""","9.9","47.79451820683458","64","false","0","""done""","0","142.53435526447754","22.56036599056818","39.74855811790445","37.69107589152737","""Clay loam""","""D""","""woods-grass combination or tree farm | lightly or only occasionally grazed | good""","79","0.5612098415118731","0.306","0.15819748125558505","0.14780251874441494","1","7.2375519172233","43.49470664368795","49.26774143908875","""wood-grass""","17.53661292804556"
"40","47","[22.542668812965502 122.5426688129655 0]","""""","9.9","48.826205329822876","64","true","21","""done""","0.02455193633400432","166.33826583983313","22.96983504433245","42.24125162907311","34.78891332659443","""Clay loam""","""D""","""woods | used and managed but not planted | good""","77","0.548150109969675","0.306","0.1703865640283034","0.1356134359716966","1","0","48.162727607139544","51.837272392860456","""woodland""","17.40813638035698"
"41","47","[29.120648454096795 129.1206484540968 0]","""""","9.9","51.40170335313709","32","true","18","""done""","0.02108177262926547","168.02499961721708","21.94852272088924","38.71914288161772","39.33233439749305","""Clay loam""","""D""","""woods | used and managed but not planted | good""","77","0.5685955047887187","0.306","0.1513041955305292","0.1546958044694708","1","0","48.52952574745245","51.47047425254755","""woodland""","17.426476287372623"
"42","47","[33.889087214307324 133.88908721430732 0]","""""","9.9","53.26870587841472","64","false","0","""done""","0","160.0521811784498","22.215959328499142","42.40508707463923","35.37895359686163","""Clay loam""","""D""","""woods-grass combination or tree farm | lightly or only occasionally grazed | good""","79","0.5508052911858773","0.306","0.16790839489318118","0.1380916051068188","1","7.2375519172233","43.49470664368795","49.26774143908875","""wood-grass""","17.53661292804556"
"43","47","[37.09701732382723 137.09701732382723 0]","""""","9.9","54.52471731456106","64","true","3","""done""","0.003544896404737763","147.0027266934819","27.604648131329267","39.214995464929636","33.1803564037411","""Clay loam""","""D""","""woods-grass combination or tree farm | lightly or only occasionally grazed | good""","79","0.5409116038168349","0.306","0.1771425031042874","0.1288574968957126","1","3.0709855053506487","47.29411736840723","49.63489712624213","""wood-grass""","17.518255143687888"
"44","47","[42.81589508729246 142.81589508729246 0]","""""","9.9","56.76384835158675","32","true","1","""done""","0.0011830311456955123","170.50334681979464","18.38834668646097","40.97378385276274","40.6378694607763","""Silty clay""","""D""","""woods-grass combination or tree farm | lightly or only occasionally grazed | good""","79","0.5744704125734934","0.3485","0.18832094826473952","0.16017905173526045","0.8231687769401235","5.854940353061892","44.75493979863351","49.39011984830461","""wood-grass""","17.530494007584768"
"45","47","[46.46328916482213 146.46328916482213 0]","""""","9.9","58.19192456182415","64","true","6","""done""","0.00707722651895526","178.85363588643295","24.95281633581785","37.530147232913386","37.51703643126877","""Clay loam""","""D""","""woods | used and managed but not planted | good""","77","0.5604266639407095","0.306","0.15892844698867117","0.14707155301132882","0.9822402131145097","0","49.997907806624276","50.002092193375724","""woodland""","17.499895390331215"
"46","47","[53.08544916917313 153.08544916917313 0]","""""","9.9","60.78472066818961","32","false","0","""done""","0","159.35621743839138","22.645093538967416","39.55428619576888","37.8006202652637","""Clay loam""","""D""","""woods-grass combination or tree farm | lightly or only occasionally grazed | good""","79","0.5617027911936867","0.306","0.15773739488589247","0.14826260511410752","1","7.2375519172233","43.49470664368795","49.26774143908875","""wood-grass""","17.53661292804556"
"47","47","[58.09399670239944 158.09399670239944 0]","""""","9.9","62.745733771793724","64","false","0","""done""","0","176.27908604893216","18.84698518310579","45.45516937824998","35.69784543864423","""Silty clay loam""","""D""","""woods-grass combination or tree farm | lightly or only occasionally grazed | good""","79","0.552240304473899","0.2365","0.09706904915769424","0.13943095084230575","0.6794013192335627","7.2375519172233","43.49470664368795","49.26774143908875","""wood-grass""","17.53661292804556"
"48","47","[60.52985809692365 160.52985809692365 0]","""""","9.9","63.699454602341255","64","false","0","""done""","0","170.8461632111172","19.289285600948485","38.7840009649617","41.92671343408983","""Clay""","""D""","""woods-grass combination or tree farm | lightly or only occasionally grazed | good""","79","0.5802702104534042","0.357","0.19140780357682274","0.16559219642317724","0.5549179271803683","7.2375519172233","43.49470664368795","49.26774143908875","""wood-grass""","17.53661292804556"
"49","47","[65.58304080624274 165.58304080624274 0]","""""","9.9","65.67794386337803","2","false","0","""done""","0","161.75447168879955","23.643259421042398","38.89280419461056","37.46393638434704","""Clay loam""","""D""","""woods-grass combination or tree farm | lightly or only occasionally grazed | good""","79","0.5601877137295617","0.306","0.15915146718574244","0.14684853281425755","1","7.2375519172233","43.49470664368795","49.26774143908875","""wood-grass""","17.53661292804556"
"0","46","[148.3476394705872 248.3476394705872 0]","""""","9.9","98.0830396358777","32","false","0","""done""","0","157.29394646454324","23.890335979679303","36.27818332802655","39.83148069229415","""Clay loam""","""D""","""woods-grass combination or tree farm | lightly or only occasionally grazed | good""","79","0.5708416631153237","0.306","0.14920778109236457","0.15679221890763542","1","7.2375519172233","43.49470664368795","49.26774143908875","""wood-grass""","17.53661292804556"
"1","46","[144.35411918346213 244.35411918346213 0]","""""","9.9","96.51944349136502","2","false","0","""done""","0","138.92368386829227","22.2819919283352","36.26660832794054","41.451399743724274","""Clay""","""D""","""woods-grass combination or tree farm | lightly or only occasionally grazed | good""","79","0.5781312988467593","0.357","0.19340412107635804","0.16359587892364194","0.6824293462136611","7.2375519172233","43.49470664368795","49.26774143908875","""wood-grass""","17.53661292804556"
"2","46","[140.03783822182044 240.03783822182044 0]","""""","9.9","94.82947579744479","2","true","2","""done""","0.002364662728699396","188.94862375167577","23.96559623757","38.89427081444877","37.140132947981215","""Clay loam""","""D""","""woods-grass combination or tree farm | lightly or only occasionally grazed | good""","79","0.5587305982659154","0.306","0.1605114416184789","0.14548855838152108","0.9297619106253837","4.46554699695929","46.02194743691256","49.51250556612814","""wood-grass""","17.524374721693594"
"3","46","[135.9997617325779 235.9997617325779 0]","""""","9.9","93.24843441643998","4","true","5","""done""","0.005901176649031781","169.79464585426945","18.380207542753364","45.19046935951216","36.42932309773449","""Silty clay loam""","""D""","""woods-grass combination or tree farm | lightly or only occasionally grazed | good""","79","0.5555319539398051","0.2365","0.09399684298951516","0.14250315701048483","0.705347586270311","0.2729377906510422","49.84737030260629","49.87969190674267","""wood-grass""","17.506015404662865"
"4","46","[133.03331387480256 233.03331387480256 0]","""""","9.9","92.08697132126824","2","false","0","""done""","0","146.98183598193023","22.155176086738724","39.72335615315242","38.12146776010887","""Clay loam""","""D""","""woods-grass combination or tree farm | lightly or only occasionally grazed | good""","79","0.5631466049204898","0.306","0.15638983540754275","0.14961016459245724","1","7.2375519172233","43.49470664368795","49.26774143908875","""wood-grass""","17.53661292804556"
"5","46","[127.68500656597985 227.68500656597985 0]","""""","9.9","89.9929309542505","4","true","5","""done""","0.005901176649031781","144.1108818906749","23.921235566826358","40.28947197419041","35.789292458983226","""Clay loam""","""D""","""woods-grass combination or tree farm | lightly or only occasionally grazed | good""","79","0.5526518160654246","0.306","0.16618497167227048","0.13981502832772952","1","0.2729377906510422","49.84737030260629","49.87969190674267","""wood-grass""","17.506015404662865"
"6","46","[123.87472198233831 223.87472198233831 0]","""""","9.9","88.50107768792668","2","true","2","""done""","0.002364662728699396","184.0744346552983","19.36958168740295","42.2140852341766","38.41633307842044","""Silty clay loam""","""D""","""woods-grass combination or tree farm | lightly or only occasionally grazed | good""","79","0.564473498852892","0.2365","0.08565140107063415","0.15084859892936583","0.6506294252061906","4.46554699695929","46.02194743691256","49.51250556612814","""wood-grass""","17.524374721693594"
"7","46","[119.64592715588759 219.6459271558876 0]","""""","9.9","86.8453637285183","2","true","5","""done""","0.005901176649031781","159.86305931455254","21.791239709941568","40.59540413777052","37.613356152287906","""Clay loam""","""D""","""woods-grass combination or tree farm | lightly or only occasionally grazed | good""","79","0.5608601026852955","0.306","0.1585239041603908","0.1474760958396092","1","0.2729377906510422","49.84737030260629","49.87969190674267","""wood-grass""","17.506015404662865"
"8","46","[115.59454728622805 215.59454728622805 0]","""""","9.9","85.25911363118468","4","true","8","""done""","0.009425153993882662","129.90188344888136","20.01651414405725","42.70405997808071","37.27942587786204","""Clay loam""","""D""","""woods | used and managed but not planted | good""","77","0.5593574164503792","0.306","0.15992641131297944","0.14607358868702056","1","0","49.753108775600275","50.246891224399725","""woodland""","17.487655438780013"
"9","46","[111.84264252285166 211.84264252285166 0]","""""","9.9","83.79011800807308","4","true","2","""done""","0.002364662728699396","187.71639553711012","23.90246154648352","40.03330338347601","36.064235070040475","""Clay loam""","""D""","""woods-grass combination or tree farm | lightly or only occasionally grazed | good""","79","0.5538890578151822","0.306","0.16503021270583002","0.14096978729416998","0.9358651540625004","4.46554699695929","46.02194743691256","49.51250556612814","""wood-grass""","17.524374721693594"
"10","46","[108.23252083399504 208.23252083399504 0]","""""","9.9","82.37663517887191","4","false","0","""done""","0","160.9822362006829","23.22515486503859","38.596601386107366","38.178243748854044","""Clay loam""","""D""","""woods-grass combination or tree farm | lightly or only occasionally grazed | good""","79","0.5634020968698432","0.306","0.15615137625481304","0.14984862374518695","1","7.2375519172233","43.49470664368795","49.26774143908875","""wood-grass""","17.53661292804556"
"11","46","[103.54792540924177 203.54792540924177 0]","""""","9.9","80.54246011073445","2","true","3","""done""","0.003544896404737763","186.7809800067057","19.601072230946958","39.905085975886514","40.493841793166524","""Clay""","""D""","""woods-grass combination or tree farm | lightly or only occasionally grazed | good""","79","0.5738222880692494","0.357","0.1974258644687006","0.15957413553129937","0.5075763000731037","3.0709855053506487","47.29411736840723","49.63489712624213","""wood-grass""","17.518255143687888"
"12","46","[97.92780047623617 197.92780047623617 0]","""""","9.9","78.34199409450862","4","true","7","""done""","0.008251885085253763","150.8671294732757","23.175993648857855","36.4112117207778","40.412794630364345","""Clay""","""D""","""woods | used and managed but not planted | good""","77","0.5734575758366396","0.357","0.19776626255246976","0.15923373744753022","0.6284046040169784","0","49.87550754506712","50.12449245493288","""woodland""","17.493775377253357"
"13","46","[95.6282526576685 195.6282526576685 0]","""""","9.9","77.4416445670937","4","false","0","""done""","0","152.5312737402522","23.519189706965793","44.39936794256502","32.08144235046918","""Clay loam""","""D""","""woods-grass combination or tree farm | lightly or only occasionally grazed | good""","79","0.5359664905771113","0.306","0.18175794212802943","0.12424205787197055","1","7.2375519172233","43.49470664368795","49.26774143908875","""wood-grass""","17.53661292804556"
"14","46","[91.18861141583574 191.18861141583574 0]","""""","9.9","75.70337721657359","2","true","3","""done""","0.003544896404737763","167.9356194264963","17.882846373860655","43.442394858785015","38.674758767354334","""Silty clay loam""","""D""","""woods-grass combination or tree farm | lightly or only occasionally grazed | good""","79","0.5656364144530945","0.2365","0.08456601317711179","0.1519339868228882","0.713155696355119","3.0709855053506487","47.29411736840723","49.63489712624213","""wood-grass""","17.518255143687888"
"15","46","[87.1716823800794 187.1716823800794 0]","""""","9.9","74.13061576764873","2","true","4","""done""","0.004723733827578291","179.4308120722248","25.770763371567067","40.11595235789045","34.11328427054249","""Clay loam""","""D""","""woods-grass combination or tree farm | lightly or only occasionally grazed | good""","79","0.5451097792174412","0.306","0.17322420606372155","0.13277579393627845","0.9790806350398779","1.672896220173925","48.569810717776754","49.75729306204932","""wood-grass""","17.512135346897534"
"16","46","[82.6800524707771 182.6800524707771 0]","""""","9.9","72.37199312300986","4","true","9","""done""","0.010597034888850443","139.66990872089528","23.862272589974914","39.19693125317471","36.94079615685038","""Clay loam""","""D""","""woods | used and managed but not planted | good""","77","0.5578335827058267","0.306","0.1613486561412284","0.1446513438587716","1","0","49.63071296516659","50.36928703483341","""woodland""","17.48153564825833"
"17","46","[78.12169682312151 178.1216968231215 0]","""""","9.9","70.5872451303753","4","true","1","""done""","0.0011830311456955123","174.5751711387879","19.42630663535731","38.685162592726016","41.88853077191666","""Clay""","""D""","""woods-grass combination or tree farm | lightly or only occasionally grazed | good""","79","0.5800983884736249","0.357","0.19156817075795002","0.16543182924204997","0.5430646187392892","5.854940353061892","44.75493979863351","49.39011984830461","""wood-grass""","17.530494007584768"
"18","46","[73.56839650767148 173.56839650767148 0]","""""","9.9","68.8044764686011","4","false","0","""done""","0","138.3432623203698","26.366784438782396","38.89257824225869","34.74063731895892","""Clay loam""","""D""","""woods-grass combination or tree farm | lightly or only occasionally grazed | good""","79","0.5479328679353151","0.306","0.17058932326037257","0.13541067673962742","1","7.2375519172233","43.49470664368795","49.26774143908875","""wood-grass""","17.53661292804556"
"19","46","[69.27587796296632 169.27587796296632 0]","""""","9.9","67.12381255200887","4","false","0","""done""","0","147.546507051553","24.32124440791598","39.6004665308098","36.07828906127421","""Clay loam""","""D""","""woods-grass combination or tree farm | lightly or only occasionally grazed | good""","79","0.553952300775734","0.306","0.1649711859426483","0.14102881405735168","1","7.2375519172233","43.49470664368795","49.26774143908875","""wood-grass""","17.53661292804556"
"20","46","[65.67866845889904 165.67866845889904 0]","""""","9.9","65.71538527302462","4","true","8","""done""","0.009425153993882662","132.14208818561914","25.58255951471445","41.271940915502384","33.14549956978317","""Clay loam""","""D""","""woods | used and managed but not planted | good""","77","0.5407547480640242","0.306","0.1772889018069107","0.1287110981930893","1","0","49.753108775600275","50.246891224399725","""woodland""","17.487655438780013"
"21","46","[60.91568054782323 160.91568054782323 0]","""""","9.9","63.850516936652646","2","true","1","""done""","0.0011830311456955123","143.23475854980697","24.439295580662467","42.103457778676244","33.457246640661296","""Clay loam""","""D""","""woods-grass combination or tree farm | lightly or only occasionally grazed | good""","79","0.5421576098829758","0.306","0.17597956410922258","0.1300204358907774","1","5.854940353061892","44.75493979863351","49.39011984830461","""wood-grass""","17.530494007584768"
"22","46","[56.778060799821446 156.77806079982145 0]","""""","9.9","62.230501055853765","4","true","3","""done""","0.003544896404737763","141.7478878232078","24.790628566667195","40.71603628742336","34.493335145909455","""Clay loam""","""D""","""woods-grass combination or tree farm | lightly or only occasionally grazed | good""","79","0.5468200081565926","0.306","0.1716279923871803","0.1343720076128197","1","3.0709855053506487","47.29411736840723","49.63489712624213","""wood-grass""","17.518255143687888"
"23","46","[54.29908934179758 154.29908934179758 0]","""""","9.9","61.25990120022777","2","false","0","""done""","0","184.2667635694092","27.52046466158516","38.88422280044557","33.595312537969264","""Clay loam""","""D""","""woods-grass combination or tree farm | lightly or only occasionally grazed | good""","79","0.5427789064208617","0.306","0.1753996873405291","0.1306003126594709","0.9533853529870085","7.2375519172233","43.49470664368795","49.26774143908875","""wood-grass""","17.53661292804556"
"24","46","[47.6847317365681 147.6847317365681 0]","""""","9.9","58.67015999287553","2","true","7","""done""","0.008251885085253763","155.91591134150343","26.693824234376986","38.417931248317366","34.88824451730566","""Clay loam""","""D""","""woods | used and managed but not planted | good""","77","0.5485971003278755","0.306","0.16996937302731624","0.13603062697268375","1","0","49.87550754506712","50.12449245493288","""woodland""","17.493775377253357"
"25","46","[44.4947982627468 144.4947982627468 0]","""""","9.9","57.42119483874841","4","true","10","""done""","0.011767529412220479","165.32196860586174","19.386216764121517","43.02863156507979","37.5851516707987","""Silty clay loam""","""D""","""woods | used and managed but not planted | good""","77","0.5607331825185942","0.2365","0.08914236298264547","0.14735763701735452","0.7244303018218765","0","49.508321580567106","50.491678419432894","""woodland""","17.475416079028356"
"26","46","[40.15913104354087 140.15913104354087 0]","""""","9.9","55.72363677958534","2","true","2","""done""","0.002364662728699396","153.81922300973903","20.2561917391245","41.72885379734183","38.01495446353366","""Clay loam""","""D""","""woods-grass combination or tree farm | lightly or only occasionally grazed | good""","79","0.5626672950859015","0.306","0.15683719125315862","0.14916280874684137","1","4.46554699695929","46.02194743691256","49.51250556612814","""wood-grass""","17.524374721693594"
"27","46","[34.86057522314337 134.86057522314337 0]","""""","9.9","53.64907577661046","4","true","5","""done""","0.005901176649031781","176.24548218237354","21.850331684476625","42.05169838620105","36.09796992932231","""Clay loam""","""D""","""woods-grass combination or tree farm | lightly or only occasionally grazed | good""","79","0.5540408646819504","0.306","0.1648885262968463","0.1411114737031537","0.9967758109544578","0.2729377906510422","49.84737030260629","49.87969190674267","""wood-grass""","17.506015404662865"
"28","46","[31.496817296521158 131.49681729652116 0]","""""","9.9","52.33205256225568","4","false","0","""done""","0","161.45443314979133","21.20042210346098","39.58603517596626","39.21354272057276","""Clay loam""","""D""","""woods-grass combination or tree farm | lightly or only occasionally grazed | good""","79","0.5680609422425774","0.306","0.1518031205735944","0.1541968794264056","1","7.2375519172233","43.49470664368795","49.26774143908875","""wood-grass""","17.53661292804556"
"29","46","[27.297565516167793 127.2975655161678 0]","""""","9.9","50.687905688940226","2","true","2","""done""","0.002364662728699396","148.39136939662484","19.84447943988736","40.70612176165243","39.44939879846021","""Silty clay loam""","""D""","""woods-grass combination or tree farm | lightly or only occasionally grazed | good""","79","0.569122294593071","0.2365","0.08131252504646713","0.15518747495353286","0.8070836201721531","4.46554699695929","46.02194743691256","49.51250556612814","""wood-grass""","17.524374721693594"
"30","46","[22.363460531118847 122.36346053111885 0]","""""","9.9","48.756039321285606","4","true","4","""done""","0.004723733827578291","155.8518276411552","24.773729416878197","38.79015762167918","36.436112961442625","""Clay loam""","""D""","""woods-grass combination or tree farm | lightly or only occasionally grazed | good""","79","0.5555625083264918","0.306","0.163468325561941","0.142531674438059","1","1.672896220173925","48.569810717776754","49.75729306204932","""wood-grass""","17.512135346897534"
"31","46","[20.12762063360293 120.12762063360293 0]","""""","9.9","47.88063356592378","2","true","1","""done""","0.0011830311456955123","162.8028165684141","21.160701656620507","42.012531563448604","36.82676677993089","""Clay loam""","""D""","""woods-grass combination or tree farm | lightly or only occasionally grazed | good""","79","0.557320450509689","0.306","0.16182757952429028","0.14417242047570972","1","5.854940353061892","44.75493979863351","49.39011984830461","""wood-grass""","17.530494007584768"
"32","46","[15.696050389246793 115.69605038924679 0]","""""","9.9","46.14552627961507","4","true","3","""done""","0.003544896404737763","181.10984546080593","21.44833539083404","42.96212166260955","35.589542946556406","""Clay loam""","""D""","""woods-grass combination or tree farm | lightly or only occasionally grazed | good""","79","0.5517529432595039","0.306","0.1670239196244631","0.13897608037553688","0.9700037730274207","3.0709855053506487","47.29411736840723","49.63489712624213","""wood-grass""","17.518255143687888"
"33","46","[13.313300044635724 113.31330004463572 0]","""""","9.9","45.212600193279286","4","false","0","""done""","0","165.26501672215437","23.228997731170562","37.65095109974724","39.120051169082195","""Clay loam""","""D""","""woods-grass combination or tree farm | lightly or only occasionally grazed | good""","79","0.5676402302608698","0.306","0.1521957850898548","0.1538042149101452","1","7.2375519172233","43.49470664368795","49.26774143908875","""wood-grass""","17.53661292804556"
"34","46","[9.719458458363235 109.71945845836323 0]","""""","9.9","43.80549156623627","2","false","0","""done""","0","157.51532819336063","22.97452113887909","42.64732570604073","34.37815315508018","""Clay loam""","""D""","""woods-grass combination or tree farm | lightly or only occasionally grazed | good""","79","0.5463016891978608","0.306","0.17211175674866327","0.13388824325133672","1","7.2375519172233","43.49470664368795","49.26774143908875","""wood-grass""","17.53661292804556"
"35","46","[7.833182405036737 107.83318240503674 0]","""""","9.9","43.066951693538854","128","true","155","""done""","0.1676301280483845","203.85612375478064","23.065431694898926","45.20508058825876","31.729487716842325","""Clay loam""","""D""","""woods | used and managed but not planted | good""","77","0.5343826947257905","0.306","0.1832361515892622","0.12276384841073777","0.8617706949079326","0","32.52845343818291","67.47154656181709","""woodland""","16.626422671909147"
"36","46","[11.863598559317424 111.86359855931742 0]","""""","9.9","44.64499379837856","32","true","12","""done""","0.014104365902709914","126.50221963973735","24.467423550882046","40.826390788073205","34.70618566104474","""Clay loam""","""D""","""woods | used and managed but not planted | good""","77","0.5477778354747014","0.306","0.1707340202236121","0.1352659797763879","1","0","49.26355795494361","50.73644204505639","""woodland""","17.46317789774718"
"37","46","[14.762289362059974 114.76228936205997 0]","""""","9.9","45.779927750740036","64","false","0","""done""","0","159.1251168791321","25.51658599280206","38.024074901036975","36.45933910616097","""Clay loam""","""D""","""woods-grass combination or tree farm | lightly or only occasionally grazed | good""","79","0.5556670259777243","0.306","0.16337077575412395","0.14262922424587604","1","7.2375519172233","43.49470664368795","49.26774143908875","""wood-grass""","17.53661292804556"
"38","46","[18.05782229875163 118.05782229875163 0]","""""","9.9","47.07023861019361","64","true","1","""done""","0.0011830311456955123","155.57419952970199","19.93234793837225","45.03086876506713","35.03678329656063","""Silty clay loam""","""D""","""woods-grass combination or tree farm | lightly or only occasionally grazed | good""","79","0.5492655248345228","0.2365","0.09984551015444537","0.13665448984555462","0.7698207284818201","5.854940353061892","44.75493979863351","49.39011984830461","""wood-grass""","17.530494007584768"
"39","46","[21.47466550016523 121.47466550016523 0]","""""","9.9","48.40804647694186","64","true","26","""done""","0.030308227669653354","137.87387396626846","29.376422756137913","37.10674991770005","33.516827326162044","""Clay loam""","""D""","""woods | used and managed but not planted | good""","77","0.5424257229677292","0.306","0.17572932523011942","0.13027067476988058","1","0","47.551856611550924","52.448143388449076","""woodland""","17.377592830577544"
"40","46","[26.53831135736357 126.53831135736357 0]","""""","9.9","50.39063240871203","32","true","22","""done""","0.02570592177432951","190.93757921994484","27.73899562209675","37.19145500403301","35.069549373870224","""Clay loam""","""D""","""woods | used and managed but not planted | good""","77","0.549412972182416","0.306","0.16920789262974506","0.13679210737025493","0.9200767818839302","0","48.040503595523745","51.959496404476255","""woodland""","17.40202517977619"
"41","46","[31.325194024797383 131.32519402479738 0]","""""","9.9","52.264856337701346","64","true","1","""done""","0.0011830311456955123","163.5655567818607","24.449519660888377","41.37365178174314","34.176828557368474","""Clay loam""","""D""","""woods-grass combination or tree farm | lightly or only occasionally grazed | good""","79","0.5453957285081581","0.306","0.17295732005905243","0.13304267994094757","1","5.854940353061892","44.75493979863351","49.39011984830461","""wood-grass""","17.530494007584768"
"42","46","[35.198610926817025 135.19861092681703 0]","""""","9.9","53.781428008468595","64","true","17","""done""","0.01992231019702717","161.99773756587513","26.101042738685454","37.86136149933135","36.03759576198319","""Clay loam""","""D""","""woods | used and managed but not planted | good""","77","0.5537691809289244","0.306","0.16514209779967062","0.14085790220032937","1","0","48.65182896075311","51.34817103924689","""woodland""","17.432591448037655"
"43","46","[39.94758993397937 139.94758993397937 0]","""""","9.9","55.64081139257462","32","false","0","""done""","0","157.10505887719097","22.830449979539747","41.03187585683457","36.137674163625675","""Clay loam""","""D""","""woods-grass combination or tree farm | lightly or only occasionally grazed | good""","79","0.5542195337363155","0.306","0.16472176851277218","0.14127823148722782","1","7.2375519172233","43.49470664368795","49.26774143908875","""wood-grass""","17.53661292804556"
"44","46","[45.292962074245224 145.29296207424522 0]","""""","9.9","57.733702543384844","64","false","0","""done""","0","160.02310927700807","26.32942333487428","36.142877937706295","37.52769872741942","""Clay loam""","""D""","""woods-grass combination or tree farm | lightly or only occasionally grazed | good""","79","0.5604746442733874","0.306","0.15888366534483844","0.14711633465516155","1","7.2375519172233","43.49470664368795","49.26774143908875","""wood-grass""","17.53661292804556"
"45","46","[48.79612456157989 148.7961245615799 0]","""""","9.9","59.1053072843091","64","false","0","""done""","0","148.33301152091457","23.172375367970456","40.26848727410692","36.55913735792263","""Clay loam""","""D""","""woods-grass combination or tree farm | lightly or only occasionally grazed | good""","79","0.5561161181106518","0.306","0.16295162309672498","0.14304837690327502","1","7.2375519172233","43.49470664368795","49.26774143908875","""wood-grass""","17.53661292804556"
"46","46","[52.89067684899197 152.89067684899197 0]","""""","9.9","60.70846082048709","64","true","4","""done""","0.004723733827578291","151.92751375096964","23.799307955707377","38.80097481989921","37.399717224393406","""Clay loam""","""D""","""woods-grass combination or tree farm | lightly or only occasionally grazed | good""","79","0.5598987275097703","0.306","0.1594211876575477","0.1465788123424523","1","1.672896220173925","48.569810717776754","49.75729306204932","""wood-grass""","17.512135346897534"
"47","46","[57.97007019858515 157.97007019858515 0]","""""","9.9","62.69721241979467","32","true","1","""done""","0.0011830311456955123","138.1147085144165","21.597392614560572","40.71376598961434","37.68884139582507","""Clay loam""","""D""","""woods-grass combination or tree farm | lightly or only occasionally grazed | good""","79","0.5611997862812128","0.306","0.1582068661375347","0.1477931338624653","1","5.854940353061892","44.75493979863351","49.39011984830461","""wood-grass""","17.530494007584768"
"48","46","[60.85609155288944 160.85609155288944 0]","""""","9.9","63.82718586130185","32","false","0","""done""","0","157.28702071533067","25.77177521006914","40.339706278232974","33.88851851169789","""Clay loam""","""D""","""woods-grass combination or tree farm | lightly or only occasionally grazed | good""","79","0.5440983333026405","0.306","0.1741682222508689","0.1318317777491311","1","7.2375519172233","43.49470664368795","49.26774143908875","""wood-grass""","17.53661292804556"
"49","46","[68.59451236623829 168.5945123662383 0]","""""","9.9","66.85703523689611","2","false","0","""done""","0","139.09266409060783","24.147998966820055","42.335822671578725","33.516178361601206","""Clay loam""","""D""","""woods-grass combination or tree farm | lightly or only occasionally grazed | good""","79","0.5424228026272054","0.306","0.17573205088127494","0.13026794911872505","1","7.2375519172233","43.49470664368795","49.26774143908875","""wood-grass""","17.53661292804556"
"0","45","[146.22571985565037 246.22571985565037 0]","""""","9.9","97.25223746377466","32","false","0","""done""","0","170.21509920437876","28.833504826281903","35.099504291739386","36.06699088197871","""Clay loam""","""D""","""woods-grass combination or tree farm | lightly or only occasionally grazed | good""","79","0.5539014589689042","0.306","0.1650186382956894","0.14098136170431058","1","7.2375519172233","43.49470664368795","49.26774143908875","""wood-grass""","17.53661292804556"
"1","45","[142.10727944346644 242.10727944346644 0]","""45""","9.9","95.63973093146609","4","false","0","""done""","0","169.9981320952295","22.729256830468472","38.7521098562336","38.51863331329793","""Clay loam""","""D""","""woods-grass combination or tree farm | lightly or only occasionally grazed | good""","79","0.5649338499098406","0.306","0.15472174008414868","0.1512782599158513","1","7.2375519172233","43.49470664368795","49.26774143908875","""wood-grass""","17.53661292804556"
"2","45","[138.8840236945049 238.8840236945049 0]","""""","9.9","94.37771899725783","4","false","0","""done""","0","125.07438607082082","24.852763405738287","42.97882672662972","32.16840986763199","""Clay loam""","""D""","""woods-grass combination or tree farm | lightly or only occasionally grazed | good""","79","0.536357844404344","0.306","0.18139267855594565","0.12460732144405436","1","7.2375519172233","43.49470664368795","49.26774143908875","""wood-grass""","17.53661292804556"
"3","45","[134.38008273463763 234.38008273463763 0]","""""","9.9","92.61427616646381","4","false","0","""done""","0","172.30342807098134","24.647543337476645","40.88308582578906","34.469370836734306","""Clay loam""","""D""","""woods-grass combination or tree farm | lightly or only occasionally grazed | good""","79","0.5467121687653044","0.306","0.17172864248571593","0.13427135751428407","1","7.2375519172233","43.49470664368795","49.26774143908875","""wood-grass""","17.53661292804556"
"4","45","[129.96933540242958 229.96933540242958 0]","""""","9.9","90.88732174349656","4","true","6","""done""","0.00707722651895526","150.33809251185124","22.46575296130592","42.36072232217245","35.17352471652165","""Clay loam""","""D""","""woods | used and managed but not planted | good""","77","0.5498808612243474","0.306","0.1687711961906091","0.1372288038093909","1","0","49.997907806624276","50.002092193375724","""woodland""","17.499895390331215"
"5","45","[125.79515249462219 225.7951524946222 0]","""""","9.9","89.25299016837467","4","false","0","""done""","0","156.3655344176786","26.966298181562415","39.18827498172871","33.845426836708874","""Clay loam""","""D""","""woods-grass combination or tree farm | lightly or only occasionally grazed | good""","79","0.54390442076519","0.306","0.17434920728582273","0.13165079271417726","1","7.2375519172233","43.49470664368795","49.26774143908875","""wood-grass""","17.53661292804556"
"6","45","[121.33669988677684 221.33669988677684 0]","""""","9.9","87.50735754179345","4","true","6","""done""","0.00707722651895526","152.59767682140168","25.521553901468415","41.785268741425334","32.69317735710625","""Clay loam""","""D""","""woods | used and managed but not planted | good""","77","0.5387192981069782","0.306","0.17918865510015375","0.12681134489984625","1","0","49.997907806624276","50.002092193375724","""woodland""","17.499895390331215"
"7","45","[117.97962449703803 217.97962449703803 0]","""""","9.9","86.19295076310325","4","false","0","""done""","0","159.7728669438513","25.754236245119834","37.03287851892954","37.21288523595063","""Clay loam""","""D""","""woods-grass combination or tree farm | lightly or only occasionally grazed | good""","79","0.5590579835617778","0.306","0.16020588200900737","0.14579411799099262","1","7.2375519172233","43.49470664368795","49.26774143908875","""wood-grass""","17.53661292804556"
"8","45","[114.25496920535633 214.25496920535633 0]","""""","9.9","84.73462421534836","2","false","0","""done""","0","166.75470005883432","19.099236265302245","42.61741757898132","38.283346155716444","""Silty clay loam""","""D""","""woods-grass combination or tree farm | lightly or only occasionally grazed | good""","79","0.563875057700724","0.2365","0.08620994614599095","0.15029005385400904","0.7182061049714105","7.2375519172233","43.49470664368795","49.26774143908875","""wood-grass""","17.53661292804556"
"9","45","[108.90786815195008 208.90786815195008 0]","""""","9.9","82.64105613748477","2","true","10","""done""","0.011767529412220479","149.646573964458","16.738498889446987","46.115398519239825","37.14610259131319","""Silty clay loam""","""D""","""woods | used and managed but not planted | good""","77","0.5587574616609093","0.2365","0.09098636911648461","0.14551363088351538","0.8003139693888078","0","49.508321580567106","50.491678419432894","""woodland""","17.475416079028356"
"10","45","[105.71891854738408 205.71891854738408 0]","""""","9.9","81.39247620092603","2","true","14","""done""","0.01643567656304723","159.75236128790073","24.910916953137576","35.4773992586994","39.61168378816303","""Clay loam""","""D""","""woods | used and managed but not planted | good""","77","0.5698525770467336","0.306","0.1501309280897153","0.1558690719102847","1","0","49.01882962762967","50.98117037237033","""woodland""","17.450941481381484"
"11","45","[101.54302782828393 201.54302782828393 0]","""""","9.9","79.75747596082664","2","true","16","""done""","0.018761474459957017","179.41037530532796","25.616789582367534","39.86163057853853","34.52157983909394","""Clay loam""","""D""","""woods | used and managed but not planted | good""","77","0.5469471092759227","0.306","0.17150936467580546","0.13449063532419453","0.97919216283016","0","48.77414832075861","51.22585167924139","""woodland""","17.438707416037932"
"12","45","[96.87753109452916 196.87753109452916 0]","""""","9.9","77.93077866604787","4","true","17","""done""","0.01992231019702717","133.4132119555299","20.636586590093767","42.190078811318166","37.17333459858807","""Clay loam""","""D""","""woods | used and managed but not planted | good""","77","0.5588800056936463","0.306","0.1603719946859301","0.14562800531406989","1","0","48.65182896075311","51.34817103924689","""woodland""","17.432591448037655"
"13","45","[93.99889611965699 193.998896119657 0]","""""","9.9","76.80369723799541","2","true","8","""done""","0.009425153993882662","166.87242261256887","26.031651136014528","34.42980402948719","39.53854483449829","""Clay loam""","""D""","""woods | used and managed but not planted | good""","77","0.5695234517552423","0.306","0.1504381116951072","0.1555618883048928","1","0","49.753108775600275","50.246891224399725","""woodland""","17.487655438780013"
"14","45","[88.79168526491532 188.79168526491532 0]","""""","9.9","74.76490083012737","4","true","10","""done""","0.011767529412220479","167.76388096723792","27.984416807441743","37.9732300173288","34.04235317522945","""Clay loam""","""D""","""woods | used and managed but not planted | good""","77","0.5447905892885325","0.306","0.17352211666403633","0.13247788333596366","1","0","49.508321580567106","50.491678419432894","""woodland""","17.475416079028356"
"15","45","[86.32972986606575 186.32972986606575 0]","""""","9.9","73.80096332816602","2","false","0","""done""","0","150.80820482394864","27.928669983061912","38.57719997066163","33.49413004627645","""Clay loam""","""D""","""woods-grass combination or tree farm | lightly or only occasionally grazed | good""","79","0.542323585208244","0.306","0.17582465380563891","0.13017534619436108","1","7.2375519172233","43.49470664368795","49.26774143908875","""wood-grass""","17.53661292804556"
"16","45","[81.19704011735689 181.1970401173569 0]","""""","9.9","71.79134441426326","2","true","1","""done""","0.0011830311456955123","120.10357813107137","25.451794876848762","42.35896611816187","32.18923900498937","""Clay loam""","""D""","""woods-grass combination or tree farm | lightly or only occasionally grazed | good""","79","0.5364515755224522","0.306","0.18130519617904467","0.12469480382095534","1","5.854940353061892","44.75493979863351","49.39011984830461","""wood-grass""","17.530494007584768"
"17","45","[76.144354588743 176.144354588743 0]","""""","9.9","69.81304981602469","2","true","12","""done""","0.014104365902709914","145.56214612783896","22.1930059586254","36.831315152728976","40.975678888645625","""Clay""","""D""","""woods | used and managed but not planted | good""","77","0.5759905549989053","0.357","0.19540214866768837","0.1615978513323116","0.6513066843117968","0","49.26355795494361","50.73644204505639","""woodland""","17.46317789774718"
"18","45","[71.18214023874333 171.18214023874333 0]","""""","9.9","67.87017769617611","4","true","15","""done""","0.017599263791468034","148.389870889836","25.566495475036195","41.47705387493417","32.95645065002963","""Clay loam""","""D""","""woods | used and managed but not planted | good""","77","0.5399040279251334","0.306","0.17808290726987555","0.12791709273012444","1","0","48.89648236433116","51.10351763566884","""woodland""","17.44482411821656"
"19","45","[67.09768660677986 167.09768660677986 0]","""""","9.9","66.27097811981025","4","true","1","""done""","0.0011830311456955123","132.55915567406","19.51662813642918","43.391265406872634","37.092106456698176","""Silty clay loam""","""D""","""woods-grass combination or tree farm | lightly or only occasionally grazed | good""","79","0.5585144790551417","0.2365","0.09121315288186768","0.1452868471181323","0.9034777191053535","5.854940353061892","44.75493979863351","49.39011984830461","""wood-grass""","17.530494007584768"
"20","45","[62.913823071232 162.913823071232 0]","""""","9.9","64.63285625664092","2","true","1","""done""","0.0011830311456955123","167.09540547338992","27.651199634149606","39.57882553242866","32.769974833421735","""Clay loam""","""D""","""woods-grass combination or tree farm | lightly or only occasionally grazed | good""","79","0.5390648867503978","0.306","0.1788661056996287","0.12713389430037128","1","5.854940353061892","44.75493979863351","49.39011984830461","""wood-grass""","17.530494007584768"
"21","45","[58.00055285265722 158.00055285265722 0]","""""","9.9","62.70914739369108","4","true","11","""done""","0.012936639204113476","146.9779816801504","25.728992531797577","41.14854386326774","33.12246360493469","""Clay loam""","""D""","""woods | used and managed but not planted | good""","77","0.540651086222206","0.306","0.17738565285927432","0.12861434714072567","1","0","49.385936088390636","50.614063911609364","""woodland""","17.469296804419532"
"22","45","[55.14296500087744 155.14296500087744 0]","""""","9.9","61.590306615029164","4","false","0","""done""","0","157.61668944113353","28.568442082530233","42.48745342874399","28.944104488725777","""Clay loam""","""D""","""woods-grass combination or tree farm | lightly or only occasionally grazed | good""","79","0.5218484701992661","0.306","0.19493476114735173","0.11106523885264827","1","7.2375519172233","43.49470664368795","49.26774143908875","""wood-grass""","17.53661292804556"
"23","45","[50.88159925713006 150.88159925713006 0]","""""","9.9","59.921840057149595","4","true","4","""done""","0.004723733827578291","129.40806534693323","25.817932914295678","36.445737761338926","37.7363293243654","""Clay loam""","""D""","""woods-grass combination or tree farm | lightly or only occasionally grazed | good""","79","0.5614134819596444","0.306","0.15800741683766534","0.14799258316233466","1","1.672896220173925","48.569810717776754","49.75729306204932","""wood-grass""","17.512135346897534"
"24","45","[47.68354440957634 147.68354440957634 0]","""""","9.9","58.66969511482982","4","false","0","""done""","0","149.0677152861972","23.933308683254328","38.5374903589903","37.52920095775538","""Clay loam""","""D""","""woods-grass combination or tree farm | lightly or only occasionally grazed | good""","79","0.5604814043098992","0.306","0.15887735597742741","0.14712264402257258","1","7.2375519172233","43.49470664368795","49.26774143908875","""wood-grass""","17.53661292804556"
"25","45","[43.35366145551788 143.35366145551788 0]","""""","9.9","56.97440178804148","4","false","0","""done""","0","169.42549222198062","21.991339871609842","41.46940323131035","36.5392568970798","""Clay loam""","""D""","""woods-grass combination or tree farm | lightly or only occasionally grazed | good""","79","0.5560266560368591","0.306","0.16303512103226483","0.14296487896773516","1","7.2375519172233","43.49470664368795","49.26774143908875","""wood-grass""","17.53661292804556"
"26","45","[37.638668691260676 137.63866869126068 0]","""""","9.9","54.73679185754495","2","true","11","""done""","0.012936639204113476","185.62070844819004","22.47331495454765","36.473359876613934","41.053325168838406","""Clay""","""D""","""woods | used and managed but not planted | good""","77","0.5763399632597728","0.357","0.1950760342908787","0.1619239657091213","0.5107490406022985","0","49.385936088390636","50.614063911609364","""woodland""","17.469296804419532"
"27","45","[33.021469329495005 133.021469329495 0]","""""","9.9","52.92900459181392","4","true","12","""done""","0.014104365902709914","182.05311191661818","25.840603244340773","38.54482822147207","35.614568534187164","""Clay loam""","""D""","""woods | used and managed but not planted | good""","77","0.5518655584038422","0.306","0.16691881215641394","0.13908118784358606","0.964977920892978","0","49.26355795494361","50.73644204505639","""woodland""","17.46317789774718"
"28","45","[28.909315872502646 128.90931587250265 0]","""""","9.9","51.31895961176789","2","true","6","""done""","0.00707722651895526","155.3260464630411","22.819908720647025","37.78629994131707","39.3937913380359","""Clay loam""","""D""","""woods | used and managed but not planted | good""","77","0.5688720610211615","0.306","0.15104607638024922","0.15495392361975077","1","0","49.997907806624276","50.002092193375724","""woodland""","17.499895390331215"
"29","45","[24.881877146035563 124.88187714603556 0]","""""","9.9","49.7420832690416","2","true","8","""done""","0.009425153993882662","181.682761075201","23.44902004488844","41.018264404135536","35.53271555097602","""Clay loam""","""D""","""woods | used and managed but not planted | good""","77","0.551497219979392","0.306","0.1672625946859007","0.13873740531409928","0.9669449781021304","0","49.753108775600275","50.246891224399725","""woodland""","17.487655438780013"
"30","45","[20.80333631337112 120.80333631337112 0]","""""","9.9","48.145198750449964","2","true","9","""done""","0.010597034888850443","138.61035665068272","21.649698932552845","41.0657768826968","37.284524184750346","""Clay loam""","""D""","""woods | used and managed but not planted | good""","77","0.5593803588313766","0.306","0.15990499842404857","0.14609500157595143","1","0","49.63071296516659","50.36928703483341","""woodland""","17.48153564825833"
"31","45","[17.104687852729086 117.10468785272909 0]","""""","9.9","46.697054742865376","4","true","15","""done""","0.017599263791468034","170.36518014656951","30.61263962542285","36.138943721485894","33.248416653091255","""Clay loam""","""D""","""woods | used and managed but not planted | good""","77","0.5412178749389106","0.306","0.17685665005701676","0.12914334994298324","1","0","48.89648236433116","51.10351763566884","""woodland""","17.44482411821656"
"32","45","[15.095504544372119 115.09550454437212 0]","""""","9.9","45.91039258800056","2","false","0","""done""","0","161.5868442838068","23.604408161326823","40.51951678644945","35.87607505222373","""Clay loam""","""D""","""woods-grass combination or tree farm | lightly or only occasionally grazed | good""","79","0.5530423377350068","0.306","0.16582048478066033","0.14017951521933966","1","7.2375519172233","43.49470664368795","49.26774143908875","""wood-grass""","17.53661292804556"
"33","45","[11.730748697877502 111.7307486978775 0]","""""","9.9","44.592978654793036","2","true","5","""done""","0.005901176649031781","158.86003097476393","26.723711347827305","37.78521044457805","35.491078207594654","""Clay loam""","""D""","""woods-grass combination or tree farm | lightly or only occasionally grazed | good""","79","0.5513098519341759","0.306","0.16743747152810246","0.13856252847189754","1","0.2729377906510422","49.84737030260629","49.87969190674267","""wood-grass""","17.506015404662865"
"34","45","[8.125528508572927 108.12552850857293 0]","""""","9.9","43.181414925847","1","true","113","""done""","0.12520145828795937","147.26888340448303","20.259979770787535","39.41492388207687","40.32509634713559","""Clay""","""D""","""woods | used and managed but not planted | good""","77","0.5730629335621101","0.357","0.1981345953420305","0.15886540465796947","0.6437585222632716","0","37.19272090774696","62.80727909225304","""woodland""","16.859636045387347"
"35","45","[10.239092317143488 110.23909231714349 0]","""""","9.9","44.0089455215765","128","true","1","""done""","0.0011830311456955123","161.17489928396122","26.21952090604468","40.73661503430714","33.043864059648186","""Clay loam""","""D""","""woods-grass combination or tree farm | lightly or only occasionally grazed | good""","79","0.5402973882684168","0.306","0.17771577094947763","0.12828422905052236","1","5.854940353061892","44.75493979863351","49.39011984830461","""wood-grass""","17.530494007584768"
"36","45","[13.265949122379723 113.26594912237972 0]","""""","9.9","45.19406073081122","64","true","24","""done""","0.02800979866790232","150.77868849446958","28.268146435856725","38.1633128775414","33.568540686601864","""Clay loam""","""D""","""woods | used and managed but not planted | good""","77","0.5426584330897084","0.306","0.17551212911627218","0.13048787088372782","1","0","47.796127377941986","52.203872622058014","""woodland""","17.389806368897098"
"37","45","[16.51473439334947 116.51473439334947 0]","""""","9.9","46.46606832281342","64","true","11","""done""","0.012936639204113476","144.69622953335676","23.425284065720557","38.88943406546481","37.68528186881463","""Clay loam""","""D""","""woods | used and managed but not planted | good""","77","0.5611837684096658","0.306","0.15822181615097858","0.14777818384902142","1","0","49.385936088390636","50.614063911609364","""woodland""","17.469296804419532"
"38","45","[21.136409500114837 121.13640950011484 0]","""""","9.9","48.27560799171813","32","true","10","""done""","0.011767529412220479","151.5303045283641","26.399145507111484","41.29700169537599","32.303852797512526","""Clay loam""","""D""","""woods | used and managed but not planted | good""","77","0.5369673375888063","0.306","0.1808238182504474","0.12517618174955258","1","0","49.508321580567106","50.491678419432894","""woodland""","17.475416079028356"
"39","45","[26.136811597147798 126.1368115971478 0]","""""","9.9","50.23343188587505","64","false","0","""done""","0","170.26476567005543","25.676486876739993","37.92426141854628","36.39925170471371","""Clay loam""","""D""","""woods-grass combination or tree farm | lightly or only occasionally grazed | good""","79","0.5553966326712116","0.306","0.1636231428402024","0.1423768571597976","1","7.2375519172233","43.49470664368795","49.26774143908875","""wood-grass""","17.53661292804556"
"40","45","[28.884422398281856 128.88442239828186 0]","""""","9.9","51.30921298785799","64","true","2","""done""","0.002364662728699396","141.70634230188676","21.08098134616167","43.85569998414753","35.0633186696908","""Clay loam""","""D""","""woods-grass combination or tree farm | lightly or only occasionally grazed | good""","79","0.5493849340136086","0.306","0.16923406158729865","0.13676593841270135","1","4.46554699695929","46.02194743691256","49.51250556612814","""wood-grass""","17.524374721693594"
"41","45","[34.20519147280595 134.20519147280595 0]","""""","9.9","53.39247121934612","64","true","21","""done""","0.02455193633400432","167.55894139308893","27.729157036832287","35.03453419820718","37.236308764960526","""Clay loam""","""D""","""woods | used and managed but not planted | good""","77","0.5591633894423224","0.306","0.1601075031871658","0.1458924968128342","1","0","48.162727607139544","51.837272392860456","""woodland""","17.40813638035698"
"42","45","[38.07239937690167 138.07239937690167 0]","""""","9.9","54.90661186071646","64","false","0","""done""","0","181.62309491043538","22.473003366810612","40.47591887729558","37.051077755893814","""Clay loam""","""D""","""woods-grass combination or tree farm | lightly or only occasionally grazed | good""","79","0.5583298499015221","0.306","0.160885473425246","0.145114526574754","0.9672626353825066","7.2375519172233","43.49470664368795","49.26774143908875","""wood-grass""","17.53661292804556"
"43","45","[41.54169979946718 141.54169979946718 0]","""""","9.9","56.264958475949214","64","true","15","""done""","0.017599263791468034","162.2587451108966","21.896171386248593","41.29309409946892","36.810734514282494","""Clay loam""","""D""","""woods | used and managed but not planted | good""","77","0.5572483053142712","0.306","0.16189491504001355","0.14410508495998645","1","0","48.89648236433116","51.10351763566884","""woodland""","17.44482411821656"
"44","45","[46.39530590089538 146.39530590089538 0]","""""","9.9","58.165306850700986","32","true","7","""done""","0.008251885085253763","161.2144344843569","16.70763752833522","44.413341311496374","38.8790211601684","""Silty clay loam""","""D""","""woods | used and managed but not planted | good""","77","0.5665555952207578","0.2365","0.08370811112729273","0.15279188887270725","0.7428878437467229","0","49.87550754506712","50.12449245493288","""woodland""","17.493775377253357"
"45","45","[50.51520140823453 150.51520140823453 0]","""""","9.9","59.7783831012058","32","true","6","""done""","0.00707722651895526","136.06424642382876","21.873676689740325","41.59598291593656","36.530340394323126","""Clay loam""","""D""","""woods | used and managed but not planted | good""","77","0.5559865317744541","0.306","0.16307257034384287","0.14292742965615712","1","0","49.997907806624276","50.002092193375724","""woodland""","17.499895390331215"
"46","45","[55.78463090503229 155.7846309050323 0]","""""","9.9","61.84154017881908","32","false","0","""done""","0","146.96467827038742","27.040242513931965","38.685624213081944","34.2741332729861","""Clay loam""","""D""","""woods-grass combination or tree farm | lightly or only occasionally grazed | good""","79","0.5458335997284374","0.306","0.1725486402534584","0.1334513597465416","1","7.2375519172233","43.49470664368795","49.26774143908875","""wood-grass""","17.53661292804556"
"47","45","[59.13679903609949 159.1367990360995 0]","""""","9.9","63.1540256023671","64","true","1","""done""","0.0011830311456955123","138.90158869902413","23.348478490942266","40.05697504302735","36.59454646603038","""Clay loam""","""D""","""woods-grass combination or tree farm | lightly or only occasionally grazed | good""","79","0.5562754590971367","0.306","0.16280290484267243","0.14319709515732756","1","5.854940353061892","44.75493979863351","49.39011984830461","""wood-grass""","17.530494007584768"
"48","45","[62.537647912381516 162.53764791238152 0]","""""","9.9","64.48557115834397","32","false","0","""done""","0","181.77655472512285","25.139461575509","37.080406989974755","37.78013143451624","""Clay loam""","""D""","""woods-grass combination or tree farm | lightly or only occasionally grazed | good""","79","0.5616105914553231","0.306","0.15782344797503178","0.1481765520249682","0.9664460507299677","7.2375519172233","43.49470664368795","49.26774143908875","""wood-grass""","17.53661292804556"
"49","45","[67.72466768900637 167.72466768900637 0]","""""","9.9","66.51646208692877","2","false","0","""done""","0","149.945626112659","20.14917159603146","43.45591770772943","36.394910696239116","""Clay loam""","""D""","""woods-grass combination or tree farm | lightly or only occasionally grazed | good""","79","0.555377098133076","0.306","0.16364137507579574","0.14235862492420426","1","7.2375519172233","43.49470664368795","49.26774143908875","""wood-grass""","17.53661292804556"
"0","44","[145.2149620430582 245.2149620430582 0]","""""","9.9","96.85649213003981","32","false","0","""done""","0","163.69281149501342","21.187960993244413","39.516197100631636","39.29584190612395","""Clay loam""","""D""","""woods-grass combination or tree farm | lightly or only occasionally grazed | good""","79","0.5684312885775578","0.306","0.15145746399427945","0.15454253600572054","1","7.2375519172233","43.49470664368795","49.26774143908875","""wood-grass""","17.53661292804556"
"1","44","[140.85502350444798 240.85502350444798 0]","""""","9.9","95.14943104129026","2","false","0","""done""","0","163.81761449149928","28.310841073967552","39.03426214605651","32.65489677997594","""Clay loam""","""D""","""woods-grass combination or tree farm | lightly or only occasionally grazed | good""","79","0.5385470355098918","0.306","0.17934943352410104","0.12665056647589895","1","7.2375519172233","43.49470664368795","49.26774143908875","""wood-grass""","17.53661292804556"
"2","44","[136.96139659662182 236.96139659662182 0]","""""","9.9","93.62494648041913","2","true","2","""done""","0.002364662728699396","140.21494768245395","24.7334997028364","39.68704364925849","35.579456647905104","""Clay loam""","""D""","""woods-grass combination or tree farm | lightly or only occasionally grazed | good""","79","0.551707554915573","0.306","0.16706628207879856","0.13893371792120143","1","4.46554699695929","46.02194743691256","49.51250556612814","""wood-grass""","17.524374721693594"
"3","44","[132.07465923568702 232.07465923568702 0]","""""","9.9","91.71162611456607","4","true","4","""done""","0.004723733827578291","158.03757253190204","25.62532733986852","37.45875972483768","36.915912935293804","""Clay loam""","""D""","""woods-grass combination or tree farm | lightly or only occasionally grazed | good""","79","0.5577216082088221","0.306","0.16145316567176604","0.14454683432823395","1","1.672896220173925","48.569810717776754","49.75729306204932","""wood-grass""","17.512135346897534"
"4","44","[127.93212298263538 227.93212298263538 0]","""""","9.9","90.0896852583601","2","true","1","""done""","0.0011830311456955123","164.9893944316208","24.761021952162334","41.77909332620436","33.45988472163331","""Clay loam""","""D""","""woods-grass combination or tree farm | lightly or only occasionally grazed | good""","79","0.5421694812473499","0.306","0.17596848416914013","0.13003151583085987","1","5.854940353061892","44.75493979863351","49.39011984830461","""wood-grass""","17.530494007584768"
"5","44","[124.00414555452573 224.00414555452573 0]","""""","9.9","88.55175132520196","4","true","9","""done""","0.010597034888850443","166.0716651638762","27.09920349427181","37.20804099262088","35.6927555131073","""Clay loam""","""D""","""woods | used and managed but not planted | good""","77","0.5522173998089829","0.306","0.16659042684494935","0.13940957315505065","1","0","49.63071296516659","50.36928703483341","""woodland""","17.48153564825833"
"6","44","[119.42618398648182 219.42618398648182 0]","""""","9.9","86.75932696201593","2","true","1","""done""","0.0011830311456955123","165.63674690333934","28.21513661252789","34.79771507377485","36.98714831369726","""Clay loam""","""D""","""woods-grass combination or tree farm | lightly or only occasionally grazed | good""","79","0.5580421674116377","0.306","0.1611539770824715","0.1448460229175285","1","5.854940353061892","44.75493979863351","49.39011984830461","""wood-grass""","17.530494007584768"
"7","44","[114.51676192548265 214.51676192548265 0]","""""","9.9","84.83712478086963","2","true","9","""done""","0.010597034888850443","165.45126429997083","24.506165514252302","36.352515335487524","39.14131915026019","""Clay loam""","""D""","""woods | used and managed but not planted | good""","77","0.5677359361761708","0.306","0.15210645956890723","0.15389354043109277","1","0","49.63071296516659","50.36928703483341","""woodland""","17.48153564825833"
"8","44","[110.90037913984071 210.9003791398407 0]","""""","9.9","83.42119052383285","4","true","11","""done""","0.012936639204113476","193.5430943340816","22.11148589140511","41.52168810958332","36.36682599901157","""Clay loam""","""D""","""woods | used and managed but not planted | good""","77","0.5552507169955521","0.306","0.16375933080415142","0.14224066919584857","0.9076905277031074","0","49.385936088390636","50.614063911609364","""woodland""","17.469296804419532"
"9","44","[108.03899915095033 208.03899915095033 0]","""""","9.9","82.30086499724447","2","false","0","""done""","0","165.26894196096154","24.339964468319398","37.79993075535489","37.86010477632571","""Clay loam""","""D""","""woods-grass combination or tree farm | lightly or only occasionally grazed | good""","79","0.5619704714934657","0.306","0.15748755993943203","0.14851244006056796","1","7.2375519172233","43.49470664368795","49.26774143908875","""wood-grass""","17.53661292804556"
"10","44","[104.64338507908832 204.64338507908832 0]","""""","9.9","80.97136904147493","2","true","1","""done""","0.0011830311456955123","144.5086925371969","20.674590081316897","41.29293592918248","38.032473989500616","""Clay loam""","""D""","""woods-grass combination or tree farm | lightly or only occasionally grazed | good""","79","0.5627461329527528","0.306","0.15676360924409743","0.14923639075590256","1","5.854940353061892","44.75493979863351","49.39011984830461","""wood-grass""","17.530494007584768"
"11","44","[100.56890121503821 200.5689012150382 0]","""""","9.9","79.37607296116022","2","true","2","""done""","0.002364662728699396","174.00179217371567","26.107366935982206","39.64221149751138","34.25042156650641","""Clay loam""","""D""","""woods-grass combination or tree farm | lightly or only occasionally grazed | good""","79","0.5457268970492788","0.306","0.1726482294206731","0.1333517705793269","1","4.46554699695929","46.02194743691256","49.51250556612814","""wood-grass""","17.524374721693594"
"12","44","[95.80003610438513 195.80003610438513 0]","""""","9.9","77.50890350549028","2","true","3","""done""","0.003544896404737763","172.98073481803357","22.714631619259045","43.08166934830725","34.2036990324337","""Clay loam""","""D""","""woods-grass combination or tree farm | lightly or only occasionally grazed | good""","79","0.5455166456459516","0.306","0.17284446406377849","0.1331555359362215","1","3.0709855053506487","47.29411736840723","49.63489712624213","""wood-grass""","17.518255143687888"
"13","44","[91.75586953137235 191.75586953137235 0]","""""","9.9","75.92547765393861","2","true","22","""done""","0.02570592177432951","171.45873177556143","25.324152528541198","36.34773268732607","38.328114784132715","""Clay loam""","""D""","""woods | used and managed but not planted | good""","77","0.5640765165285972","0.306","0.1555219179066426","0.1504780820933574","1","0","48.040503595523745","51.959496404476255","""woodland""","17.40202517977619"
"14","44","[87.92471008324273 187.92471008324273 0]","""""","9.9","74.42545118320263","4","true","23","""done""","0.026858542013937226","172.82050304481075","24.1321503483661","39.297157047260136","36.57069260437377","""Clay loam""","""D""","""woods | used and managed but not planted | good""","77","0.5561681167196819","0.306","0.1629030910616302","0.1430969089383698","1","0","47.918303033307154","52.081696966692846","""woodland""","17.395915151665356"
"15","44","[83.95894873800958 183.95894873800958 0]","""""","9.9","72.87272358859012","4","true","11","""done""","0.012936639204113476","152.5473304289468","21.198613863854597","40.042426196070394","38.758959940075","""Clay loam""","""D""","""woods | used and managed but not planted | good""","77","0.5660153197303375","0.306","0.153712368251685","0.152287631748315","1","0","49.385936088390636","50.614063911609364","""woodland""","17.469296804419532"
"16","44","[80.41800667667815 180.41800667667815 0]","""""","9.9","71.48632688669021","2","false","0","""done""","0","143.0618634966895","20.303511642973465","40.5310875176422","39.165400839384326","""Clay loam""","""D""","""woods-grass combination or tree farm | lightly or only occasionally grazed | good""","79","0.5678443037772294","0.306","0.15200531647458584","0.15399468352541415","1","7.2375519172233","43.49470664368795","49.26774143908875","""wood-grass""","17.53661292804556"
"17","44","[74.35035743963988 174.35035743963988 0]","""""","9.9","69.11064020647598","4","true","1","""done""","0.0011830311456955123","163.12909889529197","20.34556045205418","40.100877565668924","39.5535619822769","""Clay loam""","""D""","""woods-grass combination or tree farm | lightly or only occasionally grazed | good""","79","0.569591028920246","0.306","0.15037503967443705","0.15562496032556294","1","5.854940353061892","44.75493979863351","49.39011984830461","""wood-grass""","17.530494007584768"
"18","44","[70.6057785513153 170.6057785513153 0]","""""","9.9","67.64451290733987","4","false","0","""done""","0","124.90673917310352","20.910317661106863","40.72024872330158","38.369433615591554","""Clay loam""","""D""","""woods-grass combination or tree farm | lightly or only occasionally grazed | good""","79","0.564262451270162","0.306","0.1553483788145155","0.1506516211854845","1","7.2375519172233","43.49470664368795","49.26774143908875","""wood-grass""","17.53661292804556"
"19","44","[65.23188565238075 165.23188565238075 0]","""""","9.9","65.540454929999","2","true","16","""done""","0.018761474459957017","174.5988013113207","26.99735158943446","39.226834702181804","33.77581370838373","""Clay loam""","""D""","""woods | used and managed but not planted | good""","77","0.5435911616877268","0.306","0.17464158242478836","0.13135841757521163","1","0","48.77414832075861","51.22585167924139","""woodland""","17.438707416037932"
"20","44","[60.23614784705137 160.23614784705137 0]","""""","9.9","63.58445726132743","2","true","19","""done""","0.022239863381334102","170.76532860214374","23.597140992023053","37.63793693818729","38.76492206978966","""Clay loam""","""D""","""woods | used and managed but not planted | good""","77","0.5660421493140535","0.306","0.15368732730688342","0.15231267269311657","1","0","48.407240143221166","51.592759856778834","""woodland""","17.42036200716106"
"21","44","[56.85936401606898 156.85936401606898 0]","""""","9.9","62.262333971757805","4","true","20","""done""","0.023396584075973448","182.776116114626","21.28123176505799","42.19373853442417","36.525029700517834","""Clay loam""","""D""","""woods | used and managed but not planted | good""","77","0.5559626336523302","0.306","0.16309487525782512","0.14290512474217487","0.9611607750720603","0","48.284973609580675","51.715026390419325","""woodland""","17.414248680479034"
"22","44","[53.702933353495894 153.7029333534959 0]","""""","9.9","61.02648628360849","2","true","12","""done""","0.014104365902709914","148.86559339210007","20.304115495681835","39.886307434133805","39.809577070184375","""Clay loam""","""D""","""woods | used and managed but not planted | good""","77","0.5707430968158297","0.306","0.14929977630522565","0.15670022369477435","1","0","49.26355795494361","50.73644204505639","""woodland""","17.46317789774718"
"23","44","[46.69959039458874 146.69959039458874 0]","""""","9.9","58.28444436020803","4","true","14","""done""","0.01643567656304723","177.2931576244294","25.611991171930704","40.83348788046174","33.55452094760756","""Clay loam""","""D""","""woods | used and managed but not planted | good""","77","0.542595344264234","0.306","0.17557101202004827","0.13042898797995173","0.9908855806017192","0","49.01882962762967","50.98117037237033","""woodland""","17.450941481381484"
"24","44","[44.161665976304334 144.16166597630433 0]","""""","9.9","57.290762457980634","4","true","5","""done""","0.005901176649031781","181.21331121939068","25.24410786913573","37.59802288995667","37.15786924090761","""Clay loam""","""D""","""woods-grass combination or tree farm | lightly or only occasionally grazed | good""","79","0.5588104115840842","0.306","0.16043694918818807","0.14556305081181192","0.9694499385682908","0.2729377906510422","49.84737030260629","49.87969190674267","""wood-grass""","17.506015404662865"
"25","44","[38.99612986035194 138.99612986035194 0]","""""","9.9","55.26828309778221","4","true","1","""done""","0.0011830311456955123","140.3387483429528","26.649585328025992","40.62628988544594","32.72412478652807","""Clay loam""","""D""","""woods-grass combination or tree farm | lightly or only occasionally grazed | good""","79","0.5388585615393763","0.306","0.17905867589658211","0.12694132410341788","1","5.854940353061892","44.75493979863351","49.39011984830461","""wood-grass""","17.530494007584768"
"26","44","[35.01860618332779 135.0186061833278 0]","""""","9.9","53.71095015868248","4","true","1","""done""","0.0011830311456955123","181.15459693070306","22.076870763893666","40.19869525756643","37.7244339785399","""Clay loam""","""D""","""woods-grass combination or tree farm | lightly or only occasionally grazed | good""","79","0.5613599529034295","0.306","0.15805737729013244","0.14794262270986755","0.9697641484449689","5.854940353061892","44.75493979863351","49.39011984830461","""wood-grass""","17.530494007584768"
"27","44","[32.82115485603322 132.82115485603322 0]","""""","9.9","52.850574806592924","2","false","0","""done""","0","153.20456997830365","23.015699457002203","40.950011930215204","36.03428861278258","""Clay loam""","""D""","""woods-grass combination or tree farm | lightly or only occasionally grazed | good""","79","0.5537542987575216","0.306","0.16515598782631316","0.14084401217368683","1","7.2375519172233","43.49470664368795","49.26774143908875","""wood-grass""","17.53661292804556"
"28","44","[26.097088002906816 126.09708800290682 0]","""""","9.9","50.21787877625354","4","true","14","""done""","0.01643567656304723","188.0917040361489","25.472509715585396","37.933402079141516","36.594088205273096","""Clay loam""","""D""","""woods | used and managed but not planted | good""","77","0.5562733969237289","0.306","0.16280482953785302","0.14319517046214697","0.9339977769334888","0","49.01882962762967","50.98117037237033","""woodland""","17.450941481381484"
"29","44","[23.838141621361345 123.83814162136134 0]","""""","9.9","49.333426063134084","4","false","0","""done""","0","200.32779388004644","26.709432734464446","34.913602307554356","38.376964957981194","""Clay loam""","""D""","""woods-grass combination or tree farm | lightly or only occasionally grazed | good""","79","0.5642963423109153","0.306","0.155316747176479","0.150683252823521","0.8769488747756489","7.2375519172233","43.49470664368795","49.26774143908875","""wood-grass""","17.53661292804556"
"30","44","[20.427337870247243 120.42733787024724 0]","""""","9.9","47.997982842243196","4","false","0","""done""","0","150.44675162680832","20.548249749296744","40.495356423706305","38.95639382699695","""Clay loam""","""D""","""woods-grass combination or tree farm | lightly or only occasionally grazed | good""","79","0.5669037722214862","0.306","0.1528831459266128","0.15311685407338718","1","7.2375519172233","43.49470664368795","49.26774143908875","""wood-grass""","17.53661292804556"
"31","44","[16.98299015306577 116.98299015306577 0]","""""","9.9","46.64940604189268","4","false","0","""done""","0","177.9107159670176","24.237887702334895","39.80977475179279","35.952337545872304","""Clay loam""","""D""","""woods-grass combination or tree farm | lightly or only occasionally grazed | good""","79","0.5533855189564254","0.306","0.16550018230733635","0.14049981769266365","0.9874460482861704","7.2375519172233","43.49470664368795","49.26774143908875","""wood-grass""","17.53661292804556"
"32","44","[13.18659718519217 113.18659718519217 0]","""""","9.9","45.16299180562107","4","true","16","""done""","0.018761474459957017","162.47608505522322","18.53113426557709","41.80179691154213","39.66706882288078","""Silty clay loam""","""D""","""woods | used and managed but not planted | good""","77","0.5701018097029635","0.2365","0.08039831094390074","0.15610168905609925","0.7371192109548007","0","48.77414832075861","51.22585167924139","""woodland""","17.438707416037932"
"33","44","[11.036403547860303 111.0364035478603 0]","""""","9.9","44.32111941245285","2","false","0","""done""","0","154.99505830785716","25.097767561145492","37.02035886214429","37.88187357671021","""Clay loam""","""D""","""woods-grass combination or tree farm | lightly or only occasionally grazed | good""","79","0.562068431095196","0.306","0.15739613097781713","0.14860386902218287","1","7.2375519172233","43.49470664368795","49.26774143908875","""wood-grass""","17.53661292804556"
"34","44","[8.38093463125621 108.38093463125621 0]","""""","9.9","43.281414925847","128","true","105","""done""","0.11687789646675695","143.49005782582515","18.823304683075268","43.862523288625866","37.31417202829888","""Silty clay loam""","""D""","""woods | used and managed but not planted | good""","77","0.5595137741273449","0.2365","0.09028047748114473","0.14621952251885525","0.8346518597149538","0","38.112173702881215","61.887826297118785","""woodland""","16.90560868514406"
"35","44","[12.687623860377812 112.68762386037781 0]","""""","9.9","44.96762713715808","32","true","4","""done""","0.004723733827578291","144.8995258348306","24.47386100523949","38.57459985193702","36.9515391428235","""Clay loam""","""D""","""woods-grass combination or tree farm | lightly or only occasionally grazed | good""","79","0.5578819261427057","0.306","0.16130353560014132","0.14469646439985867","1","1.672896220173925","48.569810717776754","49.75729306204932","""wood-grass""","17.512135346897534"
"36","44","[15.751609519440379 115.75160951944038 0]","""""","9.9","46.167279528757994","64","false","0","""done""","0","133.49208612771145","26.211544905587402","38.226306828811964","35.56214826560063","""Clay loam""","""D""","""woods-grass combination or tree farm | lightly or only occasionally grazed | good""","79","0.5516296671952028","0.306","0.16713897728447738","0.13886102271552261","1","7.2375519172233","43.49470664368795","49.26774143908875","""wood-grass""","17.53661292804556"
"37","44","[18.602289719559806 118.6022897195598 0]","""""","9.9","47.283415731825635","64","true","23","""done""","0.026858542013937226","188.164912275292","22.07978749066343","40.94261521840841","36.97759729092816","""Clay loam""","""D""","""woods | used and managed but not planted | good""","77","0.5579991878091767","0.306","0.16119409137810176","0.14480590862189824","0.9336343917954945","0","47.918303033307154","52.081696966692846","""woodland""","17.395915151665356"
"38","44","[24.32676115440421 124.32676115440421 0]","""""","9.9","49.524736877420544","32","true","20","""done""","0.023396584075973448","134.60885330768764","25.730471715902766","37.01689521521226","37.25263306888498","""Clay loam""","""D""","""woods | used and managed but not planted | good""","77","0.5592368488099824","0.306","0.1600389411106831","0.1459610588893169","1","0","48.284973609580675","51.715026390419325","""woodland""","17.414248680479034"
"39","44","[26.89342097253636 126.89342097253636 0]","""""","9.9","50.529669645346","64","true","9","""done""","0.010597034888850443","118.8415365305737","24.030724991841428","37.29810250538912","38.67117250276945","""Clay loam""","""D""","""woods | used and managed but not planted | good""","77","0.5656202762624625","0.306","0.15408107548836833","0.15191892451163166","1","0","49.63071296516659","50.36928703483341","""woodland""","17.48153564825833"
"40","44","[31.88229081813529 131.8822908181353 0]","""""","9.9","52.48297827913528","32","true","1","""done""","0.0011830311456955123","163.98265422801012","21.02567902896601","40.87791792980995","38.09640304122404","""Clay loam""","""D""","""woods-grass combination or tree farm | lightly or only occasionally grazed | good""","79","0.5630338136855082","0.306","0.15649510722685903","0.14950489277314097","1","5.854940353061892","44.75493979863351","49.39011984830461","""wood-grass""","17.530494007584768"
"41","44","[36.65962977523449 136.6596297752345 0]","""""","9.9","54.353465527799806","64","true","1","""done""","0.0011830311456955123","166.95162227718407","27.94838811499713","42.0755402233725","29.976071661630375","""Clay loam""","""D""","""woods-grass combination or tree farm | lightly or only occasionally grazed | good""","79","0.5264923224773367","0.306","0.19060049902115245","0.11539950097884756","1","5.854940353061892","44.75493979863351","49.39011984830461","""wood-grass""","17.530494007584768"
"42","44","[39.22414778210731 139.2241477821073 0]","""""","9.9","55.35755970531214","64","true","20","""done""","0.023396584075973448","169.2647641188445","24.970587513187066","36.82783403837644","38.20157844843651","""Clay loam""","""D""","""woods | used and managed but not planted | good""","77","0.5635071030179643","0.306","0.15605337051656668","0.14994662948343332","1","0","48.284973609580675","51.715026390419325","""woodland""","17.414248680479034"
"43","44","[44.76164174660482 144.76164174660482 0]","""""","9.9","57.52567294642046","32","true","1","""done""","0.0011830311456955123","145.3788020815049","21.054436386761402","43.118718135938764","35.82684547729984","""Clay loam""","""D""","""woods-grass combination or tree farm | lightly or only occasionally grazed | good""","79","0.5528208046478493","0.306","0.1660272489953407","0.1399727510046593","1","5.854940353061892","44.75493979863351","49.39011984830461","""wood-grass""","17.530494007584768"
"44","44","[48.03798384437644 148.03798384437644 0]","""""","9.9","58.80846995353626","64","true","6","""done""","0.00707722651895526","158.16663043769674","22.753585860467222","40.993816746044224","36.25259739348855","""Clay loam""","""D""","""woods | used and managed but not planted | good""","77","0.5547366882706984","0.306","0.1642390909473481","0.1417609090526519","1","0","49.997907806624276","50.002092193375724","""woodland""","17.499895390331215"
"45","44","[52.677966472781634 152.67796647278163 0]","""""","9.9","60.625177626656175","32","false","0","""done""","0","171.83498011021257","19.14185853559477","44.955690016421336","35.90245144798391","""Silty clay loam""","""D""","""woods-grass combination or tree farm | lightly or only occasionally grazed | good""","79","0.5531610315159275","0.2365","0.09620970391846759","0.1402902960815324","0.6969724298167702","7.2375519172233","43.49470664368795","49.26774143908875","""wood-grass""","17.53661292804556"
"46","44","[55.63823263058066 155.63823263058066 0]","""""","9.9","61.7842203804863","64","true","4","""done""","0.004723733827578291","131.47716729817","26.185820898148034","37.226001479424426","36.58817762242754","""Clay loam""","""D""","""woods-grass combination or tree farm | lightly or only occasionally grazed | good""","79","0.5562467993009239","0.306","0.16282965398580435","0.14317034601419565","1","1.672896220173925","48.569810717776754","49.75729306204932","""wood-grass""","17.512135346897534"
"47","44","[59.79730437025185 159.79730437025185 0]","""""","9.9","63.41263543020253","32","true","1","""done""","0.0011830311456955123","181.10386774856292","27.49685218854292","42.56966444280507","29.93348336865201","""Clay loam""","""D""","""woods-grass combination or tree farm | lightly or only occasionally grazed | good""","79","0.5263006751589341","0.306","0.19077936985166155","0.11522063014833843","0.9700357900323686","5.854940353061892","44.75493979863351","49.39011984830461","""wood-grass""","17.530494007584768"
"48","44","[63.15890326518971 163.1589032651897 0]","""""","9.9","64.72881331177449","32","false","0","""done""","0","180.50194270386007","22.742937748401403","37.99512331033947","39.26193894125912","""Clay loam""","""D""","""woods-grass combination or tree farm | lightly or only occasionally grazed | good""","79","0.568278725235666","0.306","0.15159985644671173","0.15440014355328827","0.973270596414683","7.2375519172233","43.49470664368795","49.26774143908875","""wood-grass""","17.53661292804556"
"49","44","[68.3608916358778 168.3608916358778 0]","""""","9.9","66.76556494326883","2","false","0","""done""","0","172.58163133997877","22.320469530786742","43.66796657512302","34.011563894090244","""Clay loam""","""D""","""woods-grass combination or tree farm | lightly or only occasionally grazed | good""","79","0.5446520375234061","0.306","0.173651431644821","0.132348568355179","1","7.2375519172233","43.49470664368795","49.26774143908875","""wood-grass""","17.53661292804556"
"0","43","[143.0284331804898 243.0284331804898 0]","""""","9.9","96.00039328652076","32","false","0","""done""","0","173.07207703609592","26.743540816126803","39.123961255397745","34.13249792847546","""Clay loam""","""D""","""woods-grass combination or tree farm | lightly or only occasionally grazed | good""","79","0.5451962406781395","0.306","0.1731435087004031","0.1328564912995969","1","7.2375519172233","43.49470664368795","49.26774143908875","""wood-grass""","17.53661292804556"
"1","43","[139.0558811953064 239.0558811953064 0]","""""","9.9","94.44500693029404","4","false","0","""done""","0","151.68490533106953","21.38885847159192","40.66820893457045","37.942932593837625","""Clay loam""","""D""","""woods-grass combination or tree farm | lightly or only occasionally grazed | good""","79","0.5623431966722693","0.306","0.157139683105882","0.148860316894118","1","7.2375519172233","43.49470664368795","49.26774143908875","""wood-grass""","17.53661292804556"
"2","43","[135.79820281611532 235.79820281611532 0]","""""","9.9","93.16951739035423","4","false","0","""done""","0","189.7029005287075","24.92021057309771","42.60893720429225","32.47085222261005","""Clay loam""","""D""","""woods-grass combination or tree farm | lightly or only occasionally grazed | good""","79","0.5377188350017452","0.306","0.1801224206650378","0.1258775793349622","0.9260650888298347","7.2375519172233","43.49470664368795","49.26774143908875","""wood-grass""","17.53661292804556"
"3","43","[130.81245396325195 230.81245396325195 0]","""""","9.9","91.21743072912487","2","false","0","""done""","0","173.66318744845628","21.050172220879226","44.23107503168972","34.71875274743106","""Clay loam""","""D""","""woods-grass combination or tree farm | lightly or only occasionally grazed | good""","79","0.5478343873634397","0.306","0.17068123846078956","0.13531876153921044","1","7.2375519172233","43.49470664368795","49.26774143908875","""wood-grass""","17.53661292804556"
"4","43","[126.05211196017424 226.05211196017424 0]","""""","9.9","89.35359835382161","4","true","6","""done""","0.00707722651895526","173.0163131723476","22.55584165252338","42.64932042806131","34.79483791941532","""Clay loam""","""D""","""woods | used and managed but not planted | good""","77","0.5481767706373689","0.306","0.17036168073845567","0.13563831926154432","1","0","49.997907806624276","50.002092193375724","""woodland""","17.499895390331215"
"5","43","[122.66555274441373 222.66555274441373 0]","""""","9.9","88.02764767566967","2","false","0","""done""","0","138.0075472819115","22.81716877163902","44.04176076483112","33.14107046352986","""Clay loam""","""D""","""woods-grass combination or tree farm | lightly or only occasionally grazed | good""","79","0.5407348170858843","0.306","0.1773075040531746","0.12869249594682539","1","7.2375519172233","43.49470664368795","49.26774143908875","""wood-grass""","17.53661292804556"
"6","43","[117.52295822479638 217.52295822479638 0]","""""","9.9","86.01415071420703","2","true","11","""done""","0.012936639204113476","134.73339650724296","24.587584779519414","38.60571364492109","36.806701575559515","""Clay loam""","""D""","""woods | used and managed but not planted | good""","77","0.5572301570900178","0.306","0.16191185338265005","0.14408814661734995","1","0","49.385936088390636","50.614063911609364","""woodland""","17.469296804419532"
"7","43","[112.84731193900734 212.84731193900734 0]","""""","9.9","84.1834795319084","2","true","12","""done""","0.014104365902709914","176.50994616642015","21.504939364820764","38.20025197663237","40.29480865854686","""Clay""","""D""","""woods | used and managed but not planted | good""","77","0.5729266389634609","0.357","0.19826180363410317","0.1587381963658968","0.5371119351339317","0","49.26355795494361","50.73644204505639","""woodland""","17.46317789774718"
"8","43","[110.077220378828 210.077220378828 0]","""""","9.9","83.0988964643308","4","true","13","""done""","0.01527071114425227","153.63919187878122","22.298206149544313","39.67659037320501","38.02520347725068","""Clay loam""","""D""","""woods | used and managed but not planted | good""","77","0.562713415647628","0.306","0.15679414539554717","0.14920585460445282","1","0","49.14118864617969","50.85881135382031","""woodland""","17.457059432308984"
"9","43","[106.32141216885628 206.32141216885628 0]","""""","9.9","81.62837251192376","4","true","12","""done""","0.014104365902709914","128.17292698238788","21.543984113402956","41.015534840074956","37.44048104652208","""Clay loam""","""D""","""woods | used and managed but not planted | good""","77","0.5600821647093494","0.306","0.15924997960460727","0.14675002039539273","1","0","49.26355795494361","50.73644204505639","""woodland""","17.46317789774718"
"10","43","[103.41226389749647 203.41226389749647 0]","""""","9.9","80.48934411244903","2","false","0","""done""","0","178.53937405071034","25.08082902102663","36.535931782320155","38.3832391966532","""Clay loam""","""D""","""woods-grass combination or tree farm | lightly or only occasionally grazed | good""","79","0.5643245763849394","0.306","0.15529039537405656","0.15070960462594343","0.9839691348951264","7.2375519172233","43.49470664368795","49.26774143908875","""wood-grass""","17.53661292804556"
"11","43","[98.90969957067423 198.90969957067423 0]","""""","9.9","78.72644027932294","2","true","1","""done""","0.0011830311456955123","171.1932850325375","24.64650496571142","40.37037669832182","34.983118335966765","""Clay loam""","""D""","""woods-grass combination or tree farm | lightly or only occasionally grazed | good""","79","0.5490240325118505","0.306","0.1695709029889396","0.1364290970110604","1","5.854940353061892","44.75493979863351","49.39011984830461","""wood-grass""","17.530494007584768"
"12","43","[95.5526948119932 195.5526948119932 0]","""""","9.9","77.41206115504332","2","true","2","""done""","0.002364662728699396","166.37055414253896","23.793551221336642","38.20091819268383","38.005530585979514","""Clay loam""","""D""","""woods-grass combination or tree farm | lightly or only occasionally grazed | good""","79","0.5626248876369078","0.306","0.15687677153888605","0.14912322846111395","1","4.46554699695929","46.02194743691256","49.51250556612814","""wood-grass""","17.524374721693594"
"13","43","[92.01661765784183 192.01661765784183 0]","""""","9.9","76.02756922626668","4","true","3","""done""","0.003544896404737763","158.4817347811017","24.553176215341644","39.65094835345235","35.795875431206014","""Clay loam""","""D""","""woods-grass combination or tree farm | lightly or only occasionally grazed | good""","79","0.552681439440427","0.306","0.16615732318893475","0.13984267681106524","1","3.0709855053506487","47.29411736840723","49.63489712624213","""wood-grass""","17.518255143687888"
"14","43","[87.84764141320142 187.84764141320142 0]","""""","9.9","74.39527623311466","2","false","0","""done""","0","167.92936348461174","27.270911257142938","40.77921838557132","31.94987035728574","""Clay loam""","""D""","""woods-grass combination or tree farm | lightly or only occasionally grazed | good""","79","0.5353744166077858","0.306","0.18231054449939987","0.1236894555006001","1","7.2375519172233","43.49470664368795","49.26774143908875","""wood-grass""","17.53661292804556"
"15","43","[82.28755909847345 182.28755909847345 0]","""""","9.9","72.21831890088075","4","true","25","""done""","0.02915969334938906","195.34618109297568","23.583964766157294","40.20286276287282","36.21317247096989","""Clay loam""","""D""","""woods | used and managed but not planted | good""","77","0.5545592761193645","0.306","0.16440467562192648","0.1415953243780735","0.8993123512651658","0","47.67397808568956","52.32602191431044","""woodland""","17.38369890428448"
"16","43","[77.53864701033226 177.53864701033226 0]","""""","9.9","70.35896171779936","2","true","12","""done""","0.014104365902709914","146.6434952700136","25.804039741610573","39.24376067290676","34.952199585482646","""Clay loam""","""D""","""woods | used and managed but not planted | good""","77","0.5488848981346719","0.306","0.1697007617409729","0.1362992382590271","1","0","49.26355795494361","50.73644204505639","""woodland""","17.46317789774718"
"17","43","[72.17549142183293 172.17549142183293 0]","""""","9.9","68.25910775495994","2","true","13","""done""","0.01527071114425227","196.97166928842694","24.425101710466915","41.86344759334071","33.711450696192365","""Clay loam""","""D""","""woods | used and managed but not planted | good""","77","0.5433015281328657","0.306","0.17491190707599208","0.13108809292400792","0.8918908697075083","0","49.14118864617969","50.85881135382031","""woodland""","17.457059432308984"
"18","43","[67.48922896088322 167.48922896088322 0]","""""","9.9","66.42427998665269","2","true","16","""done""","0.018761474459957017","153.21419248600094","25.027082088075893","41.333264226956004","33.63965368496811","""Clay loam""","""D""","""woods | used and managed but not planted | good""","77","0.5429784415823564","0.306","0.17521345452313394","0.13078654547686605","1","0","48.77414832075861","51.22585167924139","""woodland""","17.438707416037932"
"19","43","[62.438322485793606 162.4383224857936 0]","""""","9.9","64.44668194709703","4","true","18","""done""","0.02108177262926547","151.26390442119856","22.965405982752088","43.14882789395638","33.885766123291525","""Clay loam""","""D""","""woods | used and managed but not planted | good""","77","0.5440859475548119","0.306","0.17417978228217562","0.13182021771782437","1","0","48.52952574745245","51.47047425254755","""woodland""","17.426476287372623"
"20","43","[59.48097699260231 159.4809769926023 0]","""""","9.9","63.28878273069547","4","false","0","""done""","0","159.80931301839948","21.668950848481913","42.44751418116043","35.88353497035766","""Clay loam""","""D""","""woods-grass combination or tree farm | lightly or only occasionally grazed | good""","79","0.5530759073666094","0.306","0.16578915312449785","0.14021084687550214","1","7.2375519172233","43.49470664368795","49.26774143908875","""wood-grass""","17.53661292804556"
"21","43","[56.71904352895481 156.7190435289548 0]","""""","9.9","62.20739382950907","2","false","0","""done""","0","139.72981194702385","24.18404373919308","39.168418706637425","36.647537554169496","""Clay loam""","""D""","""woods-grass combination or tree farm | lightly or only occasionally grazed | good""","79","0.5565139189937627","0.306","0.16258034227248813","0.14341965772751186","1","7.2375519172233","43.49470664368795","49.26774143908875","""wood-grass""","17.53661292804556"
"22","43","[48.9606802298988 148.9606802298988 0]","""""","9.9","59.16973630683609","2","true","22","""done""","0.02570592177432951","163.8672471004625","20.25443050275055","41.41360858974793","38.33196090750151","""Clay loam""","""D""","""woods | used and managed but not planted | good""","77","0.5640938240837567","0.306","0.15550576418849366","0.15049423581150634","1","0","48.040503595523745","51.959496404476255","""woodland""","17.40202517977619"
"23","43","[44.2935015706602 144.2935015706602 0]","""""","9.9","57.34238048223582","4","true","23","""done""","0.026858542013937226","172.3110949971282","23.414766492827763","37.070185816702555","39.515047690469665","""Clay loam""","""D""","""woods | used and managed but not planted | good""","77","0.5694177146071135","0.306","0.15053679970002742","0.15546320029997257","1","0","47.918303033307154","52.081696966692846","""woodland""","17.395915151665356"
"24","43","[41.84923192076232 141.84923192076232 0]","""""","9.9","56.38536753978222","4","true","15","""done""","0.017599263791468034","173.43302442819828","24.189805707979822","37.33997254506237","38.47022174695781","""Clay loam""","""D""","""woods | used and managed but not planted | good""","77","0.5647159978613101","0.306","0.1549250686627772","0.1510749313372228","1","0","48.89648236433116","51.10351763566884","""woodland""","17.44482411821656"
"25","43","[36.533515795177095 136.5335157951771 0]","""""","9.9","54.30408770602621","4","true","6","""done""","0.00707722651895526","139.44003734050258","23.331092897333935","37.654792141633806","39.01411496103225","""Clay loam""","""D""","""woods | used and managed but not planted | good""","77","0.5671635173246451","0.306","0.15264071716366456","0.15335928283633543","1","0","49.997907806624276","50.002092193375724","""woodland""","17.499895390331215"
"26","43","[32.16552049621629 132.1655204962163 0]","""""","9.9","52.59387212737408","4","true","2","""done""","0.002364662728699396","159.68016788467818","25.496792917816116","39.820429757045396","34.682777325138495","""Clay loam""","""D""","""woods-grass combination or tree farm | lightly or only occasionally grazed | good""","79","0.5476724979631232","0.306","0.17083233523441832","0.13516766476558167","1","4.46554699695929","46.02194743691256","49.51250556612814","""wood-grass""","17.524374721693594"
"27","43","[29.35722342170112 129.35722342170112 0]","""""","9.9","51.49433032899768","4","true","2","""done""","0.002364662728699396","184.09638347644668","21.039709057000092","43.278462765955254","35.68182817704465","""Clay loam""","""D""","""woods-grass combination or tree farm | lightly or only occasionally grazed | good""","79","0.552168226796701","0.306","0.16663632165641248","0.1393636783435875","0.9542677053830936","4.46554699695929","46.02194743691256","49.51250556612814","""wood-grass""","17.524374721693594"
"28","43","[25.293191182746227 125.29319118274623 0]","""""","9.9","49.9031264078628","4","false","0","""done""","0","131.64841769905186","28.876979035004656","35.489881113902285","35.63313985109305","""Clay loam""","""D""","""woods-grass combination or tree farm | lightly or only occasionally grazed | good""","79","0.5519491293299187","0.306","0.1668408126254092","0.1391591873745908","1","7.2375519172233","43.49470664368795","49.26774143908875","""wood-grass""","17.53661292804556"
"29","43","[21.89744842432748 121.89744842432748 0]","""""","9.9","48.57358006702206","4","true","15","""done""","0.017599263791468034","164.19482225520585","24.676104596764453","39.27153680216785","36.052358601067695","""Clay loam""","""D""","""woods | used and managed but not planted | good""","77","0.5538356137048046","0.306","0.1650800938755157","0.1409199061244843","1","0","48.89648236433116","51.10351763566884","""woodland""","17.44482411821656"
"30","43","[17.32516111225287 117.32516111225287 0]","""""","9.9","46.78337736395508","4","true","1","""done""","0.0011830311456955123","140.17532953267744","25.16370695019994","41.785201795288486","33.05109125451157","""Clay loam""","""D""","""woods-grass combination or tree farm | lightly or only occasionally grazed | good""","79","0.5403299106453021","0.306","0.17768541673105143","0.12831458326894857","1","5.854940353061892","44.75493979863351","49.39011984830461","""wood-grass""","17.530494007584768"
"31","43","[14.094617412249647 114.09461741224965 0]","""""","9.9","45.518511954283866","2","true","1","""done""","0.0011830311456955123","160.7303625544734","26.252634398944714","37.12137034873734","36.625995252317956","""Clay loam""","""D""","""woods-grass combination or tree farm | lightly or only occasionally grazed | good""","79","0.5564169786354308","0.306","0.16267081994026458","0.1433291800597354","1","5.854940353061892","44.75493979863351","49.39011984830461","""wood-grass""","17.530494007584768"
"32","43","[10.286574789083517 110.28657478908352 0]","""""","9.9","44.02753649012541","2","true","3","""done""","0.003544896404737763","166.13754415504323","21.40879108850013","39.69482102379895","38.89638788770091","""Clay loam""","""D""","""woods-grass combination or tree farm | lightly or only occasionally grazed | good""","79","0.5666337454946541","0.306","0.15313517087165618","0.15286482912834382","1","3.0709855053506487","47.29411736840723","49.63489712624213","""wood-grass""","17.518255143687888"
"33","43","[8.636340753939493 108.63634075393949 0]","""""","9.9","43.381414925847004","1","true","96","""done""","0.10741918644438953","161.54395132780402","24.84999024856588","39.904523635951556","35.245486115482564","""Clay loam""","""D""","""woods | used and managed but not planted | good""","77","0.5502046875196716","0.306","0.16846895831497324","0.13753104168502675","1","0","39.15680974961218","60.84319025038782","""woodland""","16.95784048748061"
"34","43","[9.456397662364651 109.45639766236465 0]","""""","9.9","43.70249450679428","128","true","1","""done""","0.0011830311456955123","147.1774753423955","19.492912709034908","40.16009132836768","40.34699596259741","""Silty clay""","""D""","""woods-grass combination or tree farm | lightly or only occasionally grazed | good""","79","0.5731614818316884","0.3485","0.18954261695709088","0.1589573830429091","0.9536311934915925","5.854940353061892","44.75493979863351","49.39011984830461","""wood-grass""","17.530494007584768"
"35","43","[14.407088627846505 114.4070886278465 0]","""""","9.9","45.640854837968114","32","false","0","""done""","0","201.16293260123126","25.129341652117784","39.33520381365102","35.5354545342312","""Clay loam""","""D""","""woods-grass combination or tree farm | lightly or only occasionally grazed | good""","79","0.5515095454040404","0.306","0.16725109095622898","0.13874890904377102","0.8733081744122454","7.2375519172233","43.49470664368795","49.26774143908875","""wood-grass""","17.53661292804556"
"36","43","[17.482639293840194 117.4826392938402 0]","""""","9.9","46.84503531480327","64","true","3","""done""","0.003544896404737763","164.85067375785226","28.92117195148323","38.33934009000527","32.739487958511496","""Clay loam""","""D""","""woods-grass combination or tree farm | lightly or only occasionally grazed | good""","79","0.5389276958133017","0.306","0.17899415057425172","0.12700584942574827","1","3.0709855053506487","47.29411736840723","49.63489712624213","""wood-grass""","17.518255143687888"
"37","43","[23.800021466033613 123.80002146603361 0]","""""","9.9","49.318500753228726","32","false","0","""done""","0","159.1563997733047","23.918688766680987","42.06663877636879","34.01467245695023","""Clay loam""","""D""","""woods-grass combination or tree farm | lightly or only occasionally grazed | good""","79","0.544666026056276","0.306","0.17363837568080906","0.13236162431919093","1","7.2375519172233","43.49470664368795","49.26774143908875","""wood-grass""","17.53661292804556"
"38","43","[27.55562161654977 127.55562161654977 0]","""""","9.9","50.78894324343221","64","true","1","""done""","0.0011830311456955123","143.52940003081991","26.65348089899573","37.059731827745374","36.286787273258895","""Clay loam""","""D""","""woods-grass combination or tree farm | lightly or only occasionally grazed | good""","79","0.554890542729665","0.306","0.16409549345231264","0.14190450654768735","1","5.854940353061892","44.75493979863351","49.39011984830461","""wood-grass""","17.530494007584768"
"39","43","[31.054807170650577 131.05480717065058 0]","""""","9.9","52.15899088259551","64","true","19","""done""","0.022239863381334102","162.08356762256753","22.815681229862843","41.98675910293557","35.19755966720159","""Clay loam""","""D""","""woods | used and managed but not planted | good""","77","0.5499890185024071","0.306","0.16867024939775335","0.13732975060224664","1","0","48.407240143221166","51.592759856778834","""woodland""","17.42036200716106"
"40","43","[34.27747848455087 134.27747848455087 0]","""""","9.9","53.4207739910203","64","true","6","""done""","0.00707722651895526","191.47148151420333","25.232304875716633","41.19259454657914","33.575100577704234","""Clay loam""","""D""","""woods | used and managed but not planted | good""","77","0.5426879525996691","0.306","0.17548457757364222","0.13051542242635777","0.9175112243353228","0","49.997907806624276","50.002092193375724","""woodland""","17.499895390331215"
"41","43","[38.81655420978984 138.81655420978984 0]","""""","9.9","55.19797325216242","64","false","0","""done""","0","145.37142647797478","22.515974942966658","42.44453241605852","35.039492640974835","""Clay loam""","""D""","""woods-grass combination or tree farm | lightly or only occasionally grazed | good""","79","0.5492777168843868","0.306","0.1693341309079057","0.1366658690920943","1","7.2375519172233","43.49470664368795","49.26774143908875","""wood-grass""","17.53661292804556"
"42","43","[42.060969562906166 142.06096956290617 0]","""""","9.9","56.468269875841884","64","false","0","""done""","0","152.84746281569042","25.359534620389088","39.70047820861557","34.93998717099535","""Clay loam""","""D""","""woods-grass combination or tree farm | lightly or only occasionally grazed | good""","79","0.5488299422694791","0.306","0.16975205388181955","0.13624794611818045","1","7.2375519172233","43.49470664368795","49.26774143908875","""wood-grass""","17.53661292804556"
"43","43","[46.34791339471087 146.34791339471087 0]","""""","9.9","58.146751106740496","64","true","17","""done""","0.01992231019702717","175.0991815375861","22.06581393316642","41.56255030895675","36.371635757876824","""Clay loam""","""D""","""woods | used and managed but not planted | good""","77","0.5552723609104457","0.306","0.16373912981691735","0.14226087018308264","1","0","48.65182896075311","51.34817103924689","""woodland""","17.432591448037655"
"44","43","[49.5943508954183 149.5943508954183 0]","""""","9.9","59.41783946852313","64","false","0","""done""","0","141.0924335691102","19.026814539828784","42.214528266196616","38.75865719397459","""Silty clay loam""","""D""","""woods-grass combination or tree farm | lightly or only occasionally grazed | good""","79","0.5660139573728856","0.2365","0.08421363978530672","0.15228636021469327","0.8488353385461174","7.2375519172233","43.49470664368795","49.26774143908875","""wood-grass""","17.53661292804556"
"45","43","[52.464353542201906 152.4643535422019 0]","""""","9.9","60.54154105274185","64","true","4","""done""","0.004723733827578291","163.97504078175007","21.44757154036116","37.75198336522747","40.800445094411366","""Clay""","""D""","""woods-grass combination or tree farm | lightly or only occasionally grazed | good""","79","0.5752020029248511","0.357","0.19613813060347227","0.16086186939652772","0.578170911279222","1.672896220173925","48.569810717776754","49.75729306204932","""wood-grass""","17.512135346897534"
"46","43","[57.11344286103895 157.11344286103895 0]","""""","9.9","62.36181429834538","32","true","2","""done""","0.002364662728699396","152.74597590610176","27.813210154879393","40.4526961049578","31.734093740162802","""Clay loam""","""D""","""woods-grass combination or tree farm | lightly or only occasionally grazed | good""","79","0.5344034218307326","0.306","0.1832168062913162","0.12278319370868378","1","4.46554699695929","46.02194743691256","49.51250556612814","""wood-grass""","17.524374721693594"
"47","43","[60.24392248931332 160.24392248931332 0]","""""","9.9","63.58750129260603","64","true","1","""done""","0.0011830311456955123","163.5487965314263","22.5294893163847","38.73525534180765","38.73525534180765","""Clay loam""","""D""","""woods-grass combination or tree farm | lightly or only occasionally grazed | good""","79","0.5659086490381344","0.306","0.15381192756440787","0.15218807243559213","1","5.854940353061892","44.75493979863351","49.39011984830461","""wood-grass""","17.530494007584768"
"48","43","[64.81714494727976 164.81714494727976 0]","""""","9.9","65.3780701364225","32","false","0","""done""","0","125.35107543671202","21.50779067705506","41.675692631147534","36.81651669179741","""Clay loam""","""D""","""woods-grass combination or tree farm | lightly or only occasionally grazed | good""","79","0.5572743251130883","0.306","0.1618706298944509","0.1441293701055491","1","7.2375519172233","43.49470664368795","49.26774143908875","""wood-grass""","17.53661292804556"
"49","43","[68.89366582662339 168.8936658266234 0]","""""","9.9","66.97416377604084","2","false","0","""done""","0","145.5392450011779","25.585302643720077","35.73761587868789","38.67708147759204","""Clay loam""","""D""","""woods-grass combination or tree farm | lightly or only occasionally grazed | good""","79","0.5656468666491642","0.306","0.15405625779411344","0.15194374220588655","1","7.2375519172233","43.49470664368795","49.26774143908875","""wood-grass""","17.53661292804556"
"0","42","[142.58210594319186 242.58210594319186 0]","""""","9.9","95.8256413140117","32","false","0","""done""","0","137.8100642363117","23.302565766623804","39.87169385365577","36.82574037972043","""Clay loam""","""D""","""woods-grass combination or tree farm | lightly or only occasionally grazed | good""","79","0.5573158317087419","0.306","0.1618318904051742","0.1441681095948258","1","7.2375519172233","43.49470664368795","49.26774143908875","""wood-grass""","17.53661292804556"
"1","42","[138.76228373062273 238.76228373062273 0]","""""","9.9","94.3300537484364","4","false","0","""done""","0","186.2052540217281","24.47380834563497","38.629837423940785","36.89635423042426","""Clay loam""","""D""","""woods-grass combination or tree farm | lightly or only occasionally grazed | good""","79","0.5576335940369092","0.306","0.16153531223221812","0.14446468776778187","0.9434601314144188","7.2375519172233","43.49470664368795","49.26774143908875","""wood-grass""","17.53661292804556"
"2","42","[133.53456872750647 233.53456872750647 0]","""""","9.9","92.28322928385651","2","true","1","""done""","0.0011830311456955123","158.5458021434651","20.171232418765783","40.230174784070876","39.59859279716334","""Clay loam""","""D""","""woods-grass combination or tree farm | lightly or only occasionally grazed | good""","79","0.569793667587235","0.306","0.15018591025191397","0.15581408974808603","1","5.854940353061892","44.75493979863351","49.39011984830461","""wood-grass""","17.530494007584768"
"3","42","[128.68290572471858 228.68290572471858 0]","""""","9.9","90.38364169691198","4","true","3","""done""","0.003544896404737763","153.13497247955573","31.32681783959188","39.04761154253994","29.62557061786818","""Clay loam""","""D""","""woods-grass combination or tree farm | lightly or only occasionally grazed | good""","79","0.5249150677804069","0.306","0.19207260340495363","0.11392739659504636","1","3.0709855053506487","47.29411736840723","49.63489712624213","""wood-grass""","17.518255143687888"
"4","42","[124.21353391982694 224.21353391982694 0]","""""","9.9","88.63373384116571","2","false","0","""done""","0","186.6289468339278","20.928125568827124","41.45733326156092","37.61454116961196","""Clay loam""","""D""","""woods-grass combination or tree farm | lightly or only occasionally grazed | good""","79","0.5608654352632538","0.306","0.15851892708762977","0.14748107291237023","0.9413182489087376","7.2375519172233","43.49470664368795","49.26774143908875","""wood-grass""","17.53661292804556"
"5","42","[119.0670001483985 219.0670001483985 0]","""""","9.9","86.61869453147364","4","true","8","""done""","0.009425153993882662","174.90304635583","20.16318583051417","41.37073090551128","38.46608326397456","""Clay loam""","""D""","""woods | used and managed but not planted | good""","77","0.5646973746878855","0.306","0.15494245029130685","0.15105754970869315","1","0","49.753108775600275","50.246891224399725","""woodland""","17.487655438780013"
"6","42","[116.14057039751125 216.14057039751125 0]","""""","9.9","85.47289985742965","4","false","0","""done""","0","164.1901718247355","24.13880060104071","39.144904546742346","36.71629485221695","""Clay loam""","""D""","""woods-grass combination or tree farm | lightly or only occasionally grazed | good""","79","0.5568233268349763","0.306","0.16229156162068883","0.14370843837931116","1","7.2375519172233","43.49470664368795","49.26774143908875","""wood-grass""","17.53661292804556"
"7","42","[112.22181648638048 212.22181648638048 0]","""""","9.9","83.93857723823767","4","false","0","""done""","0","142.14881385940473","23.779250580701135","37.44513410250559","38.77561531679328","""Clay loam""","""D""","""woods-grass combination or tree farm | lightly or only occasionally grazed | good""","79","0.5660902689255698","0.306","0.15364241566946824","0.15235758433053176","1","7.2375519172233","43.49470664368795","49.26774143908875","""wood-grass""","17.53661292804556"
"8","42","[109.3598216474413 209.3598216474413 0]","""""","9.9","82.81801097738563","2","false","0","""done""","0","202.43671383141958","24.957263348690017","39.93428193655887","35.10845471475112","""Clay loam""","""D""","""woods-grass combination or tree farm | lightly or only occasionally grazed | good""","79","0.54958804621638","0.306","0.16904449019804532","0.13695550980195467","0.8678131061527264","7.2375519172233","43.49470664368795","49.26774143908875","""wood-grass""","17.53661292804556"
"9","42","[104.64623724674527 204.64623724674527 0]","""""","9.9","80.97248576006686","2","true","15","""done""","0.017599263791468034","134.20686640722212","24.39238011293493","43.383860994029284","32.22375889303578","""Clay loam""","""D""","""woods | used and managed but not planted | good""","77","0.536606915018661","0.306","0.18116021264924975","0.12483978735075026","1","0","48.89648236433116","51.10351763566884","""woodland""","17.44482411821656"
"10","42","[100.48296152249392 200.48296152249392 0]","""""","9.9","79.34242471042863","2","true","29","""done""","0.033745684547090926","120.92672917949506","21.391825961470538","42.216742982333116","36.391431056196346","""Clay loam""","""D""","""woods | used and managed but not planted | good""","77","0.5553614397528835","0.306","0.16365598956397537","0.14234401043602463","1","0","47.185673627475296","52.814326372524704","""woodland""","17.359283681373768"
"11","42","[97.70101929704666 197.70101929704666 0]","""""","9.9","78.2532017128668","4","true","30","""done""","0.03488879349693452","168.58209601714543","22.94379943915166","38.11174525469502","38.94445530615332","""Clay loam""","""D""","""woods | used and managed but not planted | good""","77","0.56685004887769","0.306","0.15293328771415607","0.15306671228584393","1","0","47.063677948182715","52.936322051817285","""woodland""","17.353183897409135"
"12","42","[94.41818119969929 194.4181811996993 0]","""""","9.9","76.96786130565255","4","false","0","""done""","0","157.04600802401592","25.49788135062732","40.550845797672366","33.95127285170032","""Clay loam""","""D""","""woods-grass combination or tree farm | lightly or only occasionally grazed | good""","79","0.5443807278326515","0.306","0.17390465402285868","0.13209534597714132","1","7.2375519172233","43.49470664368795","49.26774143908875","""wood-grass""","17.53661292804556"
"13","42","[90.66277466802848 190.66277466802848 0]","""""","9.9","75.49749462367298","2","false","0","""done""","0","128.42210189518974","21.62108983627659","40.604025443015075","37.77488472070833","""Clay loam""","""D""","""woods-grass combination or tree farm | lightly or only occasionally grazed | good""","79","0.5615869812431875","0.306","0.15784548417302502","0.14815451582697498","1","7.2375519172233","43.49470664368795","49.26774143908875","""wood-grass""","17.53661292804556"
"14","42","[85.69405698640293 185.69405698640293 0]","""""","9.9","73.55207623298423","2","true","5","""done""","0.005901176649031781","138.73806677579162","22.43206210827905","39.65311574840453","37.91482214331642","""Clay loam""","""D""","""woods-grass combination or tree farm | lightly or only occasionally grazed | good""","79","0.5622166996449238","0.306","0.15725774699807105","0.14874225300192895","1","0.2729377906510422","49.84737030260629","49.87969190674267","""wood-grass""","17.506015404662865"
"15","42","[80.0083435002744 180.0083435002744 0]","""""","9.9","71.32593011463953","4","true","6","""done""","0.00707722651895526","181.0837981242059","23.862978934551588","38.970840720546974","37.16618034490144","""Clay loam""","""D""","""woods | used and managed but not planted | good""","77","0.5588478115520565","0.306","0.16040204255141396","0.14559795744858603","0.9701432996722175","0","49.997907806624276","50.002092193375724","""woodland""","17.499895390331215"
"16","42","[75.28891322119426 175.28891322119426 0]","""""","9.9","69.47811604131265","4","true","26","""done""","0.030308227669653354","161.6997927165479","25.39030412383552","41.00201682018262","33.607679055981855","""Clay loam""","""D""","""woods | used and managed but not planted | good""","77","0.5428345557519183","0.306","0.17534774796487623","0.13065225203512376","1","0","47.551856611550924","52.448143388449076","""woodland""","17.377592830577544"
"17","42","[72.14202620477863 172.14202620477863 0]","""""","9.9","68.24600500836064","2","false","0","""done""","0","175.78237073686012","23.569930493560538","39.49436178689893","36.935707719540524","""Clay loam""","""D""","""woods-grass combination or tree farm | lightly or only occasionally grazed | good""","79","0.5578106847379324","0.306","0.16137002757792981","0.14462997242207018","0.9994018893531554","7.2375519172233","43.49470664368795","49.26774143908875","""wood-grass""","17.53661292804556"
"18","42","[66.37747616781695 166.37747616781695 0]","""""","9.9","65.98899175574175","2","true","1","""done""","0.0011830311456955123","138.221119267","23.994303863607566","37.01518355280613","38.99051258358631","""Clay loam""","""D""","""woods-grass combination or tree farm | lightly or only occasionally grazed | good""","79","0.5670573066261384","0.306","0.1527398471489375","0.15326015285106248","1","5.854940353061892","44.75493979863351","49.39011984830461","""wood-grass""","17.530494007584768"
"19","42","[60.80387049720184 160.80387049720184 0]","""""","9.9","63.80673957945905","4","true","2","""done""","0.002364662728699396","139.84310765552274","21.83744572699022","42.00782750231754","36.15472677069222","""Clay loam""","""D""","""woods-grass combination or tree farm | lightly or only occasionally grazed | good""","79","0.554296270468115","0.306","0.16465014756309268","0.14134985243690731","1","4.46554699695929","46.02194743691256","49.51250556612814","""wood-grass""","17.524374721693594"
"20","42","[56.83405333318842 156.83405333318842 0]","""""","9.9","62.25242399676792","4","true","19","""done""","0.022239863381334102","184.88591895177592","25.17328849618179","40.47174387609374","34.35496762772447","""Clay loam""","""D""","""woods | used and managed but not planted | good""","77","0.5461973543247601","0.306","0.17220913596355725","0.13379086403644275","0.9501926075571877","0","48.407240143221166","51.592759856778834","""woodland""","17.42036200716106"
"21","42","[52.522898014047115 152.52289801404712 0]","""""","9.9","60.56446316252925","2","true","1","""done""","0.0011830311456955123","143.35662404055483","18.76847477308189","44.309894940128345","36.921630286789764","""Silty clay loam""","""D""","""woods-grass combination or tree farm | lightly or only occasionally grazed | good""","79","0.557747336290554","0.2365","0.091929152795483","0.144570847204517","0.8354287387588769","5.854940353061892","44.75493979863351","49.39011984830461","""wood-grass""","17.530494007584768"
"22","42","[47.11065798655389 147.1106579865539 0]","""""","9.9","58.44539100770672","2","true","2","""done""","0.002364662728699396","137.32026945383245","25.949585231015845","39.58658853966689","34.463826229317256","""Clay loam""","""D""","""woods-grass combination or tree farm | lightly or only occasionally grazed | good""","79","0.5466872180319277","0.306","0.17175192983686755","0.13424807016313245","1","4.46554699695929","46.02194743691256","49.51250556612814","""wood-grass""","17.524374721693594"
"23","42","[42.48071392653705 142.48071392653705 0]","""""","9.9","56.63261376831443","4","true","3","""done""","0.003544896404737763","166.7401552064691","22.7475009954443","40.02053518336267","37.23196382119302","""Clay loam""","""D""","""woods-grass combination or tree farm | lightly or only occasionally grazed | good""","79","0.5591438371953685","0.306","0.16012575195098933","0.14587424804901067","1","3.0709855053506487","47.29411736840723","49.63489712624213","""wood-grass""","17.518255143687888"
"24","42","[38.02023174854031 138.0202317485403 0]","""""","9.9","54.88618649745059","4","true","24","""done""","0.02800979866790232","150.81507305470979","24.147544777750664","41.9297393064633","33.922715915786036","""Clay loam""","""D""","""woods | used and managed but not planted | good""","77","0.5442522216210371","0.306","0.17402459315369867","0.13197540684630132","1","0","47.796127377941986","52.203872622058014","""woodland""","17.389806368897098"
"25","42","[33.98732237218371 133.9873223721837 0]","""""","9.9","53.30716821316392","4","true","16","""done""","0.018761474459957017","193.16691552518245","24.266166088975066","37.84101523042321","37.892818680601735","""Clay loam""","""D""","""woods | used and managed but not planted | good""","77","0.5621176840627078","0.306","0.15735016154147272","0.14864983845852728","0.9094581903519211","0","48.77414832075861","51.22585167924139","""woodland""","17.438707416037932"
"26","42","[30.21886698971653 130.21886698971653 0]","""""","9.9","51.831692471675794","4","true","7","""done""","0.008251885085253763","177.49499568180764","24.03932063506816","42.640549645732285","33.32012971919955","""Clay loam""","""D""","""woods | used and managed but not planted | good""","77","0.541540583736398","0.306","0.17655545517936191","0.12944454482063808","0.9897587971681664","0","49.87550754506712","50.12449245493288","""woodland""","17.493775377253357"
"27","42","[27.474987872735582 127.47498787273558 0]","""""","9.9","50.75737244827387","4","true","3","""done""","0.003544896404737763","157.74727342613252","19.986548059816926","43.69408217815658","36.319369762026504","""Silty clay loam""","""D""","""woods-grass combination or tree farm | lightly or only occasionally grazed | good""","79","0.5550371639291193","0.2365","0.0944586469994887","0.1420413530005113","0.7592159345372939","3.0709855053506487","47.29411736840723","49.63489712624213","""wood-grass""","17.518255143687888"
"28","42","[22.618442852165884 122.61844285216588 0]","""""","9.9","48.85587338883583","4","true","3","""done""","0.003544896404737763","155.49916465707673","23.683108036074252","41.33418371808021","34.98270824584552","""Clay loam""","""D""","""woods-grass combination or tree farm | lightly or only occasionally grazed | good""","79","0.5490221871063048","0.306","0.16957262536744883","0.13642737463255117","1","3.0709855053506487","47.29411736840723","49.63489712624213","""wood-grass""","17.518255143687888"
"29","42","[20.115661325300422 120.11566132530042 0]","""""","9.9","47.875951098574575","2","true","1","""done""","0.0011830311456955123","160.5764797108724","17.968146670723726","44.002606102591294","38.02924722668498","""Silty clay loam""","""D""","""woods-grass combination or tree farm | lightly or only occasionally grazed | good""","79","0.5627316125200824","0.2365","0.0872771616479231","0.1492228383520769","0.7458392650690434","5.854940353061892","44.75493979863351","49.39011984830461","""wood-grass""","17.530494007584768"
"30","42","[14.29015533503798 114.29015533503798 0]","""""","9.9","45.59507156089549","4","true","18","""done""","0.02108177262926547","162.51838158993922","22.77565789640273","36.80606793347921","40.41827417011806","""Clay""","""D""","""woods | used and managed but not planted | good""","77","0.5734822337655312","0.357","0.19774324848550415","0.15925675151449584","0.5833530818381041","0","48.52952574745245","51.47047425254755","""woodland""","17.426476287372623"
"31","42","[11.444074486958215 111.44407448695821 0]","""""","9.9","44.48073615727281","2","true","2","""done""","0.002364662728699396","142.35733450595166","23.842189303371022","38.949247963625275","37.208562733003696","""Clay loam""","""D""","""woods-grass combination or tree farm | lightly or only occasionally grazed | good""","79","0.5590385322985166","0.306","0.1602240365213845","0.1457759634786155","1","4.46554699695929","46.02194743691256","49.51250556612814","""wood-grass""","17.524374721693594"
"32","42","[9.06379157106943 109.06379157106943 0]","""""","9.9","43.54877615142733","1","true","3","""done""","0.003544896404737763","146.6905544087587","24.333742408108737","39.01613667585928","36.65012091603198","""Clay loam""","""D""","""woods-grass combination or tree farm | lightly or only occasionally grazed | good""","79","0.556525544122144","0.306","0.1625694921526657","0.1434305078473343","1","3.0709855053506487","47.29411736840723","49.63489712624213","""wood-grass""","17.518255143687888"
"33","42","[8.891746876622776 108.89174687662278 0]","""""","9.9","43.481414925847005","128","true","70","""done""","0.07952110245240551","150.63533891255219","23.923506240432637","40.75113934352204","35.32535441604533","""Clay loam""","""D""","""woods | used and managed but not planted | good""","77","0.5505640948722039","0.306","0.16813351145260963","0.13786648854739036","1","0","42.227797640810195","57.772202359189805","""woodland""","17.111389882040513"
"34","42","[9.986525697642392 109.98652569764239 0]","""""","9.9","43.91005728160494","32","true","38","""done""","0.043985115239447814","181.75042411108294","21.45550207648896","42.38163537415638","36.162862549354664","""Clay loam""","""D""","""woods | used and managed but not planted | good""","77","0.554332881472096","0.306","0.16461597729271044","0.14138402270728956","0.9665849985693774","0","46.08909633427316","53.91090366572684","""woodland""","17.30445481671366"
"35","42","[14.521373837693503 114.5213738376935 0]","""""","9.9","45.68560130240144","32","true","35","""done""","0.040584085212469256","169.1436574933485","21.8390077594287","39.13309074281246","39.027901497758826","""Clay loam""","""D""","""woods | used and managed but not planted | good""","77","0.5672255567399147","0.306","0.15258281370941296","0.15341718629058704","1","0","46.454254522102936","53.545745477897064","""woodland""","17.322712726105145"
"36","42","[19.790532963251778 119.79053296325178 0]","""""","9.9","47.74865252067328","32","false","0","""done""","0","151.6529294185673","19.160570660080786","41.22832827959147","39.611101060327755","""Silty clay loam""","""D""","""woods-grass combination or tree farm | lightly or only occasionally grazed | good""","79","0.5698499547714748","0.2365","0.08063337554662345","0.15586662445337654","0.789725883133967","7.2375519172233","43.49470664368795","49.26774143908875","""wood-grass""","17.53661292804556"
"37","42","[24.66476548372347 124.66476548372347 0]","""""","9.9","49.65707682517443","64","true","1","""done""","0.0011830311456955123","148.30535386195936","19.16082371626782","41.75847024210871","39.08070604162346","""Silty clay loam""","""D""","""woods-grass combination or tree farm | lightly or only occasionally grazed | good""","79","0.5674631771873055","0.2365","0.08286103462518149","0.1536389653748185","0.8075517201247244","5.854940353061892","44.75493979863351","49.39011984830461","""wood-grass""","17.530494007584768"
"38","42","[29.72215283595864 129.72215283595864 0]","""""","9.9","51.63721234389364","32","false","0","""done""","0","160.35100515560484","24.867762796267748","42.859795642085025","32.272441561647234","""Clay loam""","""D""","""woods-grass combination or tree farm | lightly or only occasionally grazed | good""","79","0.5368259870274126","0.306","0.18095574544108162","0.12504425455891838","1","7.2375519172233","43.49470664368795","49.26774143908875","""wood-grass""","17.53661292804556"
"39","42","[34.250402571546715 134.25040257154672 0]","""""","9.9","53.410172869669054","64","false","0","""done""","0","142.73717566135886","22.13730753273165","42.58823080491022","35.274461662358135","""Clay loam""","""D""","""woods-grass combination or tree farm | lightly or only occasionally grazed | good""","79","0.5503350774806116","0.306","0.16834726101809586","0.13765273898190414","1","7.2375519172233","43.49470664368795","49.26774143908875","""wood-grass""","17.53661292804556"
"40","42","[37.15761272641274 137.15761272641274 0]","""""","9.9","54.54844243201278","64","true","18","""done""","0.02108177262926547","143.6747992632249","23.190446733633497","41.254322811259456","35.55523045510705","""Clay loam""","""D""","""woods | used and managed but not planted | good""","77","0.5515985370479817","0.306","0.1671680320885504","0.13883196791144958","1","0","48.52952574745245","51.47047425254755","""woodland""","17.426476287372623"
"41","42","[39.72406922805811 139.7240692280581 0]","""""","9.9","55.55329559476486","64","true","5","""done""","0.005901176649031781","193.38653194471837","25.54151016324649","39.07547747286499","35.38301236388852","""Clay loam""","""D""","""woods-grass combination or tree farm | lightly or only occasionally grazed | good""","79","0.5508235556374983","0.306","0.16789134807166822","0.13810865192833177","0.9084253782451307","0.2729377906510422","49.84737030260629","49.87969190674267","""wood-grass""","17.506015404662865"
"42","42","[43.56204295812029 143.5620429581203 0]","""""","9.9","57.05599008373822","32","true","3","""done""","0.003544896404737763","193.30198851926764","25.70458031327417","38.48481419350643","35.8106054932194","""Clay loam""","""D""","""woods-grass combination or tree farm | lightly or only occasionally grazed | good""","79","0.5527477247194873","0.306","0.16609545692847855","0.13990454307152145","0.9088226912465723","3.0709855053506487","47.29411736840723","49.63489712624213","""wood-grass""","17.518255143687888"
"43","42","[48.078893341613025 148.07889334161302 0]","""""","9.9","58.82448738366158","32","true","1","""done""","0.0011830311456955123","136.75893947061923","23.688247576040073","42.501865480596315","33.809886943363615","""Clay loam""","""D""","""woods-grass combination or tree farm | lightly or only occasionally grazed | good""","79","0.5437444912451362","0.306","0.17449847483787284","0.13150152516212715","1","5.854940353061892","44.75493979863351","49.39011984830461","""wood-grass""","17.530494007584768"
"44","42","[50.33214955353253 150.33214955353253 0]","""""","9.9","59.70671220593559","64","true","16","""done""","0.018761474459957017","150.50239563809933","22.806647365858417","41.563175077410335","35.63017755673123","""Clay loam""","""D""","""woods | used and managed but not planted | good""","77","0.5519357990052906","0.306","0.16685325426172884","0.13914674573827115","1","0","48.77414832075861","51.22585167924139","""woodland""","17.438707416037932"
"45","42","[55.689181222215495 155.6891812222155 0]","""""","9.9","61.80416845028964","32","false","0","""done""","0","152.54684522832713","22.031401754392988","38.70908364467132","39.2595146009357","""Clay loam""","""D""","""woods-grass combination or tree farm | lightly or only occasionally grazed | good""","79","0.5682678157042107","0.306","0.15161003867607006","0.15438996132392993","1","7.2375519172233","43.49470664368795","49.26774143908875","""wood-grass""","17.53661292804556"
"46","42","[59.014854200380256 159.01485420038026 0]","""""","9.9","63.10628013940087","64","false","0","""done""","0","147.93930337340197","21.931708673998163","38.084641544556845","39.983649781444996","""Clay loam""","""D""","""woods-grass combination or tree farm | lightly or only occasionally grazed | good""","79","0.5715264240165024","0.306","0.14856867091793102","0.15743132908206897","1","7.2375519172233","43.49470664368795","49.26774143908875","""wood-grass""","17.53661292804556"
"47","42","[60.733602689587315 160.73360268958731 0]","""""","9.9","63.77922739342517","64","true","1","""done""","0.0011830311456955123","196.115207545523","24.912959628625696","35.82291544151496","39.264124929859335","""Clay loam""","""D""","""woods-grass combination or tree farm | lightly or only occasionally grazed | good""","79","0.568288562184367","0.306","0.1515906752945908","0.1544093247054092","0.8957858782502423","5.854940353061892","44.75493979863351","49.39011984830461","""wood-grass""","17.530494007584768"
"48","42","[66.324546794269 166.324546794269 0]","""""","9.9","65.96826814387532","32","false","0","""done""","0","188.9794427533838","23.235324709997766","35.001893985633735","41.762781304368495","""Clay""","""D""","""woods-grass combination or tree farm | lightly or only occasionally grazed | good""","79","0.5795325158696583","0.357","0.19209631852165232","0.16490368147834766","0.5016714906898755","7.2375519172233","43.49470664368795","49.26774143908875","""wood-grass""","17.53661292804556"
"49","42","[71.26733512389433 171.26733512389433 0]","""""","9.9","67.90353433001712","2","false","0","""done""","0","145.76917484921597","30.460090344194004","40.47686208634343","29.063047569462565","""Clay loam""","""D""","""woods-grass combination or tree farm | lightly or only occasionally grazed | good""","79","0.5223837140625816","0.306","0.19443520020825722","0.11156479979174277","1","7.2375519172233","43.49470664368795","49.26774143908875","""wood-grass""","17.53661292804556"
"0","41","[141.29430009846033 241.29430009846033 0]","""""","9.9","95.32142245222329","32","false","0","""done""","0","154.3326359780385","28.536678564468527","37.607646693910844","33.85567474162062","""Clay loam""","""D""","""woods-grass combination or tree farm | lightly or only occasionally grazed | good""","79","0.5439505363372927","0.306","0.17430616608519342","0.13169383391480657","1","7.2375519172233","43.49470664368795","49.26774143908875","""wood-grass""","17.53661292804556"
"1","41","[136.63080259194004 236.63080259194004 0]","""""","9.9","93.49550792146502","2","false","0","""done""","0","170.68612092545186","26.15247754058104","38.74006960116067","35.107452858258306","""Clay loam""","""D""","""woods-grass combination or tree farm | lightly or only occasionally grazed | good""","79","0.5495835378621624","0.306","0.16904869799531513","0.13695130200468486","1","7.2375519172233","43.49470664368795","49.26774143908875","""wood-grass""","17.53661292804556"
"2","41","[131.2548568727778 231.2548568727778 0]","""""","9.9","91.3906461966626","4","true","2","""done""","0.002364662728699396","159.79226834960733","26.72419208655552","37.70272067370853","35.57308723973597","""Clay loam""","""D""","""woods-grass combination or tree farm | lightly or only occasionally grazed | good""","79","0.5516788925788119","0.306","0.16709303359310895","0.13890696640689104","1","4.46554699695929","46.02194743691256","49.51250556612814","""wood-grass""","17.524374721693594"
"3","41","[129.1995523610505 229.1995523610505 0]","""""","9.9","90.5859260552132","2","false","0","""done""","0","196.67778172095217","28.260801295289685","37.23418015536002","34.5050185493503","""Clay loam""","""D""","""woods-grass combination or tree farm | lightly or only occasionally grazed | good""","79","0.5468725834720763","0.306","0.17157892209272876","0.13442107790727123","0.893223585766525","7.2375519172233","43.49470664368795","49.26774143908875","""wood-grass""","17.53661292804556"
"4","41","[122.31293976100685 222.31293976100685 0]","""""","9.9","87.88958795348981","4","true","5","""done""","0.005901176649031781","177.6166499822524","27.147612509428708","36.565033906346","36.287353584225286","""Clay loam""","""D""","""woods-grass combination or tree farm | lightly or only occasionally grazed | good""","79","0.5548930911290137","0.306","0.1640931149462538","0.14190688505374618","0.989080885417829","0.2729377906510422","49.84737030260629","49.87969190674267","""wood-grass""","17.506015404662865"
"5","41","[118.26865348570854 218.26865348570854 0]","""""","9.9","86.30611523450824","4","false","0","""done""","0","176.45321408119713","24.66247800062067","38.20390339284832","37.13361860653101","""Clay loam""","""D""","""woods-grass combination or tree farm | lightly or only occasionally grazed | good""","79","0.5587012837293895","0.306","0.16053880185256977","0.14546119814743022","0.9956023433415885","7.2375519172233","43.49470664368795","49.26774143908875","""wood-grass""","17.53661292804556"
"6","41","[114.07739957077976 214.07739957077976 0]","""""","9.9","84.6650997917711","4","true","9","""done""","0.010597034888850443","177.74727489520848","24.514816118608632","36.83849067400822","38.64669320738316","""Clay loam""","""D""","""woods | used and managed but not planted | good""","77","0.5655101194332242","0.306","0.15418388852899076","0.15181611147100924","0.9883540185522729","0","49.63071296516659","50.36928703483341","""woodland""","17.48153564825833"
"7","41","[109.729495542417 209.729495542417 0]","""""","9.9","82.9627506144358","4","true","1","""done""","0.0011830311456955123","147.4565225430227","24.79070265102822","38.889618484581696","36.319678864390085","""Clay loam""","""D""","""woods-grass combination or tree farm | lightly or only occasionally grazed | good""","79","0.5550385548897554","0.306","0.16395734876956167","0.14204265123043833","1","5.854940353061892","44.75493979863351","49.39011984830461","""wood-grass""","17.530494007584768"
"8","41","[106.43704485406653 206.43704485406653 0]","""""","9.9","81.67364655782188","4","true","1","""done""","0.0011830311456955123","161.8066363780989","22.816773786079914","40.92588127416601","36.257344939754084","""Clay loam""","""D""","""woods-grass combination or tree farm | lightly or only occasionally grazed | good""","79","0.5547580522288934","0.306","0.16421915125303285","0.14178084874696714","1","5.854940353061892","44.75493979863351","49.39011984830461","""wood-grass""","17.530494007584768"
"9","41","[103.34894974846986 203.34894974846986 0]","""""","9.9","80.46455451525323","4","false","0","""done""","0","154.2911977768805","22.293554980584087","41.276314430717186","36.43013058869874","""Clay loam""","""D""","""woods-grass combination or tree farm | lightly or only occasionally grazed | good""","79","0.5555355876491443","0.306","0.1634934515274653","0.1425065484725347","1","7.2375519172233","43.49470664368795","49.26774143908875","""wood-grass""","17.53661292804556"
"10","41","[99.07427710606515 199.07427710606515 0]","""""","9.9","78.79087786353662","4","false","0","""done""","0","143.96079230543288","24.769306586486863","40.412889726685805","34.81780368682734","""Clay loam""","""D""","""woods-grass combination or tree farm | lightly or only occasionally grazed | good""","79","0.548280116590723","0.306","0.1702652245153252","0.1357347754846748","1","7.2375519172233","43.49470664368795","49.26774143908875","""wood-grass""","17.53661292804556"
"11","41","[96.8136237437212 196.8136237437212 0]","""""","9.9","77.90575681060582","4","false","0","""done""","0","173.70813822820222","23.929155022291376","38.32007181418843","37.7507731635202","""Clay loam""","""D""","""woods-grass combination or tree farm | lightly or only occasionally grazed | good""","79","0.5614784792358409","0.306","0.15794675271321518","0.14805324728678482","1","7.2375519172233","43.49470664368795","49.26774143908875","""wood-grass""","17.53661292804556"
"12","41","[92.76950844208619 192.7695084420862 0]","""""","9.9","76.3223510335055","2","true","31","""done""","0.036030550113287374","211.34306967750905","22.74385798889","40.211918451239406","37.044223559870595","""Clay loam""","""D""","""woods | used and managed but not planted | good""","77","0.5582990060194177","0.306","0.1609142610485435","0.1450857389514565","0.8312419881922926","0","46.94171734069237","53.05828265930763","""woodland""","17.347085867034618"
"13","41","[87.20557668227335 187.20557668227335 0]","""""","9.9","74.1438865153653","4","true","33","""done""","0.03831001274303936","182.00622170962905","22.49204324033009","42.45932728270611","35.04862947696379","""Clay loam""","""D""","""woods | used and managed but not planted | good""","77","0.5493188326463371","0.306","0.1692957561967521","0.1367042438032479","0.9652265278583091","0","46.697907123351655","53.302092876648345","""woodland""","17.334895356167586"
"14","41","[84.71520056410577 184.71520056410577 0]","""""","9.9","73.1688213556096","2","false","0","""done""","0","168.19401712769184","21.826730750701373","39.29548084237016","38.87778840692847","""Clay loam""","""D""","""woods-grass combination or tree farm | lightly or only occasionally grazed | good""","79","0.5665500478311781","0.306","0.15321328869090045","0.15278671130909954","1","7.2375519172233","43.49470664368795","49.26774143908875","""wood-grass""","17.53661292804556"
"15","41","[78.84569691650995 178.84569691650995 0]","""""","9.9","70.8707152703164","2","true","1","""done""","0.0011830311456955123","145.8264897185594","25.9221455443768","34.86580877764687","39.21204567797634","""Clay loam""","""D""","""woods-grass combination or tree farm | lightly or only occasionally grazed | good""","79","0.5680542055508935","0.306","0.15180940815249938","0.1541905918475006","1","5.854940353061892","44.75493979863351","49.39011984830461","""wood-grass""","17.530494007584768"
"16","41","[72.78826421243025 172.78826421243025 0]","""""","9.9","68.49902870288382","2","true","9","""done""","0.010597034888850443","158.96694278335374","24.809565836341065","36.2805857504254","38.90984841323354","""Clay loam""","""D""","""woods | used and managed but not planted | good""","77","0.5666943178595509","0.306","0.15307863666441915","0.15292136333558085","1","0","49.63071296516659","50.36928703483341","""woodland""","17.48153564825833"
"17","41","[68.28905143249105 168.28905143249105 0]","""""","9.9","66.73743711194199","2","true","37","""done""","0.0428527802674884","157.3144810854824","22.719861911790638","40.51823680785543","36.76190128035393","""Clay loam""","""D""","""woods | used and managed but not planted | good""","77","0.5570285557615927","0.306","0.1621000146225135","0.1438999853774865","1","0","46.21077105356945","53.78922894643055","""woodland""","17.310538552678473"
"18","41","[64.20999035466377 164.20999035466377 0]","""""","9.9","65.14034890004912","2","true","38","""done""","0.043985115239447814","159.3680971606484","27.085171648437793","36.70918543096618","36.205642920596034","""Clay loam""","""D""","""woods | used and managed but not planted | good""","77","0.5545253931426821","0.306","0.16443629973349666","0.14156370026650333","1","0","46.08909633427316","53.91090366572684","""woodland""","17.30445481671366"
"19","41","[59.23317008049574 159.23317008049574 0]","""""","9.9","63.191758074628844","2","true","39","""done""","0.045116110623868","174.83223550089576","23.79219496278376","38.757551285574976","37.450253751641256","""Clay loam""","""D""","""woods | used and managed but not planted | good""","77","0.5601261418823856","0.306","0.15920893424310673","0.14679106575689327","1","0","45.967468202186566","54.032531797813434","""woodland""","17.298373410109328"
"20","41","[53.58568918629655 153.58568918629655 0]","""""","9.9","60.980581288862254","4","true","43","""done""","0.04962672795352363","178.82194241111839","22.838816366081318","38.96856785384667","38.192615780072025","""Clay loam""","""D""","""woods | used and managed but not planted | good""","77","0.563466771010324","0.306","0.15609101372369752","0.14990898627630247","0.9824143002848401","0","45.48145011479693","54.51854988520307","""woodland""","17.274072505739845"
"21","41","[50.38126715293777 150.38126715293777 0]","""""","9.9","59.72594338132373","2","true","20","""done""","0.023396584075973448","166.6690191568096","19.167134098014337","42.97714619209692","37.855719709888746","""Silty clay loam""","""D""","""woods | used and managed but not planted | good""","77","0.5619507386944993","0.2365","0.08800597721846729","0.1484940227815327","0.7185753190414573","0","48.284973609580675","51.715026390419325","""woodland""","17.414248680479034"
"22","41","[45.60260599583532 145.60260599583532 0]","""""","9.9","57.85493844733931","4","true","21","""done""","0.02455193633400432","150.20444541407457","21.055665636519514","44.157408378910674","34.786925984569805","""Clay loam""","""D""","""woods | used and managed but not planted | good""","77","0.5481411669305641","0.306","0.17039491086480682","0.13560508913519317","1","0","48.162727607139544","51.837272392860456","""woodland""","17.40813638035698"
"23","41","[40.90989207147925 140.90989207147925 0]","""""","9.9","56.01758471632661","2","false","0","""done""","0","186.95223115037925","22.518079121713033","39.55040714508569","37.93151373320127","""Clay loam""","""D""","""woods-grass combination or tree farm | lightly or only occasionally grazed | good""","79","0.5622918117994057","0.306","0.15718764232055468","0.1488123576794453","0.9396904885723717","7.2375519172233","43.49470664368795","49.26774143908875","""wood-grass""","17.53661292804556"
"24","41","[35.678885896633176 135.67888589663318 0]","""""","9.9","53.96947164844496","2","true","5","""done""","0.005901176649031781","156.28224997818336","21.821742829656365","36.832145002570314","41.34611216777333","""Clay""","""D""","""woods-grass combination or tree farm | lightly or only occasionally grazed | good""","79","0.5776575047549799","0.357","0.19384632889535203","0.16315367110464796","0.6066306235613237","0.2729377906510422","49.84737030260629","49.87969190674267","""wood-grass""","17.506015404662865"
"25","41","[31.74960029942281 131.7496002994228 0]","""""","9.9","52.431025523532384","2","true","31","""done""","0.036030550113287374","116.66342253437642","24.3091209540787","39.256605803864105","36.434273242057195","""Clay loam""","""D""","""woods | used and managed but not planted | good""","77","0.5555542295892574","0.306","0.1634760523833598","0.1425239476166402","1","0","46.94171734069237","53.05828265930763","""woodland""","17.347085867034618"
"26","41","[27.926903341358425 127.92690334135843 0]","""""","9.9","50.93431239938978","2","true","49","""done""","0.05635273487735715","166.72643696356369","26.515213640101784","38.28976979498334","35.19501656491487","""Clay loam""","""D""","""woods | used and managed but not planted | good""","77","0.5499775745421169","0.306","0.16868093042735754","0.13731906957264245","1","0","44.75406263509017","55.24593736490983","""woodland""","17.237703131754508"
"27","41","[23.580529438508194 123.5805294385082 0]","""""","9.9","49.23256231713352","2","true","58","""done""","0.06635259786863013","157.5861650682189","22.17846873195981","43.77315674916812","34.04837451887207","""Clay loam""","""D""","""woods | used and managed but not planted | good""","77","0.5448176853349244","0.306","0.1734968270207373","0.1325031729792627","1","0","43.667272411638734","56.332727588361266","""woodland""","17.183363620581936"
"28","41","[19.780615029861494 119.7806150298615 0]","""""","9.9","47.74476931956358","2","true","63","""done""","0.071862216116517","167.8740261054269","20.405768518468438","42.129285755136344","37.46494572639521","""Clay loam""","""D""","""woods | used and managed but not planted | good""","77","0.5601922557687784","0.306","0.15914722794914013","0.14685277205085986","1","0","43.06604925671059","56.93395074328941","""woodland""","17.15330246283553"
"29","41","[16.81189130277822 116.81189130277822 0]","""""","9.9","46.582415145789646","4","true","68","""done""","0.07733932113385433","152.48611204897708","23.958853803241094","39.62380977344478","36.417336423314126","""Clay loam""","""D""","""woods | used and managed but not planted | good""","77","0.5554780139049136","0.306","0.16354718702208068","0.1424528129779193","1","0","42.46686361993349","57.53313638006651","""woodland""","17.123343180996677"
"30","41","[14.555731322913147 114.55573132291315 0]","""""","9.9","45.69905340169282","2","false","0","""done""","0","112.90326911576483","26.043911286879972","38.17364955025903","35.782439162860996","""Clay loam""","""D""","""woods-grass combination or tree farm | lightly or only occasionally grazed | good""","79","0.5526209762328744","0.306","0.16621375551598383","0.13978624448401616","1","7.2375519172233","43.49470664368795","49.26774143908875","""wood-grass""","17.53661292804556"
"31","41","[10.090586660245094 110.0905866602451 0]","""""","9.9","43.95080061285693","2","true","20","""done""","0.023396584075973448","146.57877275661755","21.165524617407804","45.33330820187395","33.501167180718255","""Clay loam""","""D""","""woods | used and managed but not planted | good""","77","0.5423552523132321","0.306","0.17579509784098335","0.13020490215901664","1","0","48.284973609580675","51.715026390419325","""woodland""","17.414248680479034"
"32","41","[9.147152999306059 109.14715299930606 0]","""""","9.9","43.58141492584701","1","true","21","""done""","0.02455193633400432","160.77731026584604","23.787892790930997","40.21122144257618","36.000885766492814","""Clay loam""","""D""","""woods | used and managed but not planted | good""","77","0.5536039859492177","0.306","0.1652962797807302","0.1407037202192698","1","0","48.162727607139544","51.837272392860456","""woodland""","17.40813638035698"
"33","41","[9.070089117100693 109.0700891171007 0]","""""","9.9","43.5512418503562","128","true","8","""done""","0.009425153993882662","179.4903313629512","26.98383594732649","36.741642430336306","36.27452162233719","""Clay loam""","""D""","""woods | used and managed but not planted | good""","77","0.5548353473005173","0.306","0.16414700918618383","0.14185299081381617","0.978755970282066","0","49.753108775600275","50.246891224399725","""woodland""","17.487655438780013"
"34","41","[13.035210463738863 113.03521046373886 0]","""""","9.9","45.10371886421197","32","false","0","""done""","0","181.57419760326576","24.141621763290487","39.849012507870945","36.00936572883856","""Clay loam""","""D""","""woods-grass combination or tree farm | lightly or only occasionally grazed | good""","79","0.5536421457797736","0.306","0.16526066393887806","0.14073933606112193","0.9675231158848042","7.2375519172233","43.49470664368795","49.26774143908875","""wood-grass""","17.53661292804556"
"35","41","[17.379550422023854 117.37955042202385 0]","""""","9.9","46.80467258945695","64","true","1","""done""","0.0011830311456955123","149.4640873880153","23.173292468502833","40.77018851138852","36.056519020108645","""Clay loam""","""D""","""woods-grass combination or tree farm | lightly or only occasionally grazed | good""","79","0.5538543355904889","0.306","0.1650626201155437","0.1409373798844563","1","5.854940353061892","44.75493979863351","49.39011984830461","""wood-grass""","17.530494007584768"
"36","41","[21.035110345695955 121.03511034569595 0]","""""","9.9","48.23594600031611","64","true","33","""done""","0.03831001274303936","150.17128222755093","20.999730147177015","43.52558830480764","35.47468154801534","""Clay loam""","""D""","""woods | used and managed but not planted | good""","77","0.551236066966069","0.306","0.16750633749833557","0.13849366250166442","1","0","46.697907123351655","53.302092876648345","""woodland""","17.334895356167586"
"37","41","[25.07291162770528 125.07291162770528 0]","""""","9.9","49.81687962852693","32","true","12","""done""","0.014104365902709914","157.82038104331588","26.135431665194403","37.308485435243895","36.5560828995617","""Clay loam""","""D""","""woods | used and managed but not planted | good""","77","0.5561023730480277","0.306","0.16296445182184086","0.14303554817815914","1","0","49.26355795494361","50.73644204505639","""woodland""","17.46317789774718"
"38","41","[30.335832308561947 130.33583230856195 0]","""""","9.9","51.87748828800807","32","true","10","""done""","0.011767529412220479","142.7653595725697","23.889767701829953","40.33641405756368","35.773818240606374","""Clay loam""","""D""","""woods | used and managed but not planted | good""","77","0.5525821820827287","0.306","0.16624996338945325","0.13975003661054675","1","0","49.508321580567106","50.491678419432894","""woodland""","17.475416079028356"
"39","41","[34.33000005344317 134.33000005344317 0]","""""","9.9","53.441337933787416","32","true","8","""done""","0.009425153993882662","140.45836966789614","25.810220781565086","40.04864392359742","34.1411352948375","""Clay loam""","""D""","""woods | used and managed but not planted | good""","77","0.5452351088267687","0.306","0.17310723176168252","0.13289276823831747","1","0","49.753108775600275","50.246891224399725","""woodland""","17.487655438780013"
"40","41","[39.9674399870342 139.9674399870342 0]","""""","9.9","55.64858334919269","32","true","6","""done""","0.00707722651895526","139.7439568583522","27.515819539060427","36.55932133653824","35.924859124401316","""Clay loam""","""D""","""woods | used and managed but not planted | good""","77","0.5532618660598059","0.306","0.1656155916775145","0.1403844083224855","1","0","49.997907806624276","50.002092193375724","""woodland""","17.499895390331215"
"41","41","[43.20240392206716 143.20240392206716 0]","""""","9.9","56.91517942803632","64","true","17","""done""","0.01992231019702717","140.92575427736628","18.7403253658634","37.524669123601974","43.73500551053463","""Clay""","""D""","""woods | used and managed but not planted | good""","77","0.5884075247974059","0.357","0.18381297685575457","0.17318702314424542","0.6727343716694835","0","48.65182896075311","51.34817103924689","""woodland""","17.432591448037655"
"42","41","[46.844847123895704 146.8448471238957 0]","""""","9.9","58.3413172056124","64","false","0","""done""","0","135.10944286174808","24.358571402205556","39.70960960594688","35.931818991847564","""Clay loam""","""D""","""woods-grass combination or tree farm | lightly or only occasionally grazed | good""","79","0.5532931854633141","0.306","0.16558636023424025","0.14041363976575974","1","7.2375519172233","43.49470664368795","49.26774143908875","""wood-grass""","17.53661292804556"
"43","41","[49.98107536389904 149.98107536389904 0]","""""","9.9","59.56925497274748","64","false","0","""done""","0","157.23593552814202","24.389672044351162","40.67752412384482","34.93280383180402","""Clay loam""","""D""","""woods-grass combination or tree farm | lightly or only occasionally grazed | good""","79","0.5487976172431182","0.306","0.1697822239064231","0.13621777609357688","1","7.2375519172233","43.49470664368795","49.26774143908875","""wood-grass""","17.53661292804556"
"44","41","[53.48235592292903 153.48235592292903 0]","""""","9.9","60.94012287608737","64","false","0","""done""","0","153.2464595346863","20.270254873321278","43.67656044775276","36.05318467892595","""Clay loam""","""D""","""woods-grass combination or tree farm | lightly or only occasionally grazed | good""","79","0.5538393310551668","0.306","0.165076624348511","0.140923375651489","1","7.2375519172233","43.49470664368795","49.26774143908875","""wood-grass""","17.53661292804556"
"45","41","[54.73584781934974 154.73584781934974 0]","""""","9.9","61.43090668473363","64","true","14","""done""","0.01643567656304723","202.18720329196273","21.961608092131648","40.58000749638601","37.458384411482335","""Clay loam""","""D""","""woods | used and managed but not planted | good""","77","0.5601627298516705","0.306","0.15917478547177422","0.14682521452822578","0.8688840370164924","0","49.01882962762967","50.98117037237033","""woodland""","17.450941481381484"
"46","41","[58.08390764335638 158.08390764335638 0]","""""","9.9","62.74178356929386","32","true","5","""done""","0.005901176649031781","172.52344244991914","25.657532912411543","38.43314632092157","35.909320766666866","""Clay loam""","""D""","""woods-grass combination or tree farm | lightly or only occasionally grazed | good""","79","0.5531919434500009","0.306","0.16568085277999917","0.14031914722000083","1","0.2729377906510422","49.84737030260629","49.87969190674267","""wood-grass""","17.506015404662865"
"47","41","[62.20151049261389 162.2015104926139 0]","""""","9.9","64.35396216783263","32","true","1","""done""","0.0011830311456955123","155.54138455118277","23.515163776216703","38.242643959512385","38.24219226427092","""Clay loam""","""D""","""woods-grass combination or tree farm | lightly or only occasionally grazed | good""","79","0.5636898651892192","0.306","0.15588279249006215","0.15011720750993784","1","5.854940353061892","44.75493979863351","49.39011984830461","""wood-grass""","17.530494007584768"
"48","41","[67.40463158514251 167.4046315851425 0]","""""","9.9","66.39115729763805","32","false","0","""done""","0","168.64104477829113","20.603109283159114","41.614395206677266","37.782495510163606","""Clay loam""","""D""","""woods-grass combination or tree farm | lightly or only occasionally grazed | good""","79","0.5616212297957363","0.306","0.15781351885731287","0.14818648114268712","1","7.2375519172233","43.49470664368795","49.26774143908875","""wood-grass""","17.53661292804556"
"49","41","[69.50890978929564 169.50890978929564 0]","""""","9.9","67.21505227010219","2","false","0","""done""","0","166.78071005876038","20.340252708162428","41.60394357998959","38.05580371184797","""Clay loam""","""D""","""woods-grass combination or tree farm | lightly or only occasionally grazed | good""","79","0.5628511167033159","0.306","0.15666562441023854","0.14933437558976145","1","7.2375519172233","43.49470664368795","49.26774143908875","""wood-grass""","17.53661292804556"
"0","40","[137.92373157756694 237.92373157756694 0]","""""","9.9","94.00173266347335","32","false","0","""done""","0","145.0276721212536","23.669738563423117","39.21217325720839","37.118088179368506","""Clay loam""","""D""","""woods-grass combination or tree farm | lightly or only occasionally grazed | good""","79","0.5586313968071582","0.306","0.1606040296466523","0.1453959703533477","1","7.2375519172233","43.49470664368795","49.26774143908875","""wood-grass""","17.53661292804556"
"1","40","[135.7450459394308 235.7450459394308 0]","""40""","9.9","93.14870470343581","2","false","0","""done""","0","139.41735237569065","20.614709925430052","44.13019825237522","35.25509182219472","""Clay loam""","""D""","""woods-grass combination or tree farm | lightly or only occasionally grazed | good""","79","0.5502479131998762","0.306","0.1684286143467822","0.1375713856532178","1","7.2375519172233","43.49470664368795","49.26774143908875","""wood-grass""","17.53661292804556"
"2","40","[129.41911671530562 229.41911671530562 0]","""""","9.9","90.67189280963099","4","true","1","""done""","0.0011830311456955123","149.14792901860193","27.303821598504655","40.30318841760206","32.39298998389329","""Clay loam""","""D""","""woods-grass combination or tree farm | lightly or only occasionally grazed | good""","79","0.5373684549275197","0.306","0.1804494420676482","0.1255505579323518","1","5.854940353061892","44.75493979863351","49.39011984830461","""wood-grass""","17.530494007584768"
"3","40","[124.90003639198787 224.90003639198787 0]","""""","9.9","88.90252241402708","4","true","3","""done""","0.003544896404737763","174.46664971849486","24.608786768248535","38.2681791877603","37.123034043991154","""Clay loam""","""D""","""woods-grass combination or tree farm | lightly or only occasionally grazed | good""","79","0.5586536531979602","0.306","0.16058325701523715","0.14541674298476284","1","3.0709855053506487","47.29411736840723","49.63489712624213","""wood-grass""","17.518255143687888"
"4","40","[121.48540748976563 221.48540748976563 0]","""""","9.9","87.56558151913059","2","false","0","""done""","0","180.9120146807112","21.130592941085293","43.595661006202995","35.27374605271171","""Clay loam""","""D""","""woods-grass combination or tree farm | lightly or only occasionally grazed | good""","79","0.5503318572372027","0.306","0.16835026657861085","0.13764973342138914","0.9710644908766554","7.2375519172233","43.49470664368795","49.26774143908875","""wood-grass""","17.53661292804556"
"5","40","[115.61411129870294 215.61411129870294 0]","""""","9.9","85.26677359339284","4","true","7","""done""","0.008251885085253763","165.25450863826848","23.62477258635838","39.09573364059603","37.279493773045594","""Clay loam""","""D""","""woods | used and managed but not planted | good""","77","0.5593577219787051","0.306","0.15992612615320853","0.14607387384679146","1","0","49.87550754506712","50.12449245493288","""woodland""","17.493775377253357"
"6","40","[111.20374820654501 211.20374820654501 0]","""""","9.9","83.53996961319731","4","true","1","""done""","0.0011830311456955123","183.93403225706422","23.939618187137228","38.5110342779089","37.54934753495388","""Clay loam""","""D""","""woods-grass combination or tree farm | lightly or only occasionally grazed | good""","79","0.5605720639072924","0.306","0.1587927403531937","0.14720725964680628","0.9551099993494963","5.854940353061892","44.75493979863351","49.39011984830461","""wood-grass""","17.530494007584768"
"7","40","[107.4610958012413 207.4610958012413 0]","""""","9.9","82.07459659630028","4","true","10","""done""","0.011767529412220479","200.49460800692577","19.38280640430955","44.21667134273559","36.400522252954865","""Silty clay loam""","""D""","""woods | used and managed but not planted | good""","77","0.5554023501382969","0.2365","0.09411780653758958","0.1423821934624104","0.5973439625408488","0","49.508321580567106","50.491678419432894","""woodland""","17.475416079028356"
"8","40","[103.92177218692555 203.92177218692555 0]","""""","9.9","80.68883357028827","4","true","2","""done""","0.002364662728699396","142.29970379534126","20.125822229178286","42.605356373347384","37.26882139747434","""Clay loam""","""D""","""woods-grass combination or tree farm | lightly or only occasionally grazed | good""","79","0.5593096962886346","0.306","0.15997095013060778","0.14602904986939222","1","4.46554699695929","46.02194743691256","49.51250556612814","""wood-grass""","17.524374721693594"
"9","40","[100.95398451147724 200.95398451147724 0]","""""","9.9","79.52684589189242","4","true","2","""done""","0.002364662728699396","154.96802473857258","24.279029256249235","37.374982731000216","38.34598801275056","""Clay loam""","""D""","""woods-grass combination or tree farm | lightly or only occasionally grazed | good""","79","0.5641569460573775","0.306","0.15544685034644767","0.15055314965355232","1","4.46554699695929","46.02194743691256","49.51250556612814","""wood-grass""","17.524374721693594"
"10","40","[96.99649201241863 196.99649201241863 0]","""""","9.9","77.97735582584329","4","true","1","""done""","0.0011830311456955123","169.44795673810756","20.40950588460621","40.00670212691168","39.58379198848212","""Clay loam""","""D""","""woods-grass combination or tree farm | lightly or only occasionally grazed | good""","79","0.5697270639481695","0.306","0.1502480736483751","0.15575192635162488","1","5.854940353061892","44.75493979863351","49.39011984830461","""wood-grass""","17.530494007584768"
"11","40","[93.66946433280532 193.66946433280532 0]","""""","9.9","76.67471372601429","2","true","1","""done""","0.0011830311456955123","156.04929657267243","21.65782765291861","41.75041159746084","36.59176074962056","""Clay loam""","""D""","""woods-grass combination or tree farm | lightly or only occasionally grazed | good""","79","0.5562629233732925","0.306","0.16281460485159366","0.14318539514840634","1","5.854940353061892","44.75493979863351","49.39011984830461","""wood-grass""","17.530494007584768"
"12","40","[89.98031070175188 189.98031070175188 0]","""""","9.9","75.2302872603151","2","true","3","""done""","0.003544896404737763","167.73258903959533","27.870928352100687","39.10684400497478","33.02222764292454","""Clay loam""","""D""","""woods-grass combination or tree farm | lightly or only occasionally grazed | good""","79","0.5402000243931604","0.306","0.17780664389971693","0.12819335610028307","1","3.0709855053506487","47.29411736840723","49.63489712624213","""wood-grass""","17.518255143687888"
"13","40","[85.73785866225123 185.73785866225123 0]","""""","9.9","73.56922604732233","4","true","4","""done""","0.004723733827578291","154.24372050072571","20.90390482683294","41.26313772707066","37.832957446096415","""Clay loam""","""D""","""woods-grass combination or tree farm | lightly or only occasionally grazed | good""","79","0.5618483085074338","0.306","0.15760157872639508","0.14839842127360492","1","1.672896220173925","48.569810717776754","49.75729306204932","""wood-grass""","17.512135346897534"
"14","40","[81.33846878821919 181.3384687882192 0]","""""","9.9","71.84671844734298","4","true","34","""done""","0.03944772195046786","164.2281543622021","23.99532849983532","37.60722762236118","38.3974438778035","""Clay loam""","""D""","""woods | used and managed but not planted | good""","77","0.5643884974501157","0.306","0.15523073571322532","0.15076926428677467","1","0","46.576060400197704","53.423939599802296","""woodland""","17.328803020009886"
"15","40","[77.43559980436075 177.43559980436075 0]","""""","9.9","70.31861530601843","4","false","0","""done""","0","167.25695127203522","29.166324433612928","37.94329315239126","32.890382413995816","""Clay loam""","""D""","""woods-grass combination or tree farm | lightly or only occasionally grazed | good""","79","0.5396067208629811","0.306","0.17836039386121758","0.12763960613878242","1","7.2375519172233","43.49470664368795","49.26774143908875","""wood-grass""","17.53661292804556"
"16","40","[72.21588498358233 172.21588498358233 0]","""""","9.9","68.27492317916553","4","false","0","""done""","0","129.18421246520793","27.304696941823977","38.96883560519025","33.72646745298578","""Clay loam""","""D""","""woods-grass combination or tree farm | lightly or only occasionally grazed | good""","79","0.543369103538436","0.306","0.17484883669745974","0.13115116330254026","1","7.2375519172233","43.49470664368795","49.26774143908875","""wood-grass""","17.53661292804556"
"17","40","[67.23238220304441 167.2323822030444 0]","""""","9.9","66.32371593002773","4","false","0","""done""","0","189.23412214501508","24.16047797580608","39.898086160183425","35.94143586401051","""Clay loam""","""D""","""woods-grass combination or tree farm | lightly or only occasionally grazed | good""","79","0.5533364613880473","0.306","0.16554596937115587","0.14045403062884412","0.928359174540249","7.2375519172233","43.49470664368795","49.26774143908875","""wood-grass""","17.53661292804556"
"18","40","[63.05478405599837 163.05478405599837 0]","""""","9.9","64.6880471750439","4","false","0","""done""","0","155.13487645340757","16.15560964868691","40.55304763432931","43.29134271698378","""Silty clay""","""D""","""woods-grass combination or tree farm | lightly or only occasionally grazed | good""","79","0.586411042226427","0.3485","0.17717636058866812","0.17132363941133186","0.9047161713375327","7.2375519172233","43.49470664368795","49.26774143908875","""wood-grass""","17.53661292804556"
"19","40","[58.44730969924589 158.4473096992459 0]","""""","9.9","62.88406757253999","4","false","0","""done""","0","131.7874257679308","22.749117851953844","42.62564062634325","34.62524152170291","""Clay loam""","""D""","""woods-grass combination or tree farm | lightly or only occasionally grazed | good""","79","0.5474135868476631","0.306","0.1710739856088478","0.1349260143911522","1","7.2375519172233","43.49470664368795","49.26774143908875","""wood-grass""","17.53661292804556"
"20","40","[53.21797016699173 153.21797016699173 0]","""""","9.9","60.83660705071887","2","false","0","""done""","0","156.55212791279484","24.720522699594095","38.06040303507252","37.21907426533338","""Clay loam""","""D""","""woods-grass combination or tree farm | lightly or only occasionally grazed | good""","79","0.5590858341940002","0.306","0.1601798880855998","0.1458201119144002","1","7.2375519172233","43.49470664368795","49.26774143908875","""wood-grass""","17.53661292804556"
"21","40","[47.242927907600006 147.2429279076 0]","""""","9.9","58.49717908532072","4","true","45","""done""","0.05187404020828401","185.05692719795871","20.541874485170393","43.543535670123106","35.9145898447065","""Clay loam""","""D""","""woods | used and managed but not planted | good""","77","0.5532156543011792","0.306","0.16565872265223272","0.14034127734776727","0.9493145492547261","0","45.23875766745444","54.76124233254556","""woodland""","17.261937883372724"
"22","40","[43.994644787132415 143.99464478713242 0]","""""","9.9","57.225368101957685","2","false","0","""done""","0","176.00834932855892","26.890255013674444","40.67548595706071","32.43425902926485","""Clay loam""","""D""","""woods-grass combination or tree farm | lightly or only occasionally grazed | good""","79","0.5375541656316918","0.306","0.18027611207708763","0.12572388792291236","0.9981187489092009","7.2375519172233","43.49470664368795","49.26774143908875","""wood-grass""","17.53661292804556"
"23","40","[38.23788845952396 138.23788845952396 0]","""""","9.9","54.971406346018405","2","true","23","""done""","0.026858542013937226","148.63111159684507","17.174123005816693","46.42118782115249","36.40468917303081","""Silty clay loam""","""D""","""woods | used and managed but not planted | good""","77","0.5554211012786386","0.2365","0.09410030547327061","0.14239969452672938","0.8057817931133161","0","47.918303033307154","52.081696966692846","""woodland""","17.395915151665356"
"24","40","[34.34475080017759 134.3447508001776 0]","""""","9.9","53.44711334221516","2","true","24","""done""","0.02800979866790232","167.15096332667355","21.97986334938092","39.59195916427014","38.42817748634892","""Clay loam""","""D""","""woods | used and managed but not planted | good""","77","0.5645267986885701","0.306","0.15510165455733455","0.15089834544266545","1","0","47.796127377941986","52.203872622058014","""woodland""","17.389806368897098"
"25","40","[30.244194763597505 130.2441947635975 0]","""""","9.9","51.841609138361335","4","true","25","""done""","0.02915969334938906","179.46801842586217","23.729953569222733","39.51812234788449","36.75192408289277","""Clay loam""","""D""","""woods | used and managed but not planted | good""","77","0.5569836583730174","0.306","0.16214191885185036","0.14385808114814963","0.9788776572577287","0","47.67397808568956","52.32602191431044","""woodland""","17.38369890428448"
"26","40","[26.46238305163142 126.46238305163142 0]","""""","9.9","50.36090394921605","4","false","0","""done""","0","162.73926371896897","20.71402317103643","42.382210012570276","36.90376681639329","""Clay loam""","""D""","""woods-grass combination or tree farm | lightly or only occasionally grazed | good""","79","0.5576669506737698","0.306","0.1615041793711482","0.1444958206288518","1","7.2375519172233","43.49470664368795","49.26774143908875","""wood-grass""","17.53661292804556"
"27","40","[23.108876751892666 123.10887675189267 0]","""""","9.9","49.04789458808287","4","false","0","""done""","0","166.83659781821794","23.390844724469694","38.71209733311103","37.897057942419266","""Clay loam""","""D""","""woods-grass combination or tree farm | lightly or only occasionally grazed | good""","79","0.5621367607408867","0.306","0.1573323566418391","0.1486676433581609","1","7.2375519172233","43.49470664368795","49.26774143908875","""wood-grass""","17.53661292804556"
"28","40","[19.567570530367803 119.5675705303678 0]","""""","9.9","47.66135530534362","4","false","0","""done""","0","145.98285213692506","21.653018484411454","40.20160799091583","38.14537352467271","""Clay loam""","""D""","""woods-grass combination or tree farm | lightly or only occasionally grazed | good""","79","0.5632541808610272","0.306","0.15628943119637462","0.14971056880362538","1","7.2375519172233","43.49470664368795","49.26774143908875","""wood-grass""","17.53661292804556"
"29","40","[16.010325882033754 116.01032588203375 0]","""""","9.9","46.268575597887164","4","false","0","""done""","0","177.5643536754767","23.82708718612125","40.83691512284415","35.335997691034606","""Clay loam""","""D""","""woods-grass combination or tree farm | lightly or only occasionally grazed | good""","79","0.5506119896096557","0.306","0.16808880969765466","0.13791119030234533","0.9893721898172713","7.2375519172233","43.49470664368795","49.26774143908875","""wood-grass""","17.53661292804556"
"30","40","[11.876028105715264 111.87602810571526 0]","""""","9.9","44.64986037959723","2","true","69","""done""","0.07843085745386158","154.98015882134624","23.498466868284076","40.6532724426379","35.84826068907803","""Clay loam""","""D""","""woods | used and managed but not planted | good""","77","0.5529171731008511","0.306","0.1659373051058723","0.1400626948941277","1","0","42.347285844023276","57.652714155976724","""woodland""","17.117364292201167"
"31","40","[9.626480635022475 109.62648063502247 0]","""""","9.9","43.76908765298472","8","true","70","""done""","0.07952110245240551","161.80173775804604","27.028568771772363","36.411760916523484","36.55967031170415","""Clay loam""","""D""","""woods | used and managed but not planted | good""","77","0.5561185164026687","0.306","0.16294938469084258","0.14305061530915741","1","0","42.227797640810195","57.772202359189805","""woodland""","17.111389882040513"
"32","40","[8.9981688167355 108.9981688167355 0]","""""","9.9","43.52308265839572","16","true","1","""done""","0.0011830311456955123","183.3893593357842","26.737716833673026","39.379153260694224","33.88312990563275","""Clay loam""","""D""","""woods-grass combination or tree farm | lightly or only occasionally grazed | good""","79","0.5440740845753473","0.306","0.17419085439634246","0.13180914560365753","0.9579467100254788","5.854940353061892","44.75493979863351","49.39011984830461","""wood-grass""","17.530494007584768"
"33","40","[10.428579214167698 110.4285792141677 0]","""""","9.9","44.08313595015099","32","false","0","""done""","0","171.39797278516045","26.88187351504774","36.070708932750726","37.047417552201544","""Clay loam""","""D""","""woods-grass combination or tree farm | lightly or only occasionally grazed | good""","79","0.558313378984907","0.306","0.16090084628075352","0.14509915371924648","1","7.2375519172233","43.49470664368795","49.26774143908875","""wood-grass""","17.53661292804556"
"34","40","[13.343615876135374 113.34361587613537 0]","""""","9.9","45.22446985058474","64","true","6","""done""","0.00707722651895526","162.0325809378625","24.055503821509816","41.39865856758903","34.54583761090115","""Clay loam""","""D""","""woods | used and managed but not planted | good""","77","0.5470562692490551","0.306","0.17140748203421516","0.13459251796578484","1","0","49.997907806624276","50.002092193375724","""woodland""","17.499895390331215"
"35","40","[19.385929440824626 119.38592944082463 0]","""""","9.9","47.59023677160023","32","false","0","""done""","0","146.09079435565056","24.963325970824624","39.27357470405776","35.76309932511762","""Clay loam""","""D""","""woods-grass combination or tree farm | lightly or only occasionally grazed | good""","79","0.5525339469630293","0.306","0.166294982834506","0.139705017165494","1","7.2375519172233","43.49470664368795","49.26774143908875","""wood-grass""","17.53661292804556"
"36","40","[23.96686905372995 123.96686905372995 0]","""""","9.9","49.38382713849445","64","false","0","""done""","0","167.07114565685384","20.74272321650568","42.10087209723376","37.15640468626055","""Clay loam""","""D""","""woods-grass combination or tree farm | lightly or only occasionally grazed | good""","79","0.5588038210881725","0.306","0.1604431003177057","0.1455568996822943","1","7.2375519172233","43.49470664368795","49.26774143908875","""wood-grass""","17.53661292804556"
"37","40","[28.653238216695172 128.65323821669517 0]","""""","9.9","51.218696684193105","64","true","19","""done""","0.022239863381334102","143.4884988950666","19.56989459628088","42.40669676997394","38.02340863374517","""Silty clay loam""","""D""","""woods | used and managed but not planted | good""","77","0.5627053388518533","0.2365","0.0873016837382703","0.1491983162617297","0.8346609277898643","0","48.407240143221166","51.592759856778834","""woodland""","17.42036200716106"
"38","40","[33.53019802745598 133.53019802745598 0]","""""","9.9","53.12818881363927","64","false","0","""done""","0","202.24172157494405","26.37992087525056","37.39422859151756","36.22585053323187","""Clay loam""","""D""","""woods-grass combination or tree farm | lightly or only occasionally grazed | good""","79","0.5546163273995435","0.306","0.16435142776042616","0.14164857223957383","0.8686498120235526","7.2375519172233","43.49470664368795","49.26774143908875","""wood-grass""","17.53661292804556"
"39","40","[37.593279763536714 137.5932797635367 0]","""""","9.9","54.71902058125481","64","false","0","""done""","0","134.08608731338254","27.929614225531697","37.348029414480806","34.7223563599875","""Clay loam""","""D""","""woods-grass combination or tree farm | lightly or only occasionally grazed | good""","79","0.5478506036199438","0.306","0.1706661032880525","0.13533389671194748","1","7.2375519172233","43.49470664368795","49.26774143908875","""wood-grass""","17.53661292804556"
"40","40","[42.003058763386775 142.00305876338678 0]","""""","9.9","56.44559586986623","64","false","0","""done""","0","143.64486633367437","22.399743049881486","39.381479822284014","38.21877712783449","""Clay loam""","""D""","""woods-grass combination or tree farm | lightly or only occasionally grazed | good""","79","0.5635844970752553","0.306","0.15598113606309513","0.15001886393690486","1","7.2375519172233","43.49470664368795","49.26774143908875","""wood-grass""","17.53661292804556"
"41","40","[45.72746506884985 145.72746506884985 0]","""""","9.9","57.903824931227305","64","true","5","""done""","0.005901176649031781","167.16509158872086","23.415782917236225","41.40630904372074","35.177908039043025","""Clay loam""","""D""","""woods-grass combination or tree farm | lightly or only occasionally grazed | good""","79","0.5499005861756936","0.306","0.1687527862360193","0.1372472137639807","1","0.2729377906510422","49.84737030260629","49.87969190674267","""wood-grass""","17.506015404662865"
"42","40","[47.866680605853105 147.8666806058531 0]","""""","9.9","58.74139903263443","64","true","16","""done""","0.018761474459957017","131.98829234827824","22.486653424525656","41.91763876343124","35.595707812043116","""Clay loam""","""D""","""woods | used and managed but not planted | good""","77","0.551780685154194","0.306","0.16699802718941892","0.13900197281058108","1","0","48.77414832075861","51.22585167924139","""woodland""","17.438707416037932"
"43","40","[50.91629137536532 150.91629137536532 0]","""""","9.9","59.935423176407184","32","true","6","""done""","0.00707722651895526","172.17595713827845","22.068135029650296","42.970217904392044","34.961647065957656","""Clay loam""","""D""","""woods | used and managed but not planted | good""","77","0.5489274117968095","0.306","0.16966108232297786","0.13633891767702214","1","0","49.997907806624276","50.002092193375724","""woodland""","17.499895390331215"
"44","40","[55.230563039577106 155.2305630395771 0]","""""","9.9","61.62460416349017","32","false","0","""done""","0","169.43723898057985","22.287841267454183","37.17446454412609","40.53769418841973","""Clay""","""D""","""woods-grass combination or tree farm | lightly or only occasionally grazed | good""","79","0.5740196238478887","0.357","0.19724168440863715","0.15975831559136283","0.5595322452503977","7.2375519172233","43.49470664368795","49.26774143908875","""wood-grass""","17.53661292804556"
"45","40","[58.52181720397883 158.52181720397883 0]","""""","9.9","62.913239741143535","128","false","0","""done""","0","178.88563531135878","21.892533262067257","39.50693860434388","38.60052813358886","""Clay loam""","""D""","""woods-grass combination or tree farm | lightly or only occasionally grazed | good""","79","0.5653023766011498","0.306","0.1543777818389268","0.15162221816107319","0.9820645079948449","7.2375519172233","43.49470664368795","49.26774143908875","""wood-grass""","17.53661292804556"
"46","40","[59.96448860836355 159.96448860836355 0]","""""","9.9","63.47809362531362","64","true","6","""done""","0.00707722651895526","153.4606785196006","26.326229720262436","34.094033637030385","39.57973664270719","""Clay loam""","""D""","""woods | used and managed but not planted | good""","77","0.5697088148921823","0.306","0.15026510610062982","0.15573489389937017","1","0","49.997907806624276","50.002092193375724","""woodland""","17.499895390331215"
"47","40","[62.654363657344106 162.6543636573441 0]","""""","9.9","64.53126925819231","64","true","2","""done""","0.002364662728699396","149.26799820015805","22.31857980276059","37.39581769576509","40.28560250147433","""Clay""","""D""","""woods-grass combination or tree farm | lightly or only occasionally grazed | good""","79","0.5728852112566345","0.357","0.1983004694938078","0.15869953050619218","0.6351368002450485","4.46554699695929","46.02194743691256","49.51250556612814","""wood-grass""","17.524374721693594"
"48","40","[68.9502788501087 168.9502788501087 0]","""""","9.9","66.99632965949365","32","false","0","""done""","0","146.45479722719543","24.40388841570941","37.33024683291961","38.265864751370984","""Clay loam""","""D""","""woods-grass combination or tree farm | lightly or only occasionally grazed | good""","79","0.5637963913811694","0.306","0.1557833680442419","0.1502166319557581","1","7.2375519172233","43.49470664368795","49.26774143908875","""wood-grass""","17.53661292804556"
"49","40","[71.0947468371314 171.0947468371314 0]","""""","9.9","67.83596026994772","2","false","0","""done""","0","206.97451916301367","24.20314850881124","40.25348423556849","35.543367255620275","""Clay loam""","""D""","""woods-grass combination or tree farm | lightly or only occasionally grazed | good""","79","0.5515451526502912","0.306","0.16721785752639487","0.13878214247360512","0.8487867692110977","7.2375519172233","43.49470664368795","49.26774143908875","""wood-grass""","17.53661292804556"
"0","39","[136.82820583262554 236.82820583262554 0]","""""","9.9","93.57279786213347","32","false","0","""done""","0","162.17569982901833","26.53745646229414","38.585366762603726","34.87717677510214","""Clay loam""","""D""","""woods-grass combination or tree farm | lightly or only occasionally grazed | good""","79","0.5485472954879597","0.306","0.17001585754457102","0.13598414245542897","1","7.2375519172233","43.49470664368795","49.26774143908875","""wood-grass""","17.53661292804556"
"1","39","[131.7883120739597 231.7883120739597 0]","""""","9.9","91.59951166769261","4","false","0","""done""","0","154.4719524793538","20.47582981806231","42.262465732151064","37.26170444978663","""Clay loam""","""D""","""woods-grass combination or tree farm | lightly or only occasionally grazed | good""","79","0.5592776700240398","0.306","0.16000084131089617","0.14599915868910382","1","7.2375519172233","43.49470664368795","49.26774143908875","""wood-grass""","17.53661292804556"
"2","39","[127.87967313565014 227.87967313565014 0]","""""","9.9","90.06914939710737","2","false","0","""done""","0","166.2964923457449","23.303703203103623","34.38162892375883","42.314667873137545","""Clay""","""D""","""woods-grass combination or tree farm | lightly or only occasionally grazed | good""","79","0.5820160054291189","0.357","0.1897783949328223","0.16722160506717768","0.5700998103960181","7.2375519172233","43.49470664368795","49.26774143908875","""wood-grass""","17.53661292804556"
"3","39","[122.89893786699383 222.89893786699383 0]","""""","9.9","88.1190257210071","4","true","3","""done""","0.003544896404737763","156.36148944849492","26.034387349796173","37.4881384857095","36.47747416449433","""Clay loam""","""D""","""woods-grass combination or tree farm | lightly or only occasionally grazed | good""","79","0.5557486337402244","0.306","0.1632946085091238","0.1427053914908762","1","3.0709855053506487","47.29411736840723","49.63489712624213","""wood-grass""","17.518255143687888"
"4","39","[118.99992561432552 218.99992561432552 0]","""""","9.9","86.5924326183416","2","true","4","""done""","0.004723733827578291","151.8343469093247","19.483581874045015","42.13847820369998","38.37793992225501","""Silty clay loam""","""D""","""woods-grass combination or tree farm | lightly or only occasionally grazed | good""","79","0.5643007296501475","0.2365","0.08581265232652896","0.15068734767347103","0.7887822884136637","1.672896220173925","48.569810717776754","49.75729306204932","""wood-grass""","17.512135346897534"
"5","39","[114.01457747626478 214.01457747626478 0]","""""","9.9","84.64050285029805","2","true","5","""done""","0.005901176649031781","199.54521331742214","21.243813930474083","39.17739614852352","39.5787899210024","""Clay loam""","""D""","""woods-grass combination or tree farm | lightly or only occasionally grazed | good""","79","0.5697045546445108","0.306","0.15026908233178995","0.15573091766821004","0.8803881110890901","0.2729377906510422","49.84737030260629","49.87969190674267","""wood-grass""","17.506015404662865"
"6","39","[109.14804784863918 209.14804784863918 0]","""""","9.9","82.73509448479052","2","true","14","""done""","0.01643567656304723","123.6226243801556","26.88271493167875","35.04813700945437","38.06914805886688","""Clay loam""","""D""","""woods | used and managed but not planted | good""","77","0.5629111662649009","0.306","0.1566095781527591","0.14939042184724088","1","0","49.01882962762967","50.98117037237033","""woodland""","17.450941481381484"
"7","39","[104.50620122553448 204.50620122553448 0]","""""","9.9","80.91765699568973","2","true","17","""done""","0.01992231019702717","192.67166244171696","19.71897319027485","42.44804199750477","37.83298481222039","""Silty clay loam""","""D""","""woods | used and managed but not planted | good""","77","0.5618484316549918","0.2365","0.08810146378867437","0.14839853621132562","0.6215976033899631","0","48.65182896075311","51.34817103924689","""woodland""","17.432591448037655"
"8","39","[100.15030554314089 200.1503055431409 0]","""""","9.9","79.21217881974357","4","true","29","""done""","0.033745684547090926","171.39919964980555","25.14252444150902","39.57556347765484","35.28191208083614","""Clay loam""","""D""","""woods | used and managed but not planted | good""","77","0.5503686043637627","0.306","0.16831596926048822","0.13768403073951177","1","0","47.185673627475296","52.814326372524704","""woodland""","17.359283681373768"
"9","39","[98.35857688473612 198.35857688473612 0]","""""","9.9","78.51065739982576","4","true","3","""done""","0.003544896404737763","164.42149806658557","24.586090741295596","40.079182957785626","35.33472630091878","""Clay loam""","""D""","""woods-grass combination or tree farm | lightly or only occasionally grazed | good""","79","0.5506062683541345","0.306","0.16809414953614113","0.13790585046385886","1","3.0709855053506487","47.29411736840723","49.63489712624213","""wood-grass""","17.518255143687888"
"10","39","[94.71562619305499 194.715626193055 0]","""""","9.9","77.08432092307706","4","true","3","""done""","0.003544896404737763","148.44299241217698","22.090723259149975","40.53733244380802","37.37194429704199","""Clay loam""","""D""","""woods-grass combination or tree farm | lightly or only occasionally grazed | good""","79","0.559773749336689","0.306","0.15953783395242366","0.14646216604757634","1","3.0709855053506487","47.29411736840723","49.63489712624213","""wood-grass""","17.518255143687888"
"11","39","[91.2131449051308 191.2131449051308 0]","""""","9.9","75.71298289440047","4","true","2","""done""","0.002364662728699396","157.0028691510603","24.159442782108847","38.423593873842925","37.41696334404823","""Clay loam""","""D""","""woods-grass combination or tree farm | lightly or only occasionally grazed | good""","79","0.559976335048217","0.306","0.15934875395499745","0.14665124604500254","1","4.46554699695929","46.02194743691256","49.51250556612814","""wood-grass""","17.524374721693594"
"12","39","[88.65591442504811 188.6559144250481 0]","""""","9.9","74.71174202624249","4","false","0","""done""","0","135.625042680113","24.86279156263043","39.980050271012296","35.15715816635728","""Clay loam""","""D""","""woods-grass combination or tree farm | lightly or only occasionally grazed | good""","79","0.5498072117486077","0.306","0.16883993570129946","0.13716006429870053","1","7.2375519172233","43.49470664368795","49.26774143908875","""wood-grass""","17.53661292804556"
"13","39","[84.04741766112733 184.04741766112733 0]","""""","9.9","72.90736211729424","2","false","0","""done""","0","152.35644623656336","22.05735692152691","39.95868697707545","37.98395610139764","""Clay loam""","""D""","""woods-grass combination or tree farm | lightly or only occasionally grazed | good""","79","0.5625278024562894","0.306","0.15696738437412994","0.14903261562587006","1","7.2375519172233","43.49470664368795","49.26774143908875","""wood-grass""","17.53661292804556"
"14","39","[79.0784957117213 179.0784957117213 0]","""""","9.9","70.96186374896898","4","true","6","""done""","0.00707722651895526","150.8739428250991","26.13509737359584","40.479679963436716","33.38522266296744","""Clay loam""","""D""","""woods | used and managed but not planted | good""","77","0.5418335019833534","0.306","0.17628206481553674","0.12971793518446326","1","0","49.997907806624276","50.002092193375724","""woodland""","17.499895390331215"
"15","39","[75.01770144319767 175.01770144319767 0]","""""","9.9","69.3719276010563","2","true","35","""done""","0.040584085212469256","173.09736249123975","23.597743919487204","41.38898941190422","35.013266668608566","""Clay loam""","""D""","""woods | used and managed but not planted | good""","77","0.5491597000087385","0.306","0.16944427999184403","0.13655572000815597","1","0","46.454254522102936","53.545745477897064","""woodland""","17.322712726105145"
"16","39","[69.59060572877888 169.59060572877888 0]","""""","9.9","67.24703895022753","4","true","37","""done""","0.0428527802674884","159.17132313982168","27.19804299671105","35.08229137552885","37.7196656277601","""Clay loam""","""D""","""woods | used and managed but not planted | good""","77","0.5613384953249204","0.306","0.1580774043634076","0.1479225956365924","1","0","46.21077105356945","53.78922894643055","""woodland""","17.310538552678473"
"17","39","[65.14935660199981 165.1493566019998 0]","""""","9.9","65.50814205922131","2","true","1","""done""","0.0011830311456955123","167.66925445436416","24.621352515063645","42.07428687525256","33.30436060968379","""Clay loam""","""D""","""woods-grass combination or tree farm | lightly or only occasionally grazed | good""","79","0.541469622743577","0.306","0.1766216854393281","0.1293783145606719","1","5.854940353061892","44.75493979863351","49.39011984830461","""wood-grass""","17.530494007584768"
"18","39","[59.9933570205032 159.9933570205032 0]","""""","9.9","63.489396569752216","4","true","3","""done""","0.003544896404737763","171.39296908833262","22.492786636545848","42.90648848127338","34.60072488218077","""Clay loam""","""D""","""woods-grass combination or tree farm | lightly or only occasionally grazed | good""","79","0.5473032619698135","0.306","0.17117695549484077","0.13482304450515922","1","3.0709855053506487","47.29411736840723","49.63489712624213","""wood-grass""","17.518255143687888"
"19","39","[55.77132631239877 155.77132631239877 0]","""""","9.9","61.83633098786714","2","true","1","""done""","0.0011830311456955123","139.93262928377496","23.622938243387182","44.737850345432406","31.639211411180412","""Clay loam""","""D""","""woods-grass combination or tree farm | lightly or only occasionally grazed | good""","79","0.5339764513503118","0.306","0.18361531207304227","0.12238468792695774","1","5.854940353061892","44.75493979863351","49.39011984830461","""wood-grass""","17.530494007584768"
"20","39","[49.880097154835425 149.88009715483543 0]","""""","9.9","59.52971864213694","2","true","3","""done""","0.003544896404737763","143.98250484400353","22.52119588166005","39.78817770955017","37.69062640878978","""Clay loam""","""D""","""woods-grass combination or tree farm | lightly or only occasionally grazed | good""","79","0.561207818839554","0.306","0.15819936908308294","0.14780063091691706","1","3.0709855053506487","47.29411736840723","49.63489712624213","""wood-grass""","17.518255143687888"
"21","39","[45.76114739086836 145.76114739086836 0]","""""","9.9","57.91701268164795","2","true","4","""done""","0.004723733827578291","177.18393987859807","20.627912171352005","44.79477444625361","34.57731338239438","""Clay loam""","""D""","""woods-grass combination or tree farm | lightly or only occasionally grazed | good""","79","0.5471979102207747","0.306","0.1712752837939436","0.1347247162060564","0.9914963712273493","1.672896220173925","48.569810717776754","49.75729306204932","""wood-grass""","17.512135346897534"
"22","39","[41.05205960954538 141.05205960954538 0]","""""","9.9","56.073248040514976","2","true","51","""done""","0.05858414239423182","178.97763744113732","26.991405150336647","31.536502521856654","41.4720923278067","""Clay""","""D""","""woods | used and managed but not planted | good""","77","0.5782244154751301","0.357","0.19331721222321188","0.1636827877767881","0.5297063929956723","0","44.51208258832723","55.48791741167277","""woodland""","17.22560412941636"
"23","39","[36.332578870653265 136.33257887065326 0]","""""","9.9","54.225414210491806","4","true","52","""done""","0.059697866674831124","134.15104861953498","20.57967808627213","43.863388118550155","35.55693379517772","""Clay loam""","""D""","""woods | used and managed but not planted | good""","77","0.5516062020782997","0.306","0.1671608780602536","0.1388391219397464","1","0","44.391189339961926","55.608810660038074","""woodland""","17.2195594669981"
"24","39","[33.27849640907914 133.27849640907914 0]","""""","9.9","53.02963925040543","2","false","0","""done""","0","142.98165186281818","22.530192399877404","41.29199778836121","36.177809811761385","""Clay loam""","""D""","""woods-grass combination or tree farm | lightly or only occasionally grazed | good""","79","0.5544001441529263","0.306","0.1645531987906022","0.1414468012093978","1","7.2375519172233","43.49470664368795","49.26774143908875","""wood-grass""","17.53661292804556"
"25","39","[29.40667382135038 129.40667382135038 0]","""""","9.9","51.51369180676091","2","true","1","""done""","0.0011830311456955123","155.83431136910303","22.46997377149027","39.61279521467207","37.917231013837664","""Clay loam""","""D""","""woods-grass combination or tree farm | lightly or only occasionally grazed | good""","79","0.5622275395622695","0.306","0.15724762974188183","0.14875237025811816","1","5.854940353061892","44.75493979863351","49.39011984830461","""wood-grass""","17.530494007584768"
"26","39","[24.367618296008544 124.36761829600854 0]","""""","9.9","49.54073380857282","2","true","28","""done""","0.032601221662009294","165.14720226657437","24.095690037999145","37.223045344732014","38.68126461726884","""Clay loam""","""D""","""woods | used and managed but not planted | good""","77","0.5656656907777098","0.306","0.15403868860747089","0.1519613113925291","1","0","47.30770293090386","52.69229706909614","""woodland""","17.365385146545194"
"27","39","[20.622957549054576 120.62295754905458 0]","""""","9.9","48.074574459058084","4","true","30","""done""","0.03488879349693452","148.36139104820114","21.86023467124443","40.30961766524457","37.83014766351099","""Clay loam""","""D""","""woods | used and managed but not planted | good""","77","0.5618356644857995","0.306","0.15761337981325385","0.14838662018674614","1","0","47.063677948182715","52.936322051817285","""woodland""","17.353183897409135"
"28","39","[17.825678134940915 117.82567813494092 0]","""""","9.9","46.979346441528335","2","true","1","""done""","0.0011830311456955123","155.1764998099729","25.613698865232518","40.71731888382058","33.6689822509469","""Clay loam""","""D""","""woods-grass combination or tree farm | lightly or only occasionally grazed | good""","79","0.543110420129261","0.306","0.17509027454602305","0.13090972545397694","1","5.854940353061892","44.75493979863351","49.39011984830461","""wood-grass""","17.530494007584768"
"29","39","[14.177127946488525 114.17712794648853 0]","""""","9.9","45.55081757537549","2","true","3","""done""","0.003544896404737763","144.84865041874218","25.37852088097593","40.67311155130789","33.948367567716176","""Clay loam""","""D""","""woods-grass combination or tree farm | lightly or only occasionally grazed | good""","79","0.5443676540547228","0.306","0.17391685621559208","0.1320831437844079","1","3.0709855053506487","47.29411736840723","49.63489712624213","""wood-grass""","17.518255143687888"
"30","39","[10.148528206749035 110.14852820674903 0]","""""","9.9","43.97348665730066","2","true","5","""done""","0.005901176649031781","180.2167893950717","27.589016765735376","37.7619668976338","34.64901633663083","""Clay loam""","""D""","""woods-grass combination or tree farm | lightly or only occasionally grazed | good""","79","0.5475205735148387","0.306","0.17097413138615053","0.13502586861384946","0.974810582405143","0.2729377906510422","49.84737030260629","49.87969190674267","""wood-grass""","17.506015404662865"
"31","39","[8.742762694052217 108.74276269405222 0]","""""","9.9","43.42308265839572","8","true","79","""done""","0.0892754494441681","196.4154528051638","26.869378907938614","39.949851269758845","33.180769822302544","""Clay loam""","""D""","""woods | used and managed but not planted | good""","77","0.5409134642003615","0.306","0.17714076674632934","0.12885923325367066","0.8944165589845904","0","41.156652604483604","58.843347395516396","""woodland""","17.05783263022418"
"32","39","[8.820631839830114 108.82063183983011 0]","""""","9.9","43.45357102138397","16","true","2","""done""","0.002364662728699396","184.96087626561388","20.380598100182265","42.36632664545303","37.2530752543647","""Clay loam""","""D""","""woods-grass combination or tree farm | lightly or only occasionally grazed | good""","79","0.5592388386446412","0.306","0.16003708393166827","0.14596291606833173","0.9498075321459483","4.46554699695929","46.02194743691256","49.51250556612814","""wood-grass""","17.524374721693594"
"33","39","[11.948136744071732 111.94813674407173 0]","""""","9.9","44.678093312151425","32","true","1","""done""","0.0011830311456955123","150.29008819706942","26.195195882381114","36.896030238383815","36.908773879235085","""Clay loam""","""D""","""woods-grass combination or tree farm | lightly or only occasionally grazed | good""","79","0.5576894824565579","0.306","0.16148314970721267","0.14451685029278732","1","5.854940353061892","44.75493979863351","49.39011984830461","""wood-grass""","17.530494007584768"
"34","39","[16.393805179794782 116.39380517979478 0]","""""","9.9","46.41872050973666","32","false","0","""done""","0","121.7436338789351","24.71360728736344","38.00866812550423","37.27772458713233","""Clay loam""","""D""","""woods-grass combination or tree farm | lightly or only occasionally grazed | good""","79","0.5593497606420955","0.306","0.15993355673404422","0.14606644326595578","1","7.2375519172233","43.49470664368795","49.26774143908875","""wood-grass""","17.53661292804556"
"35","39","[20.73282624603229 120.73282624603229 0]","""""","9.9","48.11759171166872","64","true","4","""done""","0.004723733827578291","151.1299663914638","27.48105938037734","38.8608510326456","33.658089586977056","""Clay loam""","""D""","""woods-grass combination or tree farm | lightly or only occasionally grazed | good""","79","0.5430614031413967","0.306","0.1751360237346964","0.1308639762653036","1","1.672896220173925","48.569810717776754","49.75729306204932","""wood-grass""","17.512135346897534"
"36","39","[24.887851935280466 124.88785193528047 0]","""""","9.9","49.744422597943405","32","true","3","""done""","0.003544896404737763","148.75006756193088","23.589116945666504","43.599283609436455","32.81159944489705","""Clay loam""","""D""","""woods-grass combination or tree farm | lightly or only occasionally grazed | good""","79","0.5392521975020367","0.306","0.17869128233143242","0.12730871766856758","1","3.0709855053506487","47.29411736840723","49.63489712624213","""wood-grass""","17.518255143687888"
"37","39","[30.083841546597228 130.08384154659723 0]","""""","9.9","51.77882551543342","32","true","1","""done""","0.0011830311456955123","157.23826822653638","24.017572438311458","41.72397325797824","34.2584543037103","""Clay loam""","""D""","""woods-grass combination or tree farm | lightly or only occasionally grazed | good""","79","0.5457630443666963","0.306","0.17261449192441675","0.13338550807558325","1","5.854940353061892","44.75493979863351","49.39011984830461","""wood-grass""","17.530494007584768"
"38","39","[33.52393789517075 133.52393789517075 0]","""""","9.9","53.12573776343755","64","true","18","""done""","0.02108177262926547","137.9757617406402","22.37203511749555","35.70517746062286","41.922787421881594","""Clay""","""D""","""woods | used and managed but not planted | good""","77","0.5802525433984671","0.357","0.1914242928280973","0.16557570717190268","0.6871177774980708","0","48.52952574745245","51.47047425254755","""woodland""","17.426476287372623"
"39","39","[38.876162082154394 138.8761620821544 0]","""""","9.9","55.221311718655826","32","true","16","""done""","0.018761474459957017","172.32420799764228","25.830509426248383","38.72409269965086","35.44539787410074","""Clay loam""","""D""","""woods | used and managed but not planted | good""","77","0.5511042904334533","0.306","0.1676293289287769","0.13837067107122308","1","0","48.77414832075861","51.22585167924139","""woodland""","17.438707416037932"
"40","39","[43.617276441523785 143.61727644152379 0]","""""","9.9","57.07761583132141","32","true","4","""done""","0.004723733827578291","138.9065629389764","22.728243871003595","43.671219977410736","33.60053615158568","""Clay loam""","""D""","""woods-grass combination or tree farm | lightly or only occasionally grazed | good""","79","0.5428024126821356","0.306","0.17537774816334015","0.13062225183665985","1","1.672896220173925","48.569810717776754","49.75729306204932","""wood-grass""","17.512135346897534"
"41","39","[47.60625981706414 147.60625981706414 0]","""""","9.9","58.63943562390602","32","true","3","""done""","0.003544896404737763","147.65996529243205","21.1164917002722","40.489982852901214","38.393525446826594","""Clay loam""","""D""","""woods-grass combination or tree farm | lightly or only occasionally grazed | good""","79","0.5643708645107197","0.306","0.15524719312332833","0.15075280687667167","1","3.0709855053506487","47.29411736840723","49.63489712624213","""wood-grass""","17.518255143687888"
"42","39","[50.52293620059581 150.5229362005958 0]","""""","9.9","59.7814115299216","64","true","4","""done""","0.004723733827578291","149.01648052475068","25.59709358889582","42.736778785086024","31.66612762601816","""Clay loam""","""D""","""woods-grass combination or tree farm | lightly or only occasionally grazed | good""","79","0.5340975743170817","0.306","0.18350226397072372","0.12249773602927626","1","1.672896220173925","48.569810717776754","49.75729306204932","""wood-grass""","17.512135346897534"
"43","39","[53.80766649992668 153.80766649992668 0]","""""","9.9","61.06749279720749","64","true","8","""done""","0.009425153993882662","164.3733604761626","23.8659656537952","40.240043029204756","35.89399131700005","""Clay loam""","""D""","""woods | used and managed but not planted | good""","77","0.5531229609265003","0.306","0.1657452364685998","0.1402547635314002","1","0","49.753108775600275","50.246891224399725","""woodland""","17.487655438780013"
"44","39","[56.3609586299408 156.3609586299408 0]","""""","9.9","62.06719167019824","64","true","4","""done""","0.004723733827578291","171.89127631231108","23.990091319285202","40.990076937088624","35.01983174362617","""Clay loam""","""D""","""woods-grass combination or tree farm | lightly or only occasionally grazed | good""","79","0.5491892428463178","0.306","0.16941670667677008","0.1365832933232299","1","1.672896220173925","48.569810717776754","49.75729306204932","""wood-grass""","17.512135346897534"
"45","39","[60.9290379487002 160.9290379487002 0]","""""","9.9","63.855746803789984","32","true","2","""done""","0.002364662728699396","176.05360079492758","25.928878593572577","37.532525747259","36.538595659168415","""Clay loam""","""D""","""woods-grass combination or tree farm | lightly or only occasionally grazed | good""","79","0.5560236804662578","0.306","0.16303789823149267","0.14296210176850732","0.9978622001263628","4.46554699695929","46.02194743691256","49.51250556612814","""wood-grass""","17.524374721693594"
"46","39","[63.90929787588621 163.9092978758862 0]","""""","9.9","65.02261778396682","128","false","0","""done""","0","158.77250583033745","21.62421853524344","41.50378085673757","36.872000608018986","""Clay loam""","""D""","""woods-grass combination or tree farm | lightly or only occasionally grazed | good""","79","0.5575240027360855","0.306","0.16163759744632028","0.14436240255367971","1","7.2375519172233","43.49470664368795","49.26774143908875","""wood-grass""","17.53661292804556"
"47","39","[64.90778920605288 164.90778920605288 0]","""""","9.9","65.41356038145688","64","true","4","""done""","0.004723733827578291","184.21140486801252","22.54511946887706","43.903401169084916","33.551479362038016","""Clay loam""","""D""","""woods-grass combination or tree farm | lightly or only occasionally grazed | good""","79","0.5425816571291711","0.306","0.17558378667944036","0.13041621332055964","0.953671861713815","1.672896220173925","48.569810717776754","49.75729306204932","""wood-grass""","17.512135346897534"
"48","39","[69.27349645894043 169.27349645894043 0]","""""","9.9","67.1228801138978","64","false","0","""done""","0","142.7272931651106","24.36885341635204","39.11487240038207","36.51627418326591","""Clay loam""","""D""","""woods-grass combination or tree farm | lightly or only occasionally grazed | good""","79","0.5559232338246965","0.306","0.16313164843028322","0.14286835156971678","1","7.2375519172233","43.49470664368795","49.26774143908875","""wood-grass""","17.53661292804556"
"49","39","[72.95384450774611 172.9538445077461 0]","""""","9.9","68.56385890099195","2","false","0","""done""","0","113.08926317321908","24.752385040423906","38.22796223112268","37.01965272845341","""Clay loam""","""D""","""woods-grass combination or tree farm | lightly or only occasionally grazed | good""","79","0.5581884372780404","0.306","0.1610174585404957","0.1449825414595043","1","7.2375519172233","43.49470664368795","49.26774143908875","""wood-grass""","17.53661292804556"
"0","38","[134.75649558216526 234.75649558216526 0]","""""","9.9","92.76165432779098","32","false","0","""done""","0","156.6583245601446","19.79416479701917","39.48450128212934","40.7213339208515","""Clay""","""D""","""woods-grass combination or tree farm | lightly or only occasionally grazed | good""","79","0.5748460026438318","0.357","0.1964703975324237","0.16052960246757628","0.6051743437319481","7.2375519172233","43.49470664368795","49.26774143908875","""wood-grass""","17.53661292804556"
"1","38","[129.66575273461098 229.66575273461098 0]","""""","9.9","90.76845902218463","2","false","0","""done""","0","160.63547827543866","24.21737106345566","36.3832036681696","39.39942526837475","""Clay loam""","""D""","""woods-grass combination or tree farm | lightly or only occasionally grazed | good""","79","0.5688974137076863","0.306","0.15102241387282606","0.15497758612717394","1","7.2375519172233","43.49470664368795","49.26774143908875","""wood-grass""","17.53661292804556"
"2","38","[125.38910548891891 225.38910548891891 0]","""""","9.9","89.09400924754263","4","true","2","""done""","0.002364662728699396","198.99460686391336","23.562149836543185","38.27737062883347","38.160479534623335","""Clay loam""","""D""","""woods-grass combination or tree farm | lightly or only occasionally grazed | good""","79","0.563322157905805","0.306","0.156225985954582","0.14977401404541799","0.8828240935671959","4.46554699695929","46.02194743691256","49.51250556612814","""wood-grass""","17.524374721693594"
"3","38","[121.56865290892262 221.56865290892262 0]","""""","9.9","87.59817487213341","2","false","0","""done""","0","145.4453677783148","22.558745319068247","40.63288232191009","36.80837235902167","""Clay loam""","""D""","""woods-grass combination or tree farm | lightly or only occasionally grazed | good""","79","0.5572376756155974","0.306","0.161904836092109","0.14409516390789098","1","7.2375519172233","43.49470664368795","49.26774143908875","""wood-grass""","17.53661292804556"
"4","38","[116.55747436639851 216.5574743663985 0]","""""","9.9","85.63613164079776","4","true","5","""done""","0.005901176649031781","176.26952881324095","22.55554370494713","41.55652554165506","35.887930753397804","""Clay loam""","""D""","""woods-grass combination or tree farm | lightly or only occasionally grazed | good""","79","0.5530956883902901","0.306","0.16577069083572923","0.14022930916427076","0.9966398311277403","0.2729377906510422","49.84737030260629","49.87969190674267","""wood-grass""","17.506015404662865"
"5","38","[112.08318119255023 212.08318119255023 0]","""""","9.9","83.88429690526297","4","false","0","""done""","0","166.398061979626","25.586829839527393","40.652458922394956","33.76071123807765","""Clay loam""","""D""","""woods-grass combination or tree farm | lightly or only occasionally grazed | good""","79","0.5435232005713494","0.306","0.1747050128000739","0.1312949871999261","1","7.2375519172233","43.49470664368795","49.26774143908875","""wood-grass""","17.53661292804556"
"6","38","[107.50256643991167 207.50256643991167 0]","""""","9.9","82.09083373197842","4","false","0","""done""","0","148.60814222459013","23.623846241189543","38.38671555345536","37.9894382053551","""Clay loam""","""D""","""woods-grass combination or tree farm | lightly or only occasionally grazed | good""","79","0.562552471924098","0.306","0.1569443595375086","0.1490556404624914","1","7.2375519172233","43.49470664368795","49.26774143908875","""wood-grass""","17.53661292804556"
"7","38","[102.6937466455609 202.6937466455609 0]","""""","9.9","80.20802068747125","4","false","0","""done""","0","145.62672343554857","27.27638239767045","41.47054542835356","31.25307217397599","""Clay loam""","""D""","""woods-grass combination or tree farm | lightly or only occasionally grazed | good""","79","0.532238824782892","0.306","0.18523709686930084","0.12076290313069916","1","7.2375519172233","43.49470664368795","49.26774143908875","""wood-grass""","17.53661292804556"
"8","38","[99.54666890605336 199.54666890605336 0]","""""","9.9","78.97583498007921","4","false","0","""done""","0","138.09825082760685","25.274555670794587","39.91419181492931","34.81125251427611","""Clay loam""","""D""","""woods-grass combination or tree farm | lightly or only occasionally grazed | good""","79","0.5482506363142425","0.306","0.17029273944004034","0.13570726055995966","1","7.2375519172233","43.49470664368795","49.26774143908875","""wood-grass""","17.53661292804556"
"9","38","[95.25498611660637 195.25498611660637 0]","""""","9.9","77.29549828949447","4","true","30","""done""","0.03488879349693452","161.09811080376224","21.995490667548065","41.851555773175875","36.15295355927605","""Clay loam""","""D""","""woods | used and managed but not planted | good""","77","0.5542882910167422","0.306","0.1646575950510406","0.1413424049489594","1","0","47.063677948182715","52.936322051817285","""woodland""","17.353183897409135"
"10","38","[92.20463365265812 192.20463365265812 0]","""""","9.9","76.10118374765754","4","true","4","""done""","0.004723733827578291","166.7080975887741","28.407696713059025","36.83486166951222","34.757441617428746","""Clay loam""","""D""","""woods-grass combination or tree farm | lightly or only occasionally grazed | good""","79","0.5480084872784293","0.306","0.17051874520679927","0.13548125479320072","1","1.672896220173925","48.569810717776754","49.75729306204932","""wood-grass""","17.512135346897534"
"11","38","[88.88297018631974 188.88297018631974 0]","""""","9.9","74.80064191591083","4","true","4","""done""","0.004723733827578291","164.1947351501824","21.841927151941594","40.616807764160015","37.54126508389839","""Clay loam""","""D""","""woods-grass combination or tree farm | lightly or only occasionally grazed | good""","79","0.5605356928775427","0.306","0.15882668664762678","0.14717331335237321","1","1.672896220173925","48.569810717776754","49.75729306204932","""wood-grass""","17.512135346897534"
"12","38","[85.10234129834913 185.10234129834913 0]","""""","9.9","73.3203998417383","4","true","3","""done""","0.003544896404737763","167.89101613321438","24.456672108050753","40.52758560910469","35.01574228284455","""Clay loam""","""D""","""woods-grass combination or tree farm | lightly or only occasionally grazed | good""","79","0.5491708402728005","0.306","0.1694338824120529","0.1365661175879471","1","3.0709855053506487","47.29411736840723","49.63489712624213","""wood-grass""","17.518255143687888"
"13","38","[81.8453763453831 181.8453763453831 0]","""""","9.9","72.04518963191694","4","true","1","""done""","0.0011830311456955123","173.5905738797341","23.709976976056865","35.8289316105848","40.461091413358325","""Clay""","""D""","""woods-grass combination or tree farm | lightly or only occasionally grazed | good""","79","0.5736749113601125","0.357","0.19756341606389505","0.15943658393610494","0.5461448547402962","5.854940353061892","44.75493979863351","49.39011984830461","""wood-grass""","17.530494007584768"
"14","38","[77.72919572296377 177.72919572296377 0]","""""","9.9","70.43356788253402","2","false","0","""done""","0","148.0400473946675","21.925983065142077","41.94141981673656","36.13259711812135","""Clay loam""","""D""","""woods-grass combination or tree farm | lightly or only occasionally grazed | good""","79","0.5541966870315461","0.306","0.16474309210389032","0.14125690789610967","1","7.2375519172233","43.49470664368795","49.26774143908875","""wood-grass""","17.53661292804556"
"15","38","[73.24549542758771 173.2454954275877 0]","""""","9.9","68.67804994573963","2","true","8","""done""","0.009425153993882662","155.96830700340243","24.69449664819286","38.858608082538744","36.446895269268396","""Clay loam""","""D""","""woods | used and managed but not planted | good""","77","0.5556110287117078","0.306","0.16342303986907275","0.14257696013092724","1","0","49.753108775600275","50.246891224399725","""woodland""","17.487655438780013"
"16","38","[68.18300456452056 168.18300456452056 0]","""""","9.9","66.69591623262383","2","true","9","""done""","0.010597034888850443","150.98694332469634","25.617148804716606","39.145240852720434","35.23761034256295","""Clay loam""","""D""","""woods | used and managed but not planted | good""","77","0.5501692465415333","0.306","0.1685020365612356","0.1374979634387644","1","0","49.63071296516659","50.36928703483341","""woodland""","17.48153564825833"
"17","38","[62.63961083110843 162.63961083110843 0]","""""","9.9","64.5254930355706","2","true","48","""done""","0.05523504851438821","187.80342255600542","26.90248045286331","37.93353470221942","35.163984844917266","""Clay loam""","""D""","""woods | used and managed but not planted | good""","77","0.5498379318021277","0.306","0.1688112636513475","0.1371887363486525","0.9354314795674483","0","44.87514663350761","55.12485336649239","""woodland""","17.243757331675383"
"18","38","[59.05148072394297 159.05148072394297 0]","""""","9.9","63.1206206427443","2","true","49","""done""","0.05635273487735715","146.9859104061091","22.643110626390815","39.48057523297084","37.876314140638335","""Clay loam""","""D""","""woods | used and managed but not planted | good""","77","0.5620434136328725","0.306","0.157419480609319","0.14858051939068098","1","0","44.75406263509017","55.24593736490983","""woodland""","17.237703131754508"
"19","38","[53.35713674195415 153.35713674195415 0]","""""","9.9","60.8910953979442","2","true","54","""done""","0.061921364083221575","183.0066665623809","22.593872972428375","39.70434946914035","37.70177755843129","""Clay loam""","""D""","""woods | used and managed but not planted | good""","77","0.5612579990129408","0.306","0.1581525342545886","0.14784746574541138","0.9599499118219952","0","44.14960337036654","55.85039662963346","""woodland""","17.207480168518327"
"20","38","[49.52715883194031 149.5271588319403 0]","""""","9.9","59.39153153871625","2","true","55","""done""","0.06303114032662271","186.6127611341262","22.67857685721251","39.33486635910913","37.98655678367837","""Clay loam""","""D""","""woods | used and managed but not planted | good""","77","0.5625395055265526","0.306","0.15695646150855086","0.14904353849144913","0.9413998933498896","0","44.02891343057347","55.97108656942653","""woodland""","17.201445671528674"
"21","38","[44.63958975451783 144.63958975451783 0]","""""","9.9","57.4778855281688","4","true","56","""done""","0.06413960367016314","152.1287790494496","27.30264675411826","34.78549057163645","37.91186267424529","""Clay loam""","""D""","""woods | used and managed but not planted | good""","77","0.5622033820341038","0.306","0.1572701767681698","0.1487298232318302","1","0","43.908294036370556","56.091705963629444","""woodland""","17.195414701818528"
"22","38","[41.52290122863775 141.52290122863775 0]","""""","9.9","56.257598209628284","2","false","0","""done""","0","161.10182049085532","24.24585761292564","39.71426336479578","36.039879022278576","""Clay loam""","""D""","""woods-grass combination or tree farm | lightly or only occasionally grazed | good""","79","0.5537794556002535","0.306","0.16513250810643","0.14086749189357","1","7.2375519172233","43.49470664368795","49.26774143908875","""wood-grass""","17.53661292804556"
"23","38","[35.42713248925554 135.42713248925554 0]","""""","9.9","53.870901808093166","2","true","1","""done""","0.0011830311456955123","149.1237379835173","25.760350351045727","38.78724887973204","35.45240076922223","""Clay loam""","""D""","""woods-grass combination or tree farm | lightly or only occasionally grazed | good""","79","0.5511358034615","0.306","0.16759991676926664","0.13840008323073336","1","5.854940353061892","44.75493979863351","49.39011984830461","""wood-grass""","17.530494007584768"
"24","38","[31.88552521438129 131.8855252143813 0]","""""","9.9","52.48424465294497","4","true","55","""done""","0.06303114032662271","172.09805674613474","26.579331577915834","40.4300163097916","32.99065211229257","""Clay loam""","""D""","""woods | used and managed but not planted | good""","77","0.5400579345053166","0.306","0.17793926112837122","0.12806073887162878","1","0","44.02891343057347","55.97108656942653","""woodland""","17.201445671528674"
"25","38","[27.87344936602014 127.87344936602014 0]","""""","9.9","50.913383388457426","2","false","0","""done""","0","156.26598757780363","26.870659070409594","39.02921903590997","34.10012189368044","""Clay loam""","""D""","""woods-grass combination or tree farm | lightly or only occasionally grazed | good""","79","0.545050548521562","0.306","0.17327948804654217","0.13272051195345783","1","7.2375519172233","43.49470664368795","49.26774143908875","""wood-grass""","17.53661292804556"
"26","38","[23.950548902986895 123.9505489029869 0]","""""","9.9","49.3774372561488","2","true","1","""done""","0.0011830311456955123","161.91506297413255","21.04794717905604","41.609385223024695","37.34266759791927","""Clay loam""","""D""","""woods-grass combination or tree farm | lightly or only occasionally grazed | good""","79","0.5596420041906367","0.306","0.1596607960887391","0.1463392039112609","1","5.854940353061892","44.75493979863351","49.39011984830461","""wood-grass""","17.530494007584768"
"27","38","[19.681100062734984 119.68110006273498 0]","""""","9.9","47.70580589688561","2","true","2","""done""","0.002364662728699396","150.69939613438356","22.725912586610658","43.12834644272625","34.1457409706631","""Clay loam""","""D""","""woods-grass combination or tree farm | lightly or only occasionally grazed | good""","79","0.545255834367984","0.306","0.173087887923215","0.132912112076785","1","4.46554699695929","46.02194743691256","49.51250556612814","""wood-grass""","17.524374721693594"
"28","38","[15.52490545336066 115.52490545336066 0]","""""","9.9","46.078517339465904","4","true","34","""done""","0.03944772195046786","171.44183456833423","22.610087634082475","42.848926163121305","34.540986202796226","""Clay loam""","""D""","""woods | used and managed but not planted | good""","77","0.547034437912583","0.306","0.17142785794825585","0.13457214205174414","1","0","46.576060400197704","53.423939599802296","""woodland""","17.328803020009886"
"29","38","[13.36437290886046 113.36437290886046 0]","""""","9.9","45.23259691993884","2","false","0","""done""","0","162.0945733131624","22.975558149896916","42.7372820474022","34.28715980270089","""Clay loam""","""D""","""woods-grass combination or tree farm | lightly or only occasionally grazed | good""","79","0.545892219112154","0.306","0.17249392882865627","0.13350607117134372","1","7.2375519172233","43.49470664368795","49.26774143908875","""wood-grass""","17.53661292804556"
"30","38","[8.788520829650125 108.78852082965012 0]","""""","9.9","43.44099849186016","8","true","1","""done""","0.0011830311456955123","170.77330777460455","25.45249830385064","37.2225497686284","37.324951927520964","""Clay loam""","""D""","""woods-grass combination or tree farm | lightly or only occasionally grazed | good""","79","0.5595622836738443","0.306","0.15973520190441196","0.14626479809558804","1","5.854940353061892","44.75493979863351","49.39011984830461","""wood-grass""","17.530494007584768"
"31","38","[8.56522571714683 108.56522571714683 0]","""""","9.9","43.35357102138397","16","true","168","""done""","0.1803410079281359","188.9131880325266","22.99502529944889","42.54006756494891","34.464907135602196","""Clay loam""","""D""","""woods | used and managed but not planted | good""","77","0.5466920821102099","0.306","0.1717473900304708","0.1342526099695292","0.9299363123295933","0","31.14736061284789","68.85263938715211","""woodland""","16.557368030642394"
"32","38","[9.78555738598044 109.78555738598044 0]","""""","9.9","43.83137149696102","32","true","84","""done""","0.09464979589560807","180.56156472814757","21.26117240785678","38.19533483761438","40.54349275452884","""Clay""","""D""","""woods | used and managed but not planted | good""","77","0.5740457173953798","0.357","0.19721733043097886","0.15978266956902112","0.5250596875285767","0","40.56510478488373","59.43489521511627","""woodland""","17.02825523924419"
"33","38","[12.949505092908964 112.94950509290896 0]","""""","9.9","45.070162358232594","32","true","83","""done""","0.0935774698112346","188.95172375974298","22.628778399029994","41.66570239050983","35.70551921046018","""Clay loam""","""D""","""woods | used and managed but not planted | good""","77","0.5522748364470709","0.306","0.16653681931606726","0.13946318068393274","0.9297466566262873","0","40.6832013177228","59.3167986822772","""woodland""","17.03416006588614"
"34","38","[16.907102255337065 116.90710225533707 0]","""""","9.9","46.61969340347531","32","true","4","""done""","0.004723733827578291","144.09906400769154","23.55541518891707","40.65393905957569","35.79064575150723","""Clay loam""","""D""","""woods-grass combination or tree farm | lightly or only occasionally grazed | good""","79","0.5526579058817825","0.306","0.16617928784366967","0.13982071215633032","1","1.672896220173925","48.569810717776754","49.75729306204932","""wood-grass""","17.512135346897534"
"35","38","[21.27953146102925 121.27953146102925 0]","""""","9.9","48.33164500422621","32","true","1","""done""","0.0011830311456955123","142.03336540607498","21.557020254636107","42.52656853759496","35.91641120776894","""Clay loam""","""D""","""woods-grass combination or tree farm | lightly or only occasionally grazed | good""","79","0.5532238504349603","0.306","0.16565107292737047","0.14034892707262953","1","5.854940353061892","44.75493979863351","49.39011984830461","""wood-grass""","17.530494007584768"
"36","38","[27.26079502044658 127.26079502044658 0]","""""","9.9","50.67350881570363","32","false","0","""done""","0","114.08844353140552","21.660874694654673","41.554887032961275","36.784238272384044","""Clay loam""","""D""","""woods-grass combination or tree farm | lightly or only occasionally grazed | good""","79","0.5571290722257282","0.306","0.16200619925598703","0.14399380074401297","1","7.2375519172233","43.49470664368795","49.26774143908875","""wood-grass""","17.53661292804556"
"37","38","[32.27330863694317 132.27330863694317 0]","""""","9.9","52.636074772946735","64","false","0","""done""","0","180.74041501318402","20.69001962120867","40.267875336756646","39.042105042034684","""Clay loam""","""D""","""woods-grass combination or tree farm | lightly or only occasionally grazed | good""","79","0.5672894726891561","0.306","0.15252315882345435","0.15347684117654564","0.9719864448500913","7.2375519172233","43.49470664368795","49.26774143908875","""wood-grass""","17.53661292804556"
"38","38","[36.13025787263345 136.13025787263345 0]","""""","9.9","54.146198804105204","64","false","0","""done""","0","226.75268627956723","23.768014008946366","39.49676233301708","36.73522365803657","""Clay loam""","""D""","""woods-grass combination or tree farm | lightly or only occasionally grazed | good""","79","0.5569085064611645","0.306","0.16221206063624644","0.14378793936375356","0.7747526007819788","7.2375519172233","43.49470664368795","49.26774143908875","""wood-grass""","17.53661292804556"
"39","38","[40.874714392499385 140.87471439249938 0]","""""","9.9","56.00381148387224","64","false","0","""done""","0","147.65254461148953","22.023960567233235","41.324369346821534","36.65167008594523","""Clay loam""","""D""","""woods-grass combination or tree farm | lightly or only occasionally grazed | good""","79","0.5565325153867535","0.306","0.16256298563903007","0.14343701436096992","1","7.2375519172233","43.49470664368795","49.26774143908875","""wood-grass""","17.53661292804556"
"40","38","[44.9205292467542 144.9205292467542 0]","""""","9.9","57.58788269240466","64","true","10","""done""","0.011767529412220479","150.3789841862012","24.702164328688532","39.094889492297376","36.20294617901409","""Clay loam""","""D""","""woods | used and managed but not planted | good""","77","0.5545132578055634","0.306","0.16444762604814084","0.14155237395185916","1","0","49.508321580567106","50.491678419432894","""woodland""","17.475416079028356"
"41","38","[49.59740536855625 149.59740536855625 0]","""""","9.9","59.41903539644602","32","false","0","""done""","0","141.3771558086974","21.370581523990083","39.99726760443976","38.632150871570154","""Clay loam""","""D""","""woods-grass combination or tree farm | lightly or only occasionally grazed | good""","79","0.5654446789220657","0.306","0.15424496633940538","0.15175503366059462","1","7.2375519172233","43.49470664368795","49.26774143908875","""wood-grass""","17.53661292804556"
"42","38","[52.37747180247857 152.37747180247857 0]","""""","9.9","60.507523959177064","64","true","2","""done""","0.002364662728699396","150.08375294479828","22.88179773053264","38.592489869790704","38.52571239967666","""Clay loam""","""D""","""woods-grass combination or tree farm | lightly or only occasionally grazed | good""","79","0.5649657057985449","0.306","0.15469200792135807","0.15130799207864193","1","4.46554699695929","46.02194743691256","49.51250556612814","""wood-grass""","17.524374721693594"
"43","38","[56.015547443911544 156.01554744391154 0]","""""","9.9","61.93195169145365","64","true","3","""done""","0.003544896404737763","135.36368484004518","24.79142189371647","41.52213842669058","33.68643967959295","""Clay loam""","""D""","""woods-grass combination or tree farm | lightly or only occasionally grazed | good""","79","0.5431889785581683","0.306","0.17501695334570963","0.13098304665429036","1","3.0709855053506487","47.29411736840723","49.63489712624213","""wood-grass""","17.518255143687888"
"44","38","[58.410604121114375 158.41060412111437 0]","""""","9.9","62.86969611670099","64","true","7","""done""","0.008251885085253763","174.74993858095303","26.16166472482092","39.09549648136507","34.74283879381401","""Clay loam""","""D""","""woods | used and managed but not planted | good""","77","0.547942774572163","0.306","0.17058007706598116","0.13541992293401883","1","0","49.87550754506712","50.12449245493288","""woodland""","17.493775377253357"
"45","38","[63.05392362846831 163.0539236284683 0]","""""","9.9","64.68771028902057","64","false","0","""done""","0","152.5446329897424","23.84065700203834","40.07273456699468","36.08660843096696","""Clay loam""","""D""","""woods-grass combination or tree farm | lightly or only occasionally grazed | good""","79","0.5539897379393514","0.306","0.16493624458993877","0.14106375541006122","1","7.2375519172233","43.49470664368795","49.26774143908875","""wood-grass""","17.53661292804556"
"46","38","[66.13479198462053 166.13479198462053 0]","""""","9.9","65.8939728185891","64","true","1","""done""","0.0011830311456955123","149.30688766086678","26.874759678033232","38.24436117678747","34.8808791451793","""Clay loam""","""D""","""woods-grass combination or tree farm | lightly or only occasionally grazed | good""","79","0.5485639561533069","0.306","0.17000030759024695","0.13599969240975304","1","5.854940353061892","44.75493979863351","49.39011984830461","""wood-grass""","17.530494007584768"
"47","38","[68.14234167198111 168.14234167198111 0]","""""","9.9","66.6799953564474","128","true","2","""done""","0.002364662728699396","173.5865484092457","24.551277065634515","36.30987924300873","39.13884369135676","""Clay loam""","""D""","""woods-grass combination or tree farm | lightly or only occasionally grazed | good""","79","0.5677247966111054","0.306","0.1521168564963016","0.1538831435036984","1","4.46554699695929","46.02194743691256","49.51250556612814","""wood-grass""","17.524374721693594"
"48","38","[73.80932544088839 173.8093254408884 0]","""""","9.9","68.89880816695106","64","false","0","""done""","0","171.98681656063374","21.099890676517795","42.15148902462348","36.74862029885873","""Clay loam""","""D""","""woods-grass combination or tree farm | lightly or only occasionally grazed | good""","79","0.5569687913448643","0.306","0.16215579474479333","0.14384420525520666","1","7.2375519172233","43.49470664368795","49.26774143908875","""wood-grass""","17.53661292804556"
"49","38","[77.16307791884645 177.16307791884645 0]","""""","9.9","70.21191391505286","2","false","0","""done""","0","157.2283143960689","23.678306199500454","37.03663683035156","39.285056970147984","""Clay loam""","""D""","""woods-grass combination or tree farm | lightly or only occasionally grazed | good""","79","0.5683827563656659","0.306","0.1515027607253785","0.1544972392746215","1","7.2375519172233","43.49470664368795","49.26774143908875","""wood-grass""","17.53661292804556"
"0","37","[133.58841148583144 233.58841148583144 0]","""""","9.9","92.3043105162715","32","false","0","""done""","0","167.60844893740764","21.479063515962935","41.81161358698634","36.70932289705072","""Clay loam""","""D""","""woods-grass combination or tree farm | lightly or only occasionally grazed | good""","79","0.5567919530367282","0.306","0.16232084383238699","0.143679156167613","1","7.2375519172233","43.49470664368795","49.26774143908875","""wood-grass""","17.53661292804556"
"1","37","[127.72936144804868 227.72936144804868 0]","""""","9.9","90.01029736724124","4","false","0","""done""","0","182.0218396872112","20.28745110321768","45.16417726575845","34.54837163102387","""Clay loam""","""D""","""woods-grass combination or tree farm | lightly or only occasionally grazed | good""","79","0.5470676723396074","0.306","0.17139683914969978","0.13460316085030022","0.9651437087509991","7.2375519172233","43.49470664368795","49.26774143908875","""wood-grass""","17.53661292804556"
"2","37","[124.10359908429206 224.10359908429206 0]","""""","9.9","88.59069069310806","2","false","0","""done""","0","148.38491774462705","27.848100068845774","41.37146153928786","30.78043839186637","""Clay loam""","""D""","""woods-grass combination or tree farm | lightly or only occasionally grazed | good""","79","0.5301119727633987","0.306","0.18722215875416126","0.11877784124583875","1","7.2375519172233","43.49470664368795","49.26774143908875","""wood-grass""","17.53661292804556"
"3","37","[119.30842016214598 219.30842016214598 0]","""""","9.9","86.71321850420034","2","true","4","""done""","0.004723733827578291","179.57674048761362","26.255284101139488","37.6920678729327","36.05264802592781","""Clay loam""","""D""","""woods-grass combination or tree farm | lightly or only occasionally grazed | good""","79","0.5538369161166752","0.306","0.1650788782911032","0.14092112170889678","0.9782850103658732","1.672896220173925","48.569810717776754","49.75729306204932","""wood-grass""","17.512135346897534"
"4","37","[114.54203948492855 214.54203948492855 0]","""""","9.9","84.8470217869321","2","true","5","""done""","0.005901176649031781","180.23886260390523","25.109390066745693","42.72677787896241","32.163832054291895","""Clay loam""","""D""","""woods-grass combination or tree farm | lightly or only occasionally grazed | good""","79","0.5363372442443135","0.306","0.18141190537197405","0.12458809462802596","0.9746912008397707","0.2729377906510422","49.84737030260629","49.87969190674267","""wood-grass""","17.506015404662865"
"5","37","[109.63400776754872 209.63400776754872 0]","""""","9.9","82.92536397160004","2","true","12","""done""","0.014104365902709914","163.78891918917031","26.37769773235943","39.398686544178396","34.22361572346217","""Clay loam""","""D""","""woods | used and managed but not planted | good""","77","0.5456062707555798","0.306","0.1727608139614589","0.1332391860385411","1","0","49.26355795494361","50.73644204505639","""woodland""","17.46317789774718"
"6","37","[105.53960058442814 205.53960058442814 0]","""""","9.9","81.32226724858297","2","true","14","""done""","0.01643567656304723","188.37410014792476","25.979856068455554","37.60469891426913","36.4154450172753","""Clay loam""","""D""","""woods | used and managed but not planted | good""","77","0.5554695025777389","0.306","0.16355513092744375","0.14244486907255624","0.9325975985628627","0","49.01882962762967","50.98117037237033","""woodland""","17.450941481381484"
"7","37","[100.5903055085866 200.5903055085866 0]","""""","9.9","79.38445345467522","4","true","16","""done""","0.018761474459957017","140.31952991106596","19.898508974566735","41.704723059641104","38.39676796579216","""Silty clay loam""","""D""","""woods | used and managed but not planted | good""","77","0.5643854558460647","0.2365","0.08573357454367295","0.15076642545632704","0.853510866882446","0","48.77414832075861","51.22585167924139","""woodland""","17.438707416037932"
"8","37","[97.51883360493792 197.51883360493792 0]","""""","9.9","78.18186994908812","4","true","1","""done""","0.0011830311456955123","158.95766055740128","25.444196162538002","43.099610214851936","31.456193622610066","""Clay loam""","""D""","""woods-grass combination or tree farm | lightly or only occasionally grazed | good""","79","0.5331528713017453","0.306","0.1843839867850377","0.12161601321496228","1","5.854940353061892","44.75493979863351","49.39011984830461","""wood-grass""","17.530494007584768"
"9","37","[93.33432675007299 193.334326750073 0]","""""","9.9","76.5434962049888","2","true","1","""done""","0.0011830311456955123","154.66338720849598","23.125963207773076","40.42358361905948","36.45045317316744","""Clay loam""","""D""","""woods-grass combination or tree farm | lightly or only occasionally grazed | good""","79","0.5556270392792535","0.306","0.16340809667269676","0.14259190332730323","1","5.854940353061892","44.75493979863351","49.39011984830461","""wood-grass""","17.530494007584768"
"10","37","[88.79355858892816 188.79355858892816 0]","""""","9.9","74.76563429884503","4","true","33","""done""","0.03831001274303936","145.59837847343158","22.19039350427247","38.374381866583704","39.43522462914383","""Clay loam""","""D""","""woods | used and managed but not planted | good""","77","0.5690585108311472","0.306","0.15087205655759592","0.15512794344240408","1","0","46.697907123351655","53.302092876648345","""woodland""","17.334895356167586"
"11","37","[86.6638872117872 186.6638872117872 0]","""""","9.9","73.93179705376774","4","true","5","""done""","0.005901176649031781","161.75133764060888","24.108543655444407","39.34455220189979","36.54690414265581","""Clay loam""","""D""","""woods-grass combination or tree farm | lightly or only occasionally grazed | good""","79","0.5560610686419512","0.306","0.1630030026008456","0.1429969973991544","1","0.2729377906510422","49.84737030260629","49.87969190674267","""wood-grass""","17.506015404662865"
"12","37","[83.17417909107283 183.17417909107283 0]","""""","9.9","72.56546014529752","4","true","5","""done""","0.005901176649031781","165.43570520459235","22.671167772902784","42.51723215821058","34.811600068886634","""Clay loam""","""D""","""woods-grass combination or tree farm | lightly or only occasionally grazed | good""","79","0.5482522003099899","0.306","0.17029127971067615","0.13570872028932385","1","0.2729377906510422","49.84737030260629","49.87969190674267","""wood-grass""","17.506015404662865"
"13","37","[78.46322948071679 178.4632294807168 0]","""""","9.9","70.72096653611419","4","true","4","""done""","0.004723733827578291","153.18884998694563","25.65445506312919","39.46508487358107","34.880460063289746","""Clay loam""","""D""","""woods-grass combination or tree farm | lightly or only occasionally grazed | good""","79","0.5485620702848039","0.306","0.17000206773418308","0.1359979322658169","1","1.672896220173925","48.569810717776754","49.75729306204932","""wood-grass""","17.512135346897534"
"14","37","[74.01837994954684 174.01837994954684 0]","""""","9.9","68.98065996692443","4","true","2","""done""","0.002364662728699396","177.17525301700164","24.155380172646616","39.750616195838276","36.09400363151511","""Clay loam""","""D""","""woods-grass combination or tree farm | lightly or only occasionally grazed | good""","79","0.5540230163418179","0.306","0.16490518474763657","0.14109481525236342","0.9915449840646591","4.46554699695929","46.02194743691256","49.51250556612814","""wood-grass""","17.524374721693594"
"15","37","[71.79573833143519 171.7957383314352 0]","""""","9.9","68.1104217773459","4","false","0","""done""","0","115.43942573117215","23.862092192854412","40.946791447373755","35.19111635977183","""Clay loam""","""D""","""woods-grass combination or tree farm | lightly or only occasionally grazed | good""","79","0.5499600236189732","0.306","0.16869731128895832","0.13730268871104168","1","7.2375519172233","43.49470664368795","49.26774143908875","""wood-grass""","17.53661292804556"
"16","37","[66.6090919512119 166.6090919512119 0]","""""","9.9","66.07967704588343","4","false","0","""done""","0","164.71599975215673","24.121969391248793","39.46205003026244","36.41598057848878","""Clay loam""","""D""","""woods-grass combination or tree farm | lightly or only occasionally grazed | good""","79","0.5554719126031995","0.306","0.16355288157034714","0.14244711842965285","1","7.2375519172233","43.49470664368795","49.26774143908875","""wood-grass""","17.53661292804556"
"17","37","[61.61920698441668 161.61920698441668 0]","""""","9.9","64.12597095835042","4","false","0","""done""","0","167.00669754062204","27.353018267119594","35.78811145129732","36.8588702815831","""Clay loam""","""D""","""woods-grass combination or tree farm | lightly or only occasionally grazed | good""","79","0.5574649162671239","0.306","0.161692744817351","0.144307255182649","1","7.2375519172233","43.49470664368795","49.26774143908875","""wood-grass""","17.53661292804556"
"18","37","[57.64707563682978 157.64707563682978 0]","""""","9.9","62.57074929574658","4","false","0","""done""","0","176.03367521647857","20.194188325598763","42.43861263290666","37.36719904149458","""Clay loam""","""D""","""woods-grass combination or tree farm | lightly or only occasionally grazed | good""","79","0.5597523956867256","0.306","0.15955776402572278","0.14644223597427722","0.9979751500010131","7.2375519172233","43.49470664368795","49.26774143908875","""wood-grass""","17.53661292804556"
"19","37","[52.40814477377097 152.40814477377097 0]","""""","9.9","60.519533448601265","2","false","0","""done""","0","165.68564856023838","21.81945892373277","40.504797236544924","37.6757438397223","""Clay loam""","""D""","""woods-grass combination or tree farm | lightly or only occasionally grazed | good""","79","0.5611408472787504","0.306","0.15826187587316634","0.14773812412683365","1","7.2375519172233","43.49470664368795","49.26774143908875","""wood-grass""","17.53661292804556"
"20","37","[48.39260293055116 148.39260293055116 0]","""""","9.9","58.947315131736815","2","true","1","""done""","0.0011830311456955123","167.0744571074788","18.719940201213433","41.68828015621502","39.591779642571545","""Silty clay loam""","""D""","""woods-grass combination or tree farm | lightly or only occasionally grazed | good""","79","0.5697630083915719","0.2365","0.08071452550119951","0.15578547449880048","0.7168315593441494","5.854940353061892","44.75493979863351","49.39011984830461","""wood-grass""","17.530494007584768"
"21","37","[43.046151671163045 143.04615167116305 0]","""""","9.9","56.85400146986424","2","true","2","""done""","0.002364662728699396","163.83314503190124","26.3922605877533","39.22871154159268","34.37902787065402","""Clay loam""","""D""","""woods-grass combination or tree farm | lightly or only occasionally grazed | good""","79","0.546305625417943","0.306","0.17210808294325314","0.13389191705674686","1","4.46554699695929","46.02194743691256","49.51250556612814","""wood-grass""","17.524374721693594"
"22","37","[38.76620656086257 138.76620656086257 0]","""""","9.9","55.178260471435664","2","true","60","""done""","0.06856035908219726","167.7842727587342","22.57303950460898","41.84031101604325","35.58664947934777","""Clay loam""","""D""","""woods | used and managed but not planted | good""","77","0.551739922657065","0.306","0.16703607218673938","0.1389639278132606","1","0","43.42654951589354","56.57345048410646","""woodland""","17.171327475794676"
"23","37","[35.30501629946039 135.3050162994604 0]","""""","9.9","53.82308925430149","2","true","61","""done""","0.06966228118773843","185.6493192515366","23.840070449062154","38.6216671834898","37.53826236744806","""Clay loam""","""D""","""woods | used and managed but not planted | good""","77","0.5605221806535163","0.306","0.15883929805671815","0.14716070194328185","0.9462853628424537","0","43.30630351982079","56.69369648017921","""woodland""","17.16531517599104"
"24","37","[31.21822251810056 131.21822251810056 0]","""""","9.9","52.222973431538804","2","true","62","""done""","0.07076289968510863","191.78892370965264","22.382905496470343","42.745396369197614","34.87169813433205","""Clay loam""","""D""","""woods | used and managed but not planted | good""","77","0.5485226416044942","0.306","0.1700388678358054","0.1359611321641946","0.9159925924364165","0","43.18613631295201","56.81386368704799","""woodland""","17.159306815647604"
"25","37","[26.02328593836188 126.02328593836188 0]","""""","9.9","50.18898281096909","2","true","119","""done""","0.13139260572610723","182.67028380875442","23.346489316278472","36.79288503953519","39.860625644186335","""Clay loam""","""D""","""woods | used and managed but not planted | good""","77","0.5709728153988385","0.306","0.1490853722944174","0.1569146277055826","0.9617176355477669","0","36.50912343920303","63.49087656079697","""woodland""","16.82545617196015"
"26","37","[22.42858881177537 122.42858881177537 0]","""""","9.9","48.78153921141052","2","true","120","""done""","0.13242019532691462","181.66958846847","21.70250015117004","41.112475858641346","37.18502399018861","""Clay loam""","""D""","""woods | used and managed but not planted | good""","77","0.5589326079558488","0.306","0.16032289924120785","0.14567710075879214","0.9670150899245572","0","36.39570900039727","63.60429099960273","""woodland""","16.819785450019864"
"27","37","[18.27230703378069 118.27230703378069 0]","""""","9.9","47.15421652457393","4","true","121","""done""","0.13344656925721932","176.71328031855577","24.64218467491106","38.572914967868485","36.784900357220444","""Clay loam""","""D""","""woods | used and managed but not planted | good""","77","0.557132051607492","0.306","0.16200341849967415","0.14399658150032585","0.9941371305693987","0","36.28244554438837","63.71755445561163","""woodland""","16.81412227721942"
"28","37","[15.282666453182799 115.2826664531828 0]","""""","9.9","45.98367270628604","2","false","0","""done""","0","168.2497186892327","25.07694545716268","41.7067277042566","33.21632683858072","""Clay loam""","""D""","""woods-grass combination or tree farm | lightly or only occasionally grazed | good""","79","0.5410734707736132","0.306","0.176991427277961","0.129008572722039","1","7.2375519172233","43.49470664368795","49.26774143908875","""wood-grass""","17.53661292804556"
"29","37","[10.132729897353414 110.13272989735341 0]","""""","9.9","43.967301093215646","8","true","36","""done""","0.041719104121338835","182.0839122783515","24.567040216126145","36.349530766309435","39.08342901756441","""Clay loam""","""D""","""woods | used and managed but not planted | good""","77","0.5674754305790398","0.306","0.15234959812622947","0.15365040187377052","0.9648146902777287","0","46.33249092768993","53.66750907231007","""woodland""","17.316624546384496"
"30","37","[8.533114706966842 108.53311470696684 0]","""""","9.9","43.340998491860155","8","true","171","""done""","0.18324661414224241","163.61394784045282","19.972389958270632","43.13627255803748","36.89133748369187","""Silty clay loam""","""D""","""woods | used and managed but not planted | good""","77","0.5576110186766134","0.2365","0.09205638256849416","0.14444361743150583","0.7319928722196631","0","30.83323913993958","69.16676086006042","""woodland""","16.54166195699698"
"31","37","[8.604497802918289 108.60449780291829 0]","""""","9.9","43.368947350408064","16","true","10","""done""","0.011767529412220479","162.68566688578676","26.717083599880954","41.109259202127035","32.17365719799201","""Clay loam""","""D""","""woods | used and managed but not planted | good""","77","0.536381457390964","0.306","0.1813706397684336","0.12462936023156641","1","0","49.508321580567106","50.491678419432894","""woodland""","17.475416079028356"
"32","37","[11.009265054212108 111.00926505421211 0]","""""","9.9","44.310493788696036","32","true","9","""done""","0.010597034888850443","175.30378257909172","26.474362847634875","35.55934405121508","37.96629310115005","""Clay loam""","""D""","""woods | used and managed but not planted | good""","77","0.5624483189551752","0.306","0.1570415689751698","0.1489584310248302","1","0","49.63071296516659","50.36928703483341","""woodland""","17.48153564825833"
"33","37","[15.148884318120821 115.14888431812082 0]","""""","9.9","45.93129254654028","32","true","7","""done""","0.008251885085253763","163.15193890391606","21.98764154369005","40.25131913491099","37.76103932139897","""Clay loam""","""D""","""woods | used and managed but not planted | good""","77","0.5615246769462954","0.306","0.15790363485012435","0.14809636514987565","1","0","49.87550754506712","50.12449245493288","""woodland""","17.493775377253357"
"34","37","[18.866241266807947 118.86624126680795 0]","""""","9.9","47.38676155003668","64","true","77","""done""","0.08711678853836935","145.63271352539945","21.722794580408227","43.108336414439506","35.16886900515227","""Clay loam""","""D""","""woods | used and managed but not planted | good""","77","0.5498599105231852","0.306","0.16879075017836048","0.1372092498216395","1","0","41.39399942894565","58.60600057105435","""woodland""","17.069699971447285"
"35","37","[23.312107542379096 123.3121075423791 0]","""""","9.9","49.12746620850892","64","true","1","""done""","0.0011830311456955123","180.37195525121396","24.468944404859748","40.81251262330971","34.718542971830544","""Clay loam""","""D""","""woods-grass combination or tree farm | lightly or only occasionally grazed | good""","79","0.5478334433732375","0.306","0.17068211951831172","0.13531788048168827","0.9739719968368666","5.854940353061892","44.75493979863351","49.39011984830461","""wood-grass""","17.530494007584768"
"36","37","[28.616388612097637 128.61638861209764 0]","""""","9.9","51.204268837197745","32","false","0","""done""","0","165.9035264981806","24.429903782552806","39.224291511292115","36.34580470615509","""Clay loam""","""D""","""woods-grass combination or tree farm | lightly or only occasionally grazed | good""","79","0.5551561211776979","0.306","0.16384762023414862","0.14215237976585138","1","7.2375519172233","43.49470664368795","49.26774143908875","""wood-grass""","17.53661292804556"
"37","37","[31.6772433889368 131.6772433889368 0]","""""","9.9","52.402695384174","16","true","25","""done""","0.02915969334938906","192.22467730404222","22.8594235407848","37.72550814154999","39.4150683176652","""Clay loam""","""D""","""woods | used and managed but not planted | good""","77","0.5689678074294934","0.306","0.15095671306580616","0.15504328693419384","0.9139161313379434","0","47.67397808568956","52.32602191431044","""woodland""","17.38369890428448"
"38","37","[37.04076012156469 137.0407601215647 0]","""""","9.9","54.50269074696295","32","true","4","""done""","0.004723733827578291","146.62661845380345","25.45984999536026","38.47314116144948","36.067008843190266","""Clay loam""","""D""","""woods-grass combination or tree farm | lightly or only occasionally grazed | good""","79","0.5539015397943562","0.306","0.1650185628586009","0.1409814371413991","1","1.672896220173925","48.569810717776754","49.75729306204932","""wood-grass""","17.512135346897534"
"39","37","[42.30156499436845 142.30156499436845 0]","""""","9.9","56.562470997151976","32","true","3","""done""","0.003544896404737763","149.55884558786423","22.519225184881407","44.0522323868458","33.42854242827279","""Clay loam""","""D""","""woods-grass combination or tree farm | lightly or only occasionally grazed | good""","79","0.5420284409272276","0.306","0.17610012180125428","0.1298998781987457","1","3.0709855053506487","47.29411736840723","49.63489712624213","""wood-grass""","17.518255143687888"
"40","37","[46.94140766298938 146.94140766298938 0]","""""","9.9","58.379123871356825","32","false","0","""done""","0","131.36153755456763","25.80641738370974","42.248448511428975","31.945134104861285","""Clay loam""","""D""","""woods-grass combination or tree farm | lightly or only occasionally grazed | good""","79","0.5353531034718758","0.306","0.1823304367595826","0.1236695632404174","1","7.2375519172233","43.49470664368795","49.26774143908875","""wood-grass""","17.53661292804556"
"41","37","[50.69818891843113 150.69818891843113 0]","""""","9.9","59.85002880345996","64","true","8","""done""","0.009425153993882662","174.43557401015917","28.13165110265568","36.76677113402951","35.101577763314815","""Clay loam""","""D""","""woods | used and managed but not planted | good""","77","0.5495570999349166","0.306","0.1690733733940778","0.1369266266059222","1","0","49.753108775600275","50.246891224399725","""woodland""","17.487655438780013"
"42","37","[54.676536558087975 154.67653655808797 0]","""""","9.9","61.40768435136172","32","false","0","""done""","0","162.4249253067724","19.123057276054034","42.4663846598524","38.410558064093564","""Silty clay loam""","""D""","""woods-grass combination or tree farm | lightly or only occasionally grazed | good""","79","0.5644475112884211","0.2365","0.08567565613080705","0.15082434386919294","0.7373513848858615","7.2375519172233","43.49470664368795","49.26774143908875","""wood-grass""","17.53661292804556"
"43","37","[58.14796687037466 158.14796687037466 0]","""""","9.9","62.7668648893285","64","true","1","""done""","0.0011830311456955123","181.21675641480775","24.15031807515625","40.00563286421348","35.844049060630276","""Clay loam""","""D""","""woods-grass combination or tree farm | lightly or only occasionally grazed | good""","79","0.5528982207728362","0.306","0.16595499394535285","0.14004500605464715","0.9694315079079504","5.854940353061892","44.75493979863351","49.39011984830461","""wood-grass""","17.530494007584768"
"44","37","[62.33982038846125 162.33982038846125 0]","""""","9.9","64.40811509666389","64","true","2","""done""","0.002364662728699396","157.8984185893086","23.649207768662215","39.0222826263403","37.328509604997485","""Clay loam""","""D""","""woods-grass combination or tree farm | lightly or only occasionally grazed | good""","79","0.5595782932224886","0.306","0.15972025965901057","0.14627974034098942","1","4.46554699695929","46.02194743691256","49.51250556612814","""wood-grass""","17.524374721693594"
"45","37","[64.78041504320876 164.78041504320876 0]","""""","9.9","65.36368915616833","64","true","6","""done""","0.00707722651895526","160.59982443353087","22.81369984873062","39.50871314065308","37.6775870106163","""Clay loam""","""D""","""woods | used and managed but not planted | good""","77","0.5611491415477734","0.306","0.15825413455541154","0.14774586544458845","1","0","49.997907806624276","50.002092193375724","""woodland""","17.499895390331215"
"46","37","[68.97559021321979 168.9755902132198 0]","""""","9.9","67.00623990081644","32","true","1","""done""","0.0011830311456955123","145.9503463474065","25.055823084620343","40.19242040449755","34.75175651088212","""Clay loam""","""D""","""woods-grass combination or tree farm | lightly or only occasionally grazed | good""","79","0.5479829042989695","0.306","0.17054262265429512","0.13545737734570487","1","5.854940353061892","44.75493979863351","49.39011984830461","""wood-grass""","17.530494007584768"
"47","37","[72.24865893246204 172.24865893246204 0]","""""","9.9","68.2877552712608","64","false","0","""done""","0","151.82802877979333","20.19429817398377","38.06816883909609","41.737532986920144","""Clay""","""D""","""woods-grass combination or tree farm | lightly or only occasionally grazed | good""","79","0.5794188984411406","0.357","0.1922023614549354","0.16479763854506457","0.6244275152471033","7.2375519172233","43.49470664368795","49.26774143908875","""wood-grass""","17.53661292804556"
"48","37","[74.86623379955273 174.86623379955273 0]","""""","9.9","69.31262297591512","64","true","1","""done""","0.0011830311456955123","165.18922134127504","23.01282115174055","42.06482759464024","34.922351253619226","""Clay loam""","""D""","""woods-grass combination or tree farm | lightly or only occasionally grazed | good""","79","0.5487505806412865","0.306","0.16982612473479927","0.13617387526520072","1","5.854940353061892","44.75493979863351","49.39011984830461","""wood-grass""","17.530494007584768"
"49","37","[78.86001731623278 178.86001731623278 0]","""""","9.9","70.87632218356201","2","false","0","""done""","0","150.22526720692983","23.361741997964113","42.50410893104476","34.13414907099113","""Clay loam""","""D""","""woods-grass combination or tree farm | lightly or only occasionally grazed | good""","79","0.5452036708194601","0.306","0.17313657390183726","0.13286342609816273","1","7.2375519172233","43.49470664368795","49.26774143908875","""wood-grass""","17.53661292804556"
"0","36","[131.06486470047906 231.06486470047906 0]","""""","9.9","91.31625793599653","32","false","0","""done""","0","160.8686585023386","24.346792277711913","38.52526361240875","37.127944109879344","""Clay loam""","""D""","""woods-grass combination or tree farm | lightly or only occasionally grazed | good""","79","0.558675748494457","0.306","0.16056263473850677","0.14543736526149323","1","7.2375519172233","43.49470664368795","49.26774143908875","""wood-grass""","17.53661292804556"
"1","36","[127.37421492039323 227.37421492039323 0]","""""","9.9","89.87124567814143","2","false","0","""done""","0","175.5520164894213","20.574533766778245","41.16837493835674","38.25709129486501","""Clay loam""","""D""","""woods-grass combination or tree farm | lightly or only occasionally grazed | good""","79","0.5637569108268925","0.306","0.15582021656156697","0.15017978343843302","1","7.2375519172233","43.49470664368795","49.26774143908875","""wood-grass""","17.53661292804556"
"2","36","[121.38468946886172 221.38468946886172 0]","""""","9.9","87.52614706084675","4","true","2","""done""","0.002364662728699396","187.60104385912265","23.00101556493816","39.55550888545175","37.44347554961009","""Clay loam""","""D""","""woods-grass combination or tree farm | lightly or only occasionally grazed | good""","79","0.5600956399732454","0.306","0.15923740269163764","0.14676259730836236","0.9364405965742818","4.46554699695929","46.02194743691256","49.51250556612814","""wood-grass""","17.524374721693594"
"3","36","[117.58839753263129 217.5883975326313 0]","""""","9.9","86.03977238182698","2","false","0","""done""","0","173.86578156618882","22.434341840385358","41.115509142258745","36.45014901735588","""Clay loam""","""D""","""woods-grass combination or tree farm | lightly or only occasionally grazed | good""","79","0.5556256705781015","0.306","0.1634093741271053","0.1425906258728947","1","7.2375519172233","43.49470664368795","49.26774143908875","""wood-grass""","17.53661292804556"
"4","36","[113.28762612760886 213.28762612760886 0]","""""","9.9","84.35587719566666","2","true","1","""done""","0.0011830311456955123","161.38577615846864","24.5644182953037","38.49458641371111","36.940995290985185","""Clay loam""","""D""","""woods-grass combination or tree farm | lightly or only occasionally grazed | good""","79","0.5578344788094334","0.306","0.16134781977786222","0.14465218022213777","1","5.854940353061892","44.75493979863351","49.39011984830461","""wood-grass""","17.530494007584768"
"5","36","[108.27231990568833 208.27231990568833 0]","""""","9.9","82.3922178404288","4","true","2","""done""","0.002364662728699396","161.55013800954032","26.3445818301293","37.63940804382956","36.01601012604115","""Clay loam""","""D""","""woods-grass combination or tree farm | lightly or only occasionally grazed | good""","79","0.5536720455671852","0.306","0.16523275747062718","0.1407672425293728","1","4.46554699695929","46.02194743691256","49.51250556612814","""wood-grass""","17.524374721693594"
"6","36","[104.60612135022237 204.60612135022237 0]","""""","9.9","80.95677905104147","4","false","0","""done""","0","155.37362051748033","27.73241927809489","38.25461917184542","34.0129615500597","""Clay loam""","""D""","""woods-grass combination or tree farm | lightly or only occasionally grazed | good""","79","0.5446583269752686","0.306","0.17364556148974927","0.13235443851025072","1","7.2375519172233","43.49470664368795","49.26774143908875","""wood-grass""","17.53661292804556"
"7","36","[100.49200075527352 200.49200075527352 0]","""""","9.9","79.34596387099559","2","false","0","""done""","0","168.76515734508766","26.15101581323838","40.29245588920231","33.55652829755932","""Clay loam""","""D""","""woods-grass combination or tree farm | lightly or only occasionally grazed | good""","79","0.5426043773390169","0.306","0.1755625811502509","0.1304374188497491","1","7.2375519172233","43.49470664368795","49.26774143908875","""wood-grass""","17.53661292804556"
"8","36","[95.08552853689557 195.08552853689557 0]","""""","9.9","77.22915000546334","2","true","18","""done""","0.02108177262926547","159.8356481781491","22.657707001643992","40.6546593205438","36.68763367781221","""Clay loam""","""D""","""woods | used and managed but not planted | good""","77","0.5566943515501549","0.306","0.16241193855318875","0.14358806144681124","1","0","48.52952574745245","51.47047425254755","""woodland""","17.426476287372623"
"9","36","[91.13871067152783 191.13871067152783 0]","""""","9.9","75.68383941388365","4","true","21","""done""","0.02455193633400432","172.2613559026651","23.448422330885915","38.99948910650911","37.55208856260497","""Clay loam""","""D""","""woods | used and managed but not planted | good""","77","0.5605843985317224","0.306","0.15878122803705913","0.14721877196294086","1","0","48.162727607139544","51.837272392860456","""woodland""","17.40813638035698"
"10","36","[88.51771089258762 188.51771089258762 0]","""""","9.9","74.65763074221823","4","false","0","""done""","0","174.63847082619063","22.14209667273988","41.16030688479475","36.69759644246538","""Clay loam""","""D""","""woods-grass combination or tree farm | lightly or only occasionally grazed | good""","79","0.5567391839910942","0.306","0.1623700949416454","0.1436299050583546","1","7.2375519172233","43.49470664368795","49.26774143908875","""wood-grass""","17.53661292804556"
"11","36","[84.69422536902567 184.69422536902567 0]","""""","9.9","73.16060886843044","2","true","34","""done""","0.03944772195046786","143.99584840045156","26.46681766678704","42.258373108159006","31.274809225053968","""Clay loam""","""D""","""woods | used and managed but not planted | good""","77","0.5323366415127428","0.306","0.1851458012547733","0.12085419874522667","1","0","46.576060400197704","53.423939599802296","""woodland""","17.328803020009886"
"12","36","[79.79910070132502 179.79910070132502 0]","""""","9.9","71.24400459274871","4","true","41","""done""","0.04737408896731132","155.7688632710929","24.35348783414504","39.642173140446765","36.00433902540819","""Clay loam""","""D""","""woods | used and managed but not planted | good""","77","0.5536195256143368","0.306","0.1652817760932856","0.1407182239067144","1","0","45.72435741805315","54.27564258194685","""woodland""","17.286217870902657"
"13","36","[75.99313868359474 175.99313868359474 0]","""""","9.9","69.75384375488582","2","true","6","""done""","0.00707722651895526","178.67517186264962","24.108328271791525","40.59364407362204","35.298027654586434","""Clay loam""","""D""","""woods | used and managed but not planted | good""","77","0.550441124445639","0.306","0.16824828385073698","0.13775171614926301","0.9832212925724265","0","49.997907806624276","50.002092193375724","""woodland""","17.499895390331215"
"14","36","[71.55270060854332 171.55270060854332 0]","""""","9.9","68.01526441763247","4","true","12","""done""","0.014104365902709914","166.40350682140877","26.86192331686924","35.611599938414514","37.526476744716234","""Clay loam""","""D""","""woods | used and managed but not planted | good""","77","0.560469145351223","0.306","0.15888879767219183","0.14711120232780817","1","0","49.26355795494361","50.73644204505639","""woodland""","17.46317789774718"
"15","36","[68.24880054968793 168.24880054968793 0]","""""","9.9","66.72167755129394","4","true","3","""done""","0.003544896404737763","151.2098145248125","21.735068559839867","42.59657957764462","35.668351862515514","""Clay loam""","""D""","""woods-grass combination or tree farm | lightly or only occasionally grazed | good""","79","0.5521075833813198","0.306","0.16669292217743487","0.13930707782256513","1","3.0709855053506487","47.29411736840723","49.63489712624213","""wood-grass""","17.518255143687888"
"16","36","[63.42318301451098 163.42318301451098 0]","""""","9.9","64.83228763202365","4","true","1","""done""","0.0011830311456955123","158.27180013857003","25.159973795938203","39.26127273356979","35.57875347049202","""Clay loam""","""D""","""woods-grass combination or tree farm | lightly or only occasionally grazed | good""","79","0.5517043906172141","0.306","0.16706923542393354","0.13893076457606646","1","5.854940353061892","44.75493979863351","49.39011984830461","""wood-grass""","17.530494007584768"
"17","36","[59.108738410087085 159.10873841008708 0]","""""","9.9","63.14303893309011","2","true","1","""done""","0.0011830311456955123","167.1786459987319","24.527396866178638","40.5016001020043","34.97100303181707","""Clay loam""","""D""","""woods-grass combination or tree farm | lightly or only occasionally grazed | good""","79","0.5489695136431768","0.306","0.1696217872663683","0.13637821273363168","1","5.854940353061892","44.75493979863351","49.39011984830461","""wood-grass""","17.530494007584768"
"18","36","[54.5851920382797 154.5851920382797 0]","""""","9.9","61.37191993081901","2","true","3","""done""","0.003544896404737763","156.53427468433404","26.1534676832812","38.228493578933445","35.61803873778536","""Clay loam""","""D""","""woods-grass combination or tree farm | lightly or only occasionally grazed | good""","79","0.5518811743200341","0.306","0.1669042373013015","0.1390957626986985","1","3.0709855053506487","47.29411736840723","49.63489712624213","""wood-grass""","17.518255143687888"
"19","36","[49.808039311833795 149.8080393118338 0]","""""","9.9","59.50150559765524","4","true","5","""done""","0.005901176649031781","190.84501728941063","19.702522299543347","43.306147889695325","36.99132981076133","""Silty clay loam""","""D""","""woods-grass combination or tree farm | lightly or only occasionally grazed | good""","79","0.558060984148426","0.2365","0.09163641479480242","0.14486358520519757","0.6275471338783365","0.2729377906510422","49.84737030260629","49.87969190674267","""wood-grass""","17.506015404662865"
"20","36","[47.13389092075715 147.13389092075715 0]","""""","9.9","58.45448747491713","2","false","0","""done""","0","166.835255078951","26.820255914515627","38.032840743014035","35.146903342470345","""Clay loam""","""D""","""woods-grass combination or tree farm | lightly or only occasionally grazed | good""","79","0.5497610650411165","0.306","0.16888300596162456","0.13711699403837543","1","7.2375519172233","43.49470664368795","49.26774143908875","""wood-grass""","17.53661292804556"
"21","36","[42.000847042434145 142.00084704243415 0]","""""","9.9","56.44472990748076","2","true","1","""done""","0.0011830311456955123","152.3288568466529","25.397959471639208","41.27645788622605","33.325582642134734","""Clay loam""","""D""","""woods-grass combination or tree farm | lightly or only occasionally grazed | good""","79","0.5415651218896063","0.306","0.17653255290303413","0.12946744709696587","1","5.854940353061892","44.75493979863351","49.39011984830461","""wood-grass""","17.530494007584768"
"22","36","[37.26706415749672 137.26706415749672 0]","""""","9.9","54.59129631113443","4","true","2","""done""","0.002364662728699396","180.45334673835492","22.60242424717277","39.71890710144645","37.67866865138079","""Clay loam""","""D""","""woods-grass combination or tree farm | lightly or only occasionally grazed | good""","79","0.5611540089312135","0.306","0.1582495916642007","0.1477504083357993","0.9735326975349194","4.46554699695929","46.02194743691256","49.51250556612814","""wood-grass""","17.524374721693594"
"23","36","[35.39721220149613 135.39721220149613 0]","""""","9.9","53.859187019330435","4","false","0","""done""","0","154.5642988204934","24.70515931372666","39.40576547200551","35.88907521426783","""Clay loam""","""D""","""woods-grass combination or tree farm | lightly or only occasionally grazed | good""","79","0.5531008384642052","0.306","0.16576588410007514","0.14023411589992485","1","7.2375519172233","43.49470664368795","49.26774143908875","""wood-grass""","17.53661292804556"
"24","36","[30.227608504047367 130.22760850404737 0]","""""","9.9","51.835115065558426","4","false","0","""done""","0","143.0491898044272","22.8018484025186","41.11583594879373","36.082315648687675","""Clay loam""","""D""","""woods-grass combination or tree farm | lightly or only occasionally grazed | good""","79","0.5539704204190945","0.306","0.16495427427551176","0.14104572572448823","1","7.2375519172233","43.49470664368795","49.26774143908875","""wood-grass""","17.53661292804556"
"25","36","[25.612024519640727 125.61202451964073 0]","""""","9.9","50.02796027384254","2","false","0","""done""","0","156.89595783882675","17.41316326289932","42.84199043679803","39.74484630030266","""Silty clay loam""","""D""","""woods-grass combination or tree farm | lightly or only occasionally grazed | good""","79","0.570451808351362","0.2365","0.08007164553872884","0.15642835446127115","0.7633354311011663","7.2375519172233","43.49470664368795","49.26774143908875","""wood-grass""","17.53661292804556"
"26","36","[21.28221382871388 121.28221382871388 0]","""""","9.9","48.332695240476006","4","true","1","""done""","0.0011830311456955123","121.63631880540439","23.043516985462038","42.23548139067331","34.721001623864666","""Clay loam""","""D""","""woods-grass combination or tree farm | lightly or only occasionally grazed | good""","79","0.547844507307391","0.306","0.1706717931797684","0.13532820682023158","1","5.854940353061892","44.75493979863351","49.39011984830461","""wood-grass""","17.530494007584768"
"27","36","[17.661851633213317 117.66185163321332 0]","""""","9.9","46.915202911997234","2","false","0","""done""","0","164.24004554866758","24.929613479313737","39.09022410867286","35.9801624120134","""Clay loam""","""D""","""woods-grass combination or tree farm | lightly or only occasionally grazed | good""","79","0.5535107308540603","0.306","0.16538331786954374","0.14061668213045625","1","7.2375519172233","43.49470664368795","49.26774143908875","""wood-grass""","17.53661292804556"
"28","36","[12.563722104826113 112.56372210482611 0]","""""","9.9","44.91911547492775","2","true","123","""done""","0.13549567585732336","177.58537797805909","17.23055575940958","46.55147125475177","36.217972985838664","""Silty clay loam""","""D""","""woods | used and managed but not planted | good""","77","0.554580878436274","0.2365","0.09488451345947763","0.14161548654052236","0.6744037430251058","0","36.05637578831943","63.94362421168057","""woodland""","16.802818789415973"
"29","36","[8.41688522635802 108.41688522635802 0]","""""","9.9","43.295490780695005","8","true","161","""done""","0.17352099817973987","174.2049025821705","20.21964740410266","41.40074373265598","38.379608863241344","""Clay loam""","""D""","""woods | used and managed but not planted | good""","77","0.564308239884586","0.306","0.15530564277438635","0.15069435722561364","1","0","31.887060446187007","68.11293955381299","""woodland""","16.59435302230935"
"30","36","[8.349091680235006 108.349091680235 0]","""""","9.9","43.26894735040806","16","true","185","""done""","0.19667050862397428","162.99005660628578","24.849483362339598","40.34416024588251","34.80635639177788","""Clay loam""","""D""","""woods | used and managed but not planted | good""","77","0.5482286037630004","0.306","0.1703133031545329","0.13568669684546708","1","0","29.390952427636932","70.60904757236307","""woodland""","16.469547621381846"
"31","36","[9.653915290425843 109.65391529042584 0]","""""","9.9","43.779829233928496","32","true","1","""done""","0.0011830311456955123","167.34119702311176","21.470089525952837","44.387183383192415","34.14272709085474","""Clay loam""","""D""","""woods-grass combination or tree farm | lightly or only occasionally grazed | good""","79","0.5452422719088463","0.306","0.1731005462184101","0.1328994537815899","1","5.854940353061892","44.75493979863351","49.39011984830461","""wood-grass""","17.530494007584768"
"32","36","[13.524348293458175 113.52434829345817 0]","""""","9.9","45.295232608902374","32","false","0","""done""","0","159.88875423035293","23.219231011281746","39.91878559887361","36.86198338984464","""Clay loam""","""D""","""woods-grass combination or tree farm | lightly or only occasionally grazed | good""","79","0.5574789252543009","0.306","0.16167966976265252","0.14432033023734747","1","7.2375519172233","43.49470664368795","49.26774143908875","""wood-grass""","17.53661292804556"
"33","36","[17.990385457805843 117.99038545780584 0]","""""","9.9","47.04383484185897","64","false","0","""done""","0","148.50966888061322","21.369638100617998","41.72293409386805","36.907427805513954","""Clay loam""","""D""","""woods-grass combination or tree farm | lightly or only occasionally grazed | good""","79","0.5576834251248128","0.306","0.1614888032168414","0.1445111967831586","1","7.2375519172233","43.49470664368795","49.26774143908875","""wood-grass""","17.53661292804556"
"34","36","[20.513322830181195 120.5133228301812 0]","""""","9.9","48.03164881666488","64","true","6","""done""","0.00707722651895526","166.3192329104128","23.76471328189105","39.476023046952065","36.75926367115689","""Clay loam""","""D""","""woods | used and managed but not planted | good""","77","0.557016686520206","0.306","0.1621110925811411","0.1438889074188589","1","0","49.997907806624276","50.002092193375724","""woodland""","17.499895390331215"
"35","36","[24.04715405189623 124.04715405189623 0]","""""","9.9","49.41526138812121","64","true","76","""done""","0.08603554011626813","180.81139718387203","20.127869690491238","40.94943282547967","38.92269748402911","""Clay loam""","""D""","""woods | used and managed but not planted | good""","77","0.566752138678131","0.306","0.15302467056707775","0.15297532943292225","0.9716048665380527","0","41.512823625274905","58.487176374725095","""woodland""","17.075641181263748"
"36","36","[27.178087674545168 127.17808767454517 0]","""""","9.9","50.64112613629387","32","true","29","""done""","0.033745684547090926","202.76982637687564","23.190919566504004","40.712069954997844","36.097010478498156","""Clay loam""","""D""","""woods | used and managed but not planted | good""","77","0.5540365471532417","0.306","0.16489255599030775","0.14110744400969225","0.8663874530467591","0","47.185673627475296","52.814326372524704","""woodland""","17.359283681373768"
"37","36","[34.272770243376044 134.27277024337604 0]","""""","9.9","53.4189305578538","32","false","0","""done""","0","159.71727717881913","27.455019324376693","43.134168102265","29.410812573358307","""Clay loam""","""D""","""woods-grass combination or tree farm | lightly or only occasionally grazed | good""","79","0.5239486565801124","0.306","0.19297458719189511","0.11302541280810488","1","7.2375519172233","43.49470664368795","49.26774143908875","""wood-grass""","17.53661292804556"
"38","36","[38.843718119664686 138.8437181196647 0]","""""","9.9","55.20860882721812","64","true","19","""done""","0.022239863381334102","156.90643470266454","25.479448127850798","39.56065375915304","34.959898112996164","""Clay loam""","""D""","""woods | used and managed but not planted | good""","77","0.5489195415084828","0.306","0.16966842792541612","0.13633157207458388","1","0","48.407240143221166","51.592759856778834","""woodland""","17.42036200716106"
"39","36","[44.13463323646067 144.13463323646067 0]","""""","9.9","57.28017824035906","32","false","0","""done""","0","162.80025122967442","24.624181165758852","39.45313653087539","35.922682303365754","""Clay loam""","""D""","""woods-grass combination or tree farm | lightly or only occasionally grazed | good""","79","0.5532520703651459","0.306","0.16562473432586386","0.14037526567413613","1","7.2375519172233","43.49470664368795","49.26774143908875","""wood-grass""","17.53661292804556"
"40","36","[47.757017322045755 147.75701732204575 0]","""""","9.9","58.69846220611859","64","true","1","""done""","0.0011830311456955123","161.33606095373582","24.41356485930475","37.2604667207413","38.32596841995395","""Clay loam""","""D""","""woods-grass combination or tree farm | lightly or only occasionally grazed | good""","79","0.5640668578897927","0.306","0.15553093263619341","0.15046906736380658","1","5.854940353061892","44.75493979863351","49.39011984830461","""wood-grass""","17.530494007584768"
"41","36","[52.61515934072807 152.61515934072807 0]","""""","9.9","60.60058654348491","32","false","0","""done""","0","116.82224656086075","23.024503538916683","39.249682418222655","37.72581404286065","""Clay loam""","""D""","""woods-grass combination or tree farm | lightly or only occasionally grazed | good""","79","0.5613661631928729","0.306","0.1580515810199853","0.1479484189800147","1","7.2375519172233","43.49470664368795","49.26774143908875","""wood-grass""","17.53661292804556"
"42","36","[55.87511258559363 155.87511258559363 0]","""""","9.9","61.87696676907101","64","true","6","""done""","0.00707722651895526","159.35347829804044","27.376859613961383","40.068805733786164","32.55433465225245","""Clay loam""","""D""","""woods | used and managed but not planted | good""","77","0.5380945059351361","0.306","0.17977179446053973","0.12622820553946026","1","0","49.997907806624276","50.002092193375724","""woodland""","17.499895390331215"
"43","36","[61.6223362853479 161.6223362853479 0]","""""","9.9","64.12719618384554","32","false","0","""done""","0","175.95327243129907","25.58012567300702","39.06990655502396","35.34996777196902","""Clay loam""","""D""","""woods-grass combination or tree farm | lightly or only occasionally grazed | good""","79","0.5506748549738606","0.306","0.16803013535773012","0.13796986464226987","0.9984311800622405","7.2375519172233","43.49470664368795","49.26774143908875","""wood-grass""","17.53661292804556"
"44","36","[63.97947602829703 163.97947602829703 0]","""""","9.9","65.05009486700365","64","false","0","""done""","0","122.10081337767653","27.126423269940272","37.456870127734206","35.41670660232552","""Clay loam""","""D""","""woods-grass combination or tree farm | lightly or only occasionally grazed | good""","79","0.5509751797104648","0.306","0.16774983227023282","0.13825016772976717","1","7.2375519172233","43.49470664368795","49.26774143908875","""wood-grass""","17.53661292804556"
"45","36","[67.23533692962016 167.23533692962016 0]","""""","9.9","66.32487280385077","64","true","1","""done""","0.0011830311456955123","148.08619995449797","24.671540584430453","36.60677746090272","38.72168195466684","""Clay loam""","""D""","""woods-grass combination or tree farm | lightly or only occasionally grazed | good""","79","0.5658475687960007","0.306","0.15386893579039929","0.1521310642096007","1","5.854940353061892","44.75493979863351","49.39011984830461","""wood-grass""","17.530494007584768"
"46","36","[72.32933494904557 172.32933494904557 0]","""""","9.9","68.31934261761569","64","true","3","""done""","0.003544896404737763","133.2463844860039","27.285852728669465","39.13795655715742","33.57619071417312","""Clay loam""","""D""","""woods-grass combination or tree farm | lightly or only occasionally grazed | good""","79","0.5426928582137791","0.306","0.1754799990004729","0.1305200009995271","1","3.0709855053506487","47.29411736840723","49.63489712624213","""wood-grass""","17.518255143687888"
"47","36","[77.54880849539208 177.54880849539208 0]","""""","9.9","70.362940277496","64","false","0","""done""","0","164.8284058843285","25.186419251145356","38.0318126896902","36.781768059164456","""Clay loam""","""D""","""woods-grass combination or tree farm | lightly or only occasionally grazed | good""","79","0.55711795626624","0.306","0.1620165741515093","0.1439834258484907","1","7.2375519172233","43.49470664368795","49.26774143908875","""wood-grass""","17.53661292804556"
"48","36","[81.3729051205674 181.3729051205674 0]","""""","9.9","71.86020141791019","128","false","0","""done""","0","163.84879021522386","29.28187913160867","36.21741778300248","34.50070308538886","""Clay loam""","""D""","""woods-grass combination or tree farm | lightly or only occasionally grazed | good""","79","0.5468531638842499","0.306","0.1715970470413668","0.1344029529586332","1","7.2375519172233","43.49470664368795","49.26774143908875","""wood-grass""","17.53661292804556"
"49","36","[84.55674839120445 184.55674839120445 0]","""""","9.9","73.10678205473589","2","false","0","""done""","0","167.37365402594816","21.996272870020007","41.880439416251406","36.12328771372859","""Clay loam""","""D""","""woods-grass combination or tree farm | lightly or only occasionally grazed | good""","79","0.5541547947117786","0.306","0.16478219160233995","0.14121780839766004","1","7.2375519172233","43.49470664368795","49.26774143908875","""wood-grass""","17.53661292804556"
"0","35","[128.2215599742034 228.2215599742034 0]","""""","9.9","90.20300947648268","32","false","0","""done""","0","159.6893153728055","23.53414746293222","43.40479575482303","33.06105678224474","""Clay loam""","""D""","""woods-grass combination or tree farm | lightly or only occasionally grazed | good""","79","0.5403747555201013","0.306","0.1776435615145721","0.12835643848542788","1","7.2375519172233","43.49470664368795","49.26774143908875","""wood-grass""","17.53661292804556"
"1","35","[124.26958388525566 224.26958388525566 0]","""35""","9.9","88.65567926864406","2","false","0","""done""","0","160.53631058391733","21.27744271721501","42.60963074998136","36.11292653280364","""Clay loam""","""D""","""woods-grass combination or tree farm | lightly or only occasionally grazed | good""","79","0.5541081693976164","0.306","0.16482570856222473","0.14117429143777527","1","7.2375519172233","43.49470664368795","49.26774143908875","""wood-grass""","17.53661292804556"
"2","35","[120.12690963456598 220.12690963456598 0]","""""","9.9","87.03368438176858","2","true","1","""done""","0.0011830311456955123","178.43013961279027","23.293079377377463","39.00315886173999","37.70376176088255","""Clay loam""","""D""","""woods-grass combination or tree farm | lightly or only occasionally grazed | good""","79","0.5612669279239715","0.306","0.1581442006042933","0.1478557993957067","0.9845715180777782","5.854940353061892","44.75493979863351","49.39011984830461","""wood-grass""","17.530494007584768"
"3","35","[115.98431924213725 215.98431924213725 0]","""""","9.9","85.41172232819409","4","true","5","""done""","0.005901176649031781","150.97661337502","21.27475256785207","42.08476310220346","36.640484329944464","""Clay loam""","""D""","""woods-grass combination or tree farm | lightly or only occasionally grazed | good""","79","0.5564821794847501","0.306","0.16260996581423326","0.14339003418576673","1","0.2729377906510422","49.84737030260629","49.87969190674267","""wood-grass""","17.506015404662865"
"4","35","[111.97527503772875 211.97527503772875 0]","""""","9.9","83.84204805324336","4","false","0","""done""","0","187.5612071410768","23.523659469139332","37.6125891951919","38.863751335668766","""Clay loam""","""D""","""woods-grass combination or tree farm | lightly or only occasionally grazed | good""","79","0.5664868810105095","0.306","0.1532722443901912","0.1527277556098088","0.936639490154575","7.2375519172233","43.49470664368795","49.26774143908875","""wood-grass""","17.53661292804556"
"5","35","[108.05399200456208 208.05399200456208 0]","""""","9.9","82.3067351985749","2","false","0","""done""","0","170.69608907034456","21.758281338679787","39.400356372112235","38.84136228920798","""Clay loam""","""D""","""woods-grass combination or tree farm | lightly or only occasionally grazed | good""","79","0.5663861303014359","0.306","0.15336627838532652","0.15263372161467348","1","7.2375519172233","43.49470664368795","49.26774143908875","""wood-grass""","17.53661292804556"
"6","35","[102.13561234787966 202.13561234787966 0]","""""","9.9","79.98949252854635","4","true","4","""done""","0.004723733827578291","158.6743901375145","22.876141889341245","39.75806927032849","37.36578884033026","""Clay loam""","""D""","""woods-grass combination or tree farm | lightly or only occasionally grazed | good""","79","0.5597460497814861","0.306","0.15956368687061293","0.14643631312938707","1","1.672896220173925","48.569810717776754","49.75729306204932","""wood-grass""","17.512135346897534"
"7","35","[98.22175582337121 198.2217558233712 0]","""""","9.9","78.45708739926059","2","true","1","""done""","0.0011830311456955123","150.33930436894815","18.917576299794717","43.4021131511098","37.68031054909548","""Silty clay loam""","""D""","""woods-grass combination or tree farm | lightly or only occasionally grazed | good""","79","0.5611613974709296","0.2365","0.088742695693799","0.147757304306201","0.7966262988753589","5.854940353061892","44.75493979863351","49.39011984830461","""wood-grass""","17.530494007584768"
"8","35","[93.84949174056811 193.8494917405681 0]","""""","9.9","76.74520044961804","2","true","2","""done""","0.002364662728699396","168.711840420176","22.83383680415953","40.58621790408511","36.579945291755365","""Clay loam""","""D""","""woods-grass combination or tree farm | lightly or only occasionally grazed | good""","79","0.5562097538128992","0.306","0.16286422977462747","0.14313577022537252","1","4.46554699695929","46.02194743691256","49.51250556612814","""wood-grass""","17.524374721693594"
"9","35","[89.98388807104882 189.98388807104882 0]","""""","9.9","75.23168791949247","2","true","3","""done""","0.003544896404737763","182.60635523395703","23.627776811351925","41.39865678791593","34.97356640073213","""Clay loam""","""D""","""woods-grass combination or tree farm | lightly or only occasionally grazed | good""","79","0.5489810488032946","0.306","0.16961102111692505","0.13638897888307494","0.9620543228318393","3.0709855053506487","47.29411736840723","49.63489712624213","""wood-grass""","17.518255143687888"
"10","35","[86.1117916459639 186.1117916459639 0]","""""","9.9","73.71563325940643","2","true","26","""done""","0.030308227669653354","196.34267853702897","23.428761373193545","39.96009125948686","36.611147367319596","""Clay loam""","""D""","""woods | used and managed but not planted | good""","77","0.5563501631529382","0.306","0.1627331810572577","0.1432668189427423","0.8947480738186183","0","47.551856611550924","52.448143388449076","""woodland""","17.377592830577544"
"11","35","[81.64817509065836 181.64817509065836 0]","""""","9.9","71.96797877547664","4","true","28","""done""","0.032601221662009294","148.50356752108252","25.40005913820946","36.99465642306409","37.60528443872643","""Clay loam""","""D""","""woods | used and managed but not planted | good""","77","0.5608237799742689","0.306","0.158557805357349","0.147442194642651","1","0","47.30770293090386","52.69229706909614","""woodland""","17.365385146545194"
"12","35","[78.49951492450799 178.499514924508 0]","""""","9.9","70.73517349537185","4","false","0","""done""","0","189.0498343773969","23.548786353700734","39.10544599239035","37.3457676539089","""Clay loam""","""D""","""woods-grass combination or tree farm | lightly or only occasionally grazed | good""","79","0.5596559544425901","0.306","0.15964777585358264","0.14635222414641735","0.92926414883122","7.2375519172233","43.49470664368795","49.26774143908875","""wood-grass""","17.53661292804556"
"13","35","[74.14914953317626 174.14914953317626 0]","""""","9.9","69.03186061249062","4","true","42","""done""","0.04850107509025958","189.71557054565653","25.10138988884708","39.54658290870178","35.35202720245114","""Clay loam""","""D""","""woods | used and managed but not planted | good""","77","0.5506841224110302","0.306","0.1680214857497052","0.13797851425029478","0.9260032422437184","0","45.60287761944638","54.39712238055362","""woodland""","17.280143880972318"
"14","35","[70.94127113747328 170.94127113747328 0]","""""","9.9","67.77586942402527","4","false","0","""done""","0","147.56174389811355","21.462718211630875","42.744338949417646","35.79294283895148","""Clay loam""","""D""","""woods-grass combination or tree farm | lightly or only occasionally grazed | good""","79","0.5526682427752817","0.306","0.16616964007640378","0.13983035992359621","1","7.2375519172233","43.49470664368795","49.26774143908875","""wood-grass""","17.53661292804556"
"15","35","[65.80706005084872 165.80706005084872 0]","""""","9.9","65.7656548556802","4","true","13","""done""","0.01527071114425227","193.53402192419858","26.87781969391279","35.8198836543432","37.30229665174401","""Clay loam""","""D""","""woods | used and managed but not planted | good""","77","0.559460334932848","0.306","0.15983035406267518","0.14616964593732482","0.9077330780538538","0","49.14118864617969","50.85881135382031","""woodland""","17.457059432308984"
"16","35","[61.32867863044021 161.3286786304402 0]","""""","9.9","64.01221943551134","2","true","4","""done""","0.004723733827578291","149.6269562977092","21.671800092969693","36.44087866043418","41.88732124659613","""Clay""","""D""","""woods-grass combination or tree farm | lightly or only occasionally grazed | good""","79","0.5800929456096826","0.357","0.19157325076429627","0.16542674923570372","0.6336130942020873","1.672896220173925","48.569810717776754","49.75729306204932","""wood-grass""","17.512135346897534"
"17","35","[57.158125016963 157.158125016963 0]","""""","9.9","62.37930884994603","4","true","7","""done""","0.008251885085253763","167.73534704234265","22.501765269272525","40.22730806031913","37.27092667040835","""Clay loam""","""D""","""woods | used and managed but not planted | good""","77","0.5593191700168376","0.306","0.15996210798428495","0.14603789201571504","1","0","49.87550754506712","50.12449245493288","""woodland""","17.493775377253357"
"18","35","[52.82648297923862 152.82648297923862 0]","""""","9.9","60.68332678333914","2","false","0","""done""","0","136.6546471872432","27.288204858662095","39.60795038859922","33.103844752738674","""Clay loam""","""D""","""woods-grass combination or tree farm | lightly or only occasionally grazed | good""","79","0.540567301387324","0.306","0.17746385203849757","0.12853614796150242","1","7.2375519172233","43.49470664368795","49.26774143908875","""wood-grass""","17.53661292804556"
"19","35","[48.43980508703399 148.439805087034 0]","""""","9.9","58.96579634745198","2","true","1","""done""","0.0011830311456955123","167.23356463265097","24.016712857787034","41.43811487456208","34.545172267650884","""Clay loam""","""D""","""woods-grass combination or tree farm | lightly or only occasionally grazed | good""","79","0.547053275204429","0.306","0.1714102764758663","0.1345897235241337","1","5.854940353061892","44.75493979863351","49.39011984830461","""wood-grass""","17.530494007584768"
"20","35","[43.51227822618063 143.51227822618063 0]","""""","9.9","57.03650553441856","4","true","8","""done""","0.009425153993882662","186.45030954443948","22.446816389840087","38.56197854581429","38.99120506434562","""Clay loam""","""D""","""woods | used and managed but not planted | good""","77","0.5670604227895553","0.306","0.15273693872974842","0.15326306127025158","0.9422201221260137","0","49.753108775600275","50.246891224399725","""woodland""","17.487655438780013"
"21","35","[39.98968186432808 139.98968186432808 0]","""""","9.9","55.65729178462885","4","false","0","""done""","0","144.34461069232228","25.130740273124093","40.870879102610644","33.99838062426527","""Clay loam""","""D""","""woods-grass combination or tree farm | lightly or only occasionally grazed | good""","79","0.5445927128091937","0.306","0.17370680137808586","0.13229319862191413","1","7.2375519172233","43.49470664368795","49.26774143908875","""wood-grass""","17.53661292804556"
"22","35","[36.535204905930414 136.5352049059304 0]","""""","9.9","54.30474904911994","4","false","0","""done""","0","165.71638358723882","24.095631526101077","37.60760270016342","38.2967657737355","""Clay loam""","""D""","""woods-grass combination or tree farm | lightly or only occasionally grazed | good""","79","0.5639354459818098","0.306","0.1556535837503109","0.15034641624968909","1","7.2375519172233","43.49470664368795","49.26774143908875","""wood-grass""","17.53661292804556"
"23","35","[33.37361791099889 133.3736179109989 0]","""""","9.9","53.06688248518791","2","true","3","""done""","0.003544896404737763","147.48217146381705","25.08838825229324","42.67751564994706","32.2340960977597","""Clay loam""","""D""","""woods-grass combination or tree farm | lightly or only occasionally grazed | good""","79","0.5366534324399187","0.306","0.18111679638940925","0.12488320361059076","1","3.0709855053506487","47.29411736840723","49.63489712624213","""wood-grass""","17.518255143687888"
"24","35","[27.33245942878314 127.33245942878314 0]","""""","9.9","50.70156781741575","2","true","5","""done""","0.005901176649031781","169.78405074950385","25.15324410308556","38.17180263994233","36.674953256972124","""Clay loam""","""D""","""woods-grass combination or tree farm | lightly or only occasionally grazed | good""","79","0.5566372896563745","0.306","0.1624651963207171","0.1435348036792829","1","0.2729377906510422","49.84737030260629","49.87969190674267","""wood-grass""","17.506015404662865"
"25","35","[23.25883532260559 123.25883532260559 0]","""""","9.9","49.106608360931176","4","true","7","""done""","0.008251885085253763","147.50837514768895","22.728376970600504","42.311503286227314","34.96011974317217","""Clay loam""","""D""","""woods | used and managed but not planted | good""","77","0.5489205388442748","0.306","0.1696674970786769","0.1363325029213231","1","0","49.87550754506712","50.12449245493288","""woodland""","17.493775377253357"
"26","35","[21.242224001728843 121.24222400172884 0]","""""","9.9","48.31703789187179","4","false","0","""done""","0","174.18805312866806","19.68321146427547","40.8354249899765","39.481363545748025","""Silty clay loam""","""D""","""woods-grass combination or tree farm | lightly or only occasionally grazed | good""","79","0.5692661359558661","0.2365","0.0811782731078583","0.1553217268921417","0.6875571628696291","7.2375519172233","43.49470664368795","49.26774143908875","""wood-grass""","17.53661292804556"
"27","35","[15.25909011608232 115.25909011608232 0]","""""","9.9","45.97444178540882","2","true","2","""done""","0.002364662728699396","160.47124058444055","23.762601994260237","43.28449796135049","32.95290004438927","""Clay loam""","""D""","""woods-grass combination or tree farm | lightly or only occasionally grazed | good""","79","0.5398880501997517","0.306","0.1780978198135651","0.1279021801864349","1","4.46554699695929","46.02194743691256","49.51250556612814","""wood-grass""","17.524374721693594"
"28","35","[10.585227726648895 110.5852277266489 0]","""""","9.9","44.14446905792283","2","true","3","""done""","0.003544896404737763","139.1257532224491","24.650951067071624","39.246177531775935","36.10287140115245","""Clay loam""","""D""","""woods-grass combination or tree farm | lightly or only occasionally grazed | good""","79","0.554062921305186","0.306","0.16486794011515973","0.14113205988484026","1","3.0709855053506487","47.29411736840723","49.63489712624213","""wood-grass""","17.518255143687888"
"29","35","[8.309819594463548 108.30981959446355 0]","""""","9.9","43.25357102138397","8","true","427","""done""","0.39676795682268207","173.14048319358145","21.41243280745779","39.01353532114802","39.57403187139418","""Clay loam""","""D""","""woods | used and managed but not planted | good""","77","0.5696831434212738","0.306","0.15028906614014445","0.15571093385985554","1","0","11.291470536616316","88.70852946338368","""woodland""","15.564573526830817"
"30","35","[8.552533683942926 108.55253368394293 0]","""""","9.9","43.348601667842026","32","true","74","""done""","0.08386919975832308","165.80980614654274","21.168329556683613","43.03362333356651","35.79804710974988","""Clay loam""","""D""","""woods | used and managed but not planted | good""","77","0.5526912119938745","0.306","0.16614820213905052","0.13985179786094948","1","0","41.75076708953666","58.24923291046334","""woodland""","17.087538354476834"
"31","35","[11.067855515477376 111.06785551547738 0]","""""","9.9","44.33343390487247","32","true","73","""done""","0.08278410478695908","175.14458492938311","21.847447956780396","41.62032014510534","36.532231898114254","""Clay loam""","""D""","""woods | used and managed but not planted | good""","77","0.5559950435415142","0.306","0.16306462602792016","0.14293537397207984","1","0","41.86988374526995","58.13011625473005","""woodland""","17.0934941872635"
"32","35","[14.566799963657871 114.56679996365787 0]","""""","9.9","45.70338714304109","32","true","66","""done""","0.07515236840970685","161.3538047729975","25.200375844259344","40.57306830137846","34.22655585436219","""Clay loam""","""D""","""woods | used and managed but not planted | good""","77","0.5456195013446299","0.306","0.17274846541167882","0.13325153458832117","1","0","42.70628254959651","57.29371745040349","""woodland""","17.135314127479823"
"33","35","[18.612828909918278 118.61282890991828 0]","""""","9.9","47.28754217572124","32","true","24","""done""","0.02800979866790232","198.80467988962675","25.92751280062853","38.774089635302545","35.298397564068914","""Clay loam""","""D""","""woods | used and managed but not planted | good""","77","0.5504427890383101","0.306","0.16824673023091058","0.13775326976908941","0.8836674947839662","0","47.796127377941986","52.203872622058014","""woodland""","17.389806368897098"
"34","35","[22.69720585141029 122.69720585141029 0]","""""","9.9","48.886711725214354","32","true","22","""done""","0.02570592177432951","194.33120944272628","26.022717618308327","37.95920875534626","36.01807362634541","""Clay loam""","""D""","""woods | used and managed but not planted | good""","77","0.5536813313185543","0.306","0.16522409076934927","0.14077590923065073","0.9040093659334262","0","48.040503595523745","51.959496404476255","""woodland""","17.40202517977619"
"35","35","[26.06288413489031 126.06288413489031 0]","""""","9.9","50.2044868232114","64","true","5","""done""","0.005901176649031781","168.55706340854147","21.61003530897842","41.49745647542126","36.89250821560031","""Clay loam""","""D""","""woods-grass combination or tree farm | lightly or only occasionally grazed | good""","79","0.5576162869702014","0.306","0.1615514654944787","0.14444853450552128","1","0.2729377906510422","49.84737030260629","49.87969190674267","""wood-grass""","17.506015404662865"
"36","35","[30.411065886486256 130.41106588648626 0]","""""","9.9","51.906944738438426","64","true","45","""done""","0.05187404020828401","173.7223042470107","22.44268520900171","40.34884356986263","37.20847122113566","""Clay loam""","""D""","""woods | used and managed but not planted | good""","77","0.5590381204951105","0.306","0.16022442087123023","0.14577557912876976","1","0","45.23875766745444","54.76124233254556","""woodland""","17.261937883372724"
"37","35","[34.96173725764723 134.96173725764723 0]","""""","9.9","53.68868408100076","64","true","1","""done""","0.0011830311456955123","167.31133125250975","20.744220771014717","39.90779208061087","39.34798714837441","""Clay loam""","""D""","""woods-grass combination or tree farm | lightly or only occasionally grazed | good""","79","0.5686659421676848","0.306","0.1512384539768275","0.1547615460231725","1","5.854940353061892","44.75493979863351","49.39011984830461","""wood-grass""","17.530494007584768"
"38","35","[41.28492474422549 141.2849247442255 0]","""""","9.9","56.16442249327815","32","false","0","""done""","0","163.0306311405359","23.231961428066715","40.04706358548446","36.72097498644883","""Clay loam""","""D""","""woods-grass combination or tree farm | lightly or only occasionally grazed | good""","79","0.5568443874390198","0.306","0.16227190505691494","0.14372809494308506","1","7.2375519172233","43.49470664368795","49.26774143908875","""wood-grass""","17.53661292804556"
"39","35","[44.373440929058944 144.37344092905894 0]","""""","9.9","57.37367940238656","64","true","17","""done""","0.01992231019702717","194.00390493700772","27.930477570618468","35.55105341595285","36.51846901342867","""Clay loam""","""D""","""woods | used and managed but not planted | good""","77","0.555933110560429","0.306","0.1631224301435996","0.1428775698564004","0.905534522547041","0","48.65182896075311","51.34817103924689","""woodland""","17.432591448037655"
"40","35","[48.76527755673351 148.7652775567335 0]","""""","9.9","59.0932296549546","32","true","16","""done""","0.018761474459957017","169.00263105837993","21.76349112917745","38.45335870186518","39.78315016895737","""Clay loam""","""D""","""woods | used and managed but not planted | good""","77","0.5706241757603081","0.306","0.14941076929037905","0.15658923070962094","1","0","48.77414832075861","51.22585167924139","""woodland""","17.438707416037932"
"41","35","[53.18194621022349 153.1819462102235 0]","""""","9.9","60.8225024723361","32","true","14","""done""","0.01643567656304723","139.09586324225293","22.765639049967803","40.88470933792349","36.349651612108715","""Clay loam""","""D""","""woods | used and managed but not planted | good""","77","0.5551734322544892","0.306","0.1638314632291434","0.14216853677085659","1","0","49.01882962762967","50.98117037237033","""woodland""","17.450941481381484"
"42","35","[59.830297164679564 159.83029716467956 0]","""""","9.9","63.42555320761565","32","false","0","""done""","0","192.8337329616389","24.9466169752222","41.000164583339625","34.05321844143817","""Clay loam""","""D""","""woods-grass combination or tree farm | lightly or only occasionally grazed | good""","79","0.5448394829864718","0.306","0.1734764825459597","0.13252351745404028","0.9110295731522394","7.2375519172233","43.49470664368795","49.26774143908875","""wood-grass""","17.53661292804556"
"43","35","[62.29802789054193 162.29802789054193 0]","""""","9.9","64.39175194237446","64","true","4","""done""","0.004723733827578291","181.14859475640355","20.440676828711446","42.701529628518","36.85779354277055","""Clay loam""","""D""","""woods-grass combination or tree farm | lightly or only occasionally grazed | good""","79","0.5574600709424675","0.306","0.1616972671203637","0.1443027328796363","0.9697962805929229","1.672896220173925","48.569810717776754","49.75729306204932","""wood-grass""","17.512135346897534"
"44","35","[65.9271236621679 165.9271236621679 0]","""""","9.9","65.81266375666416","32","true","3","""done""","0.003544896404737763","168.24044801265546","21.19189681774107","44.64705596192352","34.161047220335405","""Clay loam""","""D""","""woods-grass combination or tree farm | lightly or only occasionally grazed | good""","79","0.5453247124915093","0.306","0.1730236016745913","0.1329763983254087","1","3.0709855053506487","47.29411736840723","49.63489712624213","""wood-grass""","17.518255143687888"
"45","35","[71.09850658613428 171.09850658613428 0]","""""","9.9","67.83743233685175","32","true","2","""done""","0.002364662728699396","180.85210144180203","20.843194752947568","38.052175057766576","41.10463018928586","""Clay""","""D""","""woods-grass combination or tree farm | lightly or only occasionally grazed | good""","79","0.5765708358517864","0.357","0.1948605532049994","0.16213944679500059","0.524216185490885","4.46554699695929","46.02194743691256","49.51250556612814","""wood-grass""","17.524374721693594"
"46","35","[76.60456120562748 176.60456120562748 0]","""""","9.9","69.99323602771356","64","false","0","""done""","0","149.01757759319887","19.542762547754233","41.7792542712823","38.677983180963466","""Silty clay loam""","""D""","""woods-grass combination or tree farm | lightly or only occasionally grazed | good""","79","0.5656509243143356","0.2365","0.08455247063995344","0.15194752936004655","0.8036920580058955","7.2375519172233","43.49470664368795","49.26774143908875","""wood-grass""","17.53661292804556"
"47","35","[78.27940467445825 178.27940467445825 0]","""""","9.9","70.64899300457654","64","true","2","""done""","0.002364662728699396","147.019991358562","25.519926623350585","42.71207301443749","31.76800036221193","""Clay loam""","""D""","""woods-grass combination or tree farm | lightly or only occasionally grazed | good""","79","0.5345560016299536","0.306","0.18307439847870988","0.1229256015212901","1","4.46554699695929","46.02194743691256","49.51250556612814","""wood-grass""","17.524374721693594"
"48","35","[83.85760395763481 183.8576039576348 0]","""""","9.9","72.83304373310739","32","false","0","""done""","0","157.0524342124893","23.031975720363157","39.01297125211507","37.95505302752177","""Clay loam""","""D""","""woods-grass combination or tree farm | lightly or only occasionally grazed | good""","79","0.5623977386238479","0.306","0.15708877728440857","0.14891122271559143","1","7.2375519172233","43.49470664368795","49.26774143908875","""wood-grass""","17.53661292804556"
"49","35","[87.50953966850636 187.50953966850636 0]","""""","9.9","74.262898143998","2","false","0","""done""","0","147.62625145873983","19.111096673996915","44.70953949037071","36.17936383563238","""Silty clay loam""","""D""","""woods-grass combination or tree farm | lightly or only occasionally grazed | good""","79","0.5544071372603457","0.2365","0.09504667189034402","0.14145332810965597","0.8112665764490011","7.2375519172233","43.49470664368795","49.26774143908875","""wood-grass""","17.53661292804556"
"0","34","[126.61913472055664 226.61913472055664 0]","""""","9.9","89.57560664180832","32","false","0","""done""","0","156.59564832484776","22.266984249599542","38.37879687750508","39.35421887289539","""Clay loam""","""D""","""woods-grass combination or tree farm | lightly or only occasionally grazed | good""","79","0.5686939849280293","0.306","0.15121228073383938","0.1547877192661606","1","7.2375519172233","43.49470664368795","49.26774143908875","""wood-grass""","17.53661292804556"
"1","34","[122.73815829160702 222.73815829160702 0]","""""","9.9","88.05607516457655","4","false","0","""done""","0","137.29638954643426","23.044854878182015","39.199188968262625","37.75595615355537","""Clay loam""","""D""","""woods-grass combination or tree farm | lightly or only occasionally grazed | good""","79","0.5615018026909991","0.306","0.15792498415506748","0.14807501584493252","1","7.2375519172233","43.49470664368795","49.26774143908875","""wood-grass""","17.53661292804556"
"2","34","[118.55129352097086 218.55129352097086 0]","""""","9.9","86.41677821795317","2","false","0","""done""","0","172.6101551711518","26.178472163809065","39.6387100827738","34.182817753417154","""Clay loam""","""D""","""woods-grass combination or tree farm | lightly or only occasionally grazed | good""","79","0.5454226798903772","0.306","0.17293216543564796","0.13306783456435203","1","7.2375519172233","43.49470664368795","49.26774143908875","""wood-grass""","17.53661292804556"
"3","34","[114.55122408606707 214.55122408606707 0]","""""","9.9","84.85061786405117","2","true","1","""done""","0.0011830311456955123","148.58605482277352","23.184369760331432","39.90026344460976","36.91536679505881","""Clay loam""","""D""","""woods-grass combination or tree farm | lightly or only occasionally grazed | good""","79","0.5577191505777647","0.306","0.16145545946075301","0.14454454053924698","1","5.854940353061892","44.75493979863351","49.39011984830461","""wood-grass""","17.530494007584768"
"4","34","[109.85030639339271 209.8503063933927 0]","""""","9.9","83.01005208462237","2","true","8","""done""","0.009425153993882662","169.27550870896707","22.387434445017686","42.380308600563744","35.23225695441858","""Clay loam""","""D""","""woods | used and managed but not planted | good""","77","0.5501451562948836","0.306","0.16852452079144198","0.13747547920855802","1","0","49.753108775600275","50.246891224399725","""woodland""","17.487655438780013"
"5","34","[105.29527532004894 205.29527532004894 0]","""""","9.9","81.22660577351247","4","true","10","""done""","0.011767529412220479","163.11916406437078","20.64349110459107","40.76502532161621","38.59148357379273","""Clay loam""","""D""","""woods | used and managed but not planted | good""","77","0.5652616760820672","0.306","0.15441576899007056","0.15158423100992943","1","0","49.508321580567106","50.491678419432894","""woodland""","17.475416079028356"
"6","34","[102.32251464628695 202.32251464628695 0]","""""","9.9","80.06267100071597","2","false","0","""done""","0","178.9518012707223","25.966221496848576","41.38552115271446","32.64825735043698","""Clay loam""","""D""","""woods-grass combination or tree farm | lightly or only occasionally grazed | good""","79","0.5385171580769664","0.306","0.1793773191281647","0.12662268087183529","0.9817013977055551","7.2375519172233","43.49470664368795","49.26774143908875","""wood-grass""","17.53661292804556"
"7","34","[96.2728185828025 196.2728185828025 0]","""""","9.9","77.69401358564433","4","true","6","""done""","0.00707722651895526","184.48018597771332","22.363420385441096","36.99327132780607","40.64330828675284","""Clay""","""D""","""woods | used and managed but not planted | good""","77","0.5744948872903878","0.357","0.19679810519563806","0.16020189480436192","0.513906673789267","0","49.997907806624276","50.002092193375724","""woodland""","17.499895390331215"
"8","34","[93.05227925825986 193.05227925825986 0]","""""","9.9","76.43306522203116","2","false","0","""done""","0","159.23991127394018","20.750608051499672","40.62869969192089","38.62069225657944","""Clay loam""","""D""","""woods-grass combination or tree farm | lightly or only occasionally grazed | good""","79","0.5653931151546074","0.306","0.15429309252236637","0.15170690747763363","1","7.2375519172233","43.49470664368795","49.26774143908875","""wood-grass""","17.53661292804556"
"9","34","[88.81268760015644 188.81268760015644 0]","""""","9.9","74.7731239435831","2","true","1","""done""","0.0011830311456955123","159.18580252784295","25.93704691942964","37.581088006898185","36.481865073672175","""Clay loam""","""D""","""woods-grass combination or tree farm | lightly or only occasionally grazed | good""","79","0.5557683928315248","0.306","0.16327616669057687","0.14272383330942312","1","5.854940353061892","44.75493979863351","49.39011984830461","""wood-grass""","17.530494007584768"
"10","34","[84.87195788116114 184.87195788116114 0]","""""","9.9","73.23019706399452","4","true","2","""done""","0.002364662728699396","130.78120442566524","24.350336245142394","39.02932961432244","36.62033414053518","""Clay loam""","""D""","""woods-grass combination or tree farm | lightly or only occasionally grazed | good""","79","0.5563915036324083","0.306","0.16269459660975227","0.14330540339024772","1","4.46554699695929","46.02194743691256","49.51250556612814","""wood-grass""","17.524374721693594"
"11","34","[80.8363556990862 180.8363556990862 0]","""""","9.9","71.65012445662036","4","false","0","""done""","0","138.83466113994592","26.014734539893087","40.501559861653575","33.48370559845334","""Clay loam""","""D""","""woods-grass combination or tree farm | lightly or only occasionally grazed | good""","79","0.54227667519304","0.306","0.17586843648649597","0.13013156351350402","1","7.2375519172233","43.49470664368795","49.26774143908875","""wood-grass""","17.53661292804556"
"12","34","[77.09657017469641 177.0965701746964 0]","""""","9.9","70.18587391904519","2","true","29","""done""","0.033745684547090926","169.9955728548197","23.94247157778034","40.737979005065554","35.319549417154114","""Clay loam""","""D""","""woods | used and managed but not planted | good""","77","0.5505379723771935","0.306","0.16815789244795273","0.13784210755204726","1","0","47.185673627475296","52.814326372524704","""woodland""","17.359283681373768"
"13","34","[71.16183659026191 171.1618365902619 0]","""""","9.9","67.86222814184745","2","true","31","""done""","0.036030550113287374","133.87761214798078","24.07188177971177","39.45282183569469","36.475296384593534","""Clay loam""","""D""","""woods | used and managed but not planted | good""","77","0.5557388337306709","0.306","0.16330375518470716","0.14269624481529283","1","0","46.94171734069237","53.05828265930763","""woodland""","17.347085867034618"
"14","34","[67.15271577350029 167.1527157735003 0]","""""","9.9","66.29252387060991","4","true","75","""done""","0.08495301102853992","159.96595377381422","22.039770979832017","40.329061187550025","37.63116783261795","""Clay loam""","""D""","""woods | used and managed but not planted | good""","77","0.5609402552467808","0.306","0.15844909510300464","0.14755090489699535","1","0","41.63174661342555","58.36825338657445","""woodland""","17.081587330671276"
"15","34","[62.99884482662793 162.99884482662793 0]","""""","9.9","64.666145104419","2","true","1","""done""","0.0011830311456955123","183.11830309173394","26.713615885487147","41.32640267977451","31.95998143473834","""Clay loam""","""D""","""woods-grass combination or tree farm | lightly or only occasionally grazed | good""","79","0.5354199164563225","0.306","0.182268077974099","0.12373192202590101","0.9593646864529349","5.854940353061892","44.75493979863351","49.39011984830461","""wood-grass""","17.530494007584768"
"16","34","[58.91595781449985 158.91595781449985 0]","""""","9.9","63.06755891187453","4","true","16","""done""","0.018761474459957017","174.97670191401355","26.583585846587575","38.655092078214636","34.76132207519779","""Clay loam""","""D""","""woods | used and managed but not planted | good""","77","0.5480259493383901","0.306","0.1705024472841693","0.1354975527158307","1","0","48.77414832075861","51.22585167924139","""woodland""","17.438707416037932"
"17","34","[56.13960365654202 156.13960365654202 0]","""""","9.9","61.980523828772505","4","false","0","""done""","0","169.09288433784093","22.128371603459705","41.81257314346726","36.05905525307303","""Clay loam""","""D""","""woods-grass combination or tree farm | lightly or only occasionally grazed | good""","79","0.5538657486388286","0.306","0.16505196793709329","0.1409480320629067","1","7.2375519172233","43.49470664368795","49.26774143908875","""wood-grass""","17.53661292804556"
"18","34","[50.28011029716674 150.28011029716674 0]","""""","9.9","59.686337104579735","4","true","8","""done""","0.009425153993882662","153.3753477986091","24.45429717755878","37.696671876807244","37.84903094563398","""Clay loam""","""D""","""woods | used and managed but not planted | good""","77","0.5619206392553528","0.306","0.1575340700283373","0.1484659299716627","1","0","49.753108775600275","50.246891224399725","""woodland""","17.487655438780013"
"19","34","[46.70027111777543 146.70027111777543 0]","""""","9.9","58.284710885998216","2","false","0","""done""","0","202.72628864773463","23.17605731933279","42.70699563776151","34.116947042905686","""Clay loam""","""D""","""woods-grass combination or tree farm | lightly or only occasionally grazed | good""","79","0.5451262616930755","0.306","0.17320882241979613","0.13279117758020387","0.8665735194050668","7.2375519172233","43.49470664368795","49.26774143908875","""wood-grass""","17.53661292804556"
"20","34","[41.9316253685119 141.9316253685119 0]","""""","9.9","56.41762731761525","2","true","1","""done""","0.0011830311456955123","154.15232780677775","23.681527762136675","41.68360218095956","34.634870056903765","""Clay loam""","""D""","""woods-grass combination or tree farm | lightly or only occasionally grazed | good""","79","0.5474569152560669","0.306","0.1710335457610042","0.13496645423899578","1","5.854940353061892","44.75493979863351","49.39011984830461","""wood-grass""","17.530494007584768"
"21","34","[37.372948919824125 137.37294891982413 0]","""""","9.9","54.63275372069649","4","true","11","""done""","0.012936639204113476","151.32986341776558","16.659238946933712","45.22359743014956","38.11716362291673","""Silty clay loam""","""D""","""woods | used and managed but not planted | good""","77","0.5631272363031252","0.2365","0.08690791278374976","0.14959208721625022","0.7914118265230082","0","49.385936088390636","50.614063911609364","""woodland""","17.469296804419532"
"22","34","[34.97379833735525 134.97379833735525 0]","""""","9.9","53.693406395243386","4","true","1","""done""","0.0011830311456955123","148.5213666876216","24.14095533234367","39.35798616582853","36.50105850182781","""Clay loam""","""D""","""woods-grass combination or tree farm | lightly or only occasionally grazed | good""","79","0.5558547632582251","0.306","0.16319555429232319","0.1428044457076768","1","5.854940353061892","44.75493979863351","49.39011984830461","""wood-grass""","17.530494007584768"
"23","34","[31.780487264471617 131.78048726447162 0]","""""","9.9","52.44311879863648","4","true","1","""done""","0.0011830311456955123","169.54355316960837","25.342532995309572","43.20521569848255","31.452251306207874","""Clay loam""","""D""","""woods-grass combination or tree farm | lightly or only occasionally grazed | good""","79","0.5331351308779354","0.306","0.18440054451392696","0.12159945548607305","1","5.854940353061892","44.75493979863351","49.39011984830461","""wood-grass""","17.530494007584768"
"24","34","[27.65736706867321 127.65736706867321 0]","""""","9.9","50.828779975243684","2","false","0","""done""","0","175.6867596597351","23.60598039011052","39.88097081335614","36.51304879653333","""Clay loam""","""D""","""woods-grass combination or tree farm | lightly or only occasionally grazed | good""","79","0.5559087195844","0.306","0.16314519505456002","0.14285480494543998","0.9999457771868597","7.2375519172233","43.49470664368795","49.26774143908875","""wood-grass""","17.53661292804556"
"25","34","[23.01169019611288 123.01169019611288 0]","""""","9.9","49.009842815964504","2","true","1","""done""","0.0011830311456955123","163.9585287590534","27.134793902408568","37.77722583339983","35.0879802641916","""Clay loam""","""D""","""woods-grass combination or tree farm | lightly or only occasionally grazed | good""","79","0.5494959111888622","0.306","0.16913048289039528","0.1368695171096047","1","5.854940353061892","44.75493979863351","49.39011984830461","""wood-grass""","17.530494007584768"
"26","34","[17.27700540324041 117.27700540324041 0]","""""","9.9","46.76452280067894","4","true","10","""done""","0.011767529412220479","151.32405859897648","21.81902773461017","40.035742760311436","38.1452295050784","""Clay loam""","""D""","""woods | used and managed but not planted | good""","77","0.5632535327728527","0.306","0.15629003607867076","0.14970996392132924","1","0","49.508321580567106","50.491678419432894","""woodland""","17.475416079028356"
"27","34","[12.74043827119975 112.74043827119975 0]","""""","9.9","44.98830573728993","2","true","1","""done""","0.0011830311456955123","143.27931648059814","17.660777479786343","43.91188395544974","38.42733856476392","""Silty clay loam""","""D""","""woods-grass combination or tree farm | lightly or only occasionally grazed | good""","79","0.5645230235414376","0.2365","0.08560517802799153","0.15089482197200846","0.835879501359492","5.854940353061892","44.75493979863351","49.39011984830461","""wood-grass""","17.530494007584768"
"28","34","[8.832535902572062 108.83253590257206 0]","""""","9.9","43.45823185825699","2","true","2","""done""","0.002364662728699396","170.81936416153877","24.77614230747048","40.21223386066977","35.01162383185976","""Clay loam""","""D""","""woods-grass combination or tree farm | lightly or only occasionally grazed | good""","79","0.5491523072433689","0.306","0.16945117990618902","0.13654882009381097","1","4.46554699695929","46.02194743691256","49.51250556612814","""wood-grass""","17.524374721693594"
"29","34","[8.297127561259643 108.29712756125964 0]","""""","9.9","43.248601667842024","8","true","431","""done""","0.39961746443091795","209.9583263136409","23.32550263571273","40.330814857752124","36.34368250653515","""Clay loam""","""D""","""woods | used and managed but not planted | good""","77","0.5551465712794081","0.306","0.16385653347255238","0.1421434665274476","0.8367242991209782","0","11.096788667886159","88.90321133211384","""woodland""","15.554839433394307"
"30","34","[8.396193255058222 108.39619325505822 0]","""""","9.9","43.28738918505493","16","true","1","""done""","0.0011830311456955123","186.66756036765582","22.2182919312549","39.99246430168091","37.7892437670642","""Clay loam""","""D""","""woods-grass combination or tree farm | lightly or only occasionally grazed | good""","79","0.5616515969517889","0.306","0.15778517617833038","0.14821482382166962","0.9411235304269542","5.854940353061892","44.75493979863351","49.39011984830461","""wood-grass""","17.530494007584768"
"31","34","[13.03771737778193 113.03771737778193 0]","""""","9.9","45.1047004045199","32","false","0","""done""","0","145.72880648286986","28.013631149871756","37.02430804804394","34.9620608020843","""Clay loam""","""D""","""woods-grass combination or tree farm | lightly or only occasionally grazed | good""","79","0.5489292736093794","0.306","0.16965934463124593","0.13634065536875406","1","7.2375519172233","43.49470664368795","49.26774143908875","""wood-grass""","17.53661292804556"
"32","34","[17.367085392978098 117.3670853929781 0]","""""","9.9","46.79979211560033","64","true","5","""done""","0.005901176649031781","135.16878008432718","23.06234186103512","42.848012076145515","34.089646062819384","""Clay loam""","""D""","""woods-grass combination or tree farm | lightly or only occasionally grazed | good""","79","0.5450034072826873","0.306","0.1733234865361586","0.1326765134638414","1","0.2729377906510422","49.84737030260629","49.87969190674267","""wood-grass""","17.506015404662865"
"33","34","[21.542833998310243 121.54283399831024 0]","""""","9.9","48.4347367134283","64","true","40","""done""","0.046245768005522936","157.58964667212123","24.944146407658938","40.92578279243333","34.13007079990772","""Clay loam""","""D""","""woods | used and managed but not planted | good""","77","0.5451853185995847","0.306","0.1731537026403876","0.1328462973596124","1","0","45.84588808748224","54.15411191251776","""woodland""","17.29229440437411"
"34","34","[24.748940654517853 124.74894065451785 0]","""""","9.9","49.69003420689654","64","false","0","""done""","0","155.58376373097457","22.268491574185276","43.868154907250236","33.863353518564494","""Clay loam""","""D""","""woods-grass combination or tree farm | lightly or only occasionally grazed | good""","79","0.5439850908335402","0.306","0.17427391522202915","0.13172608477797085","1","7.2375519172233","43.49470664368795","49.26774143908875","""wood-grass""","17.53661292804556"
"35","34","[29.360765852492335 129.36076585249234 0]","""""","9.9","51.49571730858689","64","true","21","""done""","0.02455193633400432","148.36964158016954","21.367168873277127","40.77480273430956","37.85802839241331","""Clay loam""","""D""","""woods | used and managed but not planted | good""","77","0.5619611277658598","0.306","0.15749628075186412","0.14850371924813588","1","0","48.162727607139544","51.837272392860456","""woodland""","17.40813638035698"
"36","34","[32.58588594575315 132.58588594575315 0]","""""","9.9","52.758459195655966","64","true","4","""done""","0.004723733827578291","159.55800833895557","20.50349931853397","42.37889566988514","37.1176050115809","""Clay loam""","""D""","""woods-grass combination or tree farm | lightly or only occasionally grazed | good""","79","0.558629222552114","0.306","0.16060605895136024","0.14539394104863976","1","1.672896220173925","48.569810717776754","49.75729306204932","""wood-grass""","17.512135346897534"
"37","34","[36.953719870456666 136.95371987045667 0]","""""","9.9","54.46861159091391","64","true","44","""done""","0.0507510491343911","138.78291892814016","24.770317641332728","39.014507762240086","36.21517459642719","""Clay loam""","""D""","""woods | used and managed but not planted | good""","77","0.5545682856839224","0.306","0.16439626669500582","0.14160373330499418","1","0","45.3600763247618","54.6399236752382","""woodland""","17.26800381623809"
"38","34","[42.11126775274869 142.1112677527487 0]","""""","9.9","56.48796329169038","32","true","43","""done""","0.04962672795352363","162.64698868029805","20.572303564808937","40.94509357262973","38.482602862561336","""Clay loam""","""D""","""woods | used and managed but not planted | good""","77","0.564771712881526","0.306","0.1548730679772424","0.1511269320227576","1","0","45.48145011479693","54.51854988520307","""woodland""","17.274072505739845"
"39","34","[46.183954910907374 146.18395491090737 0]","""""","9.9","58.082555901832734","32","true","1","""done""","0.0011830311456955123","153.14083200871804","19.28502579535052","46.6470775490371","34.06789665561237","""Silty clay loam""","""D""","""woods-grass combination or tree farm | lightly or only occasionally grazed | good""","79","0.5449055349502556","0.2365","0.10391483404642804","0.13258516595357195","0.7820529772759316","5.854940353061892","44.75493979863351","49.39011984830461","""wood-grass""","17.530494007584768"
"40","34","[50.707330479365254 150.70733047936525 0]","""""","9.9","59.85360802890613","32","false","0","""done""","0","165.56571895700029","23.246627061392264","40.44635260696292","36.307020331644814","""Clay loam""","""D""","""woods-grass combination or tree farm | lightly or only occasionally grazed | good""","79","0.5549815914924017","0.306","0.1640105146070918","0.1419894853929082","1","7.2375519172233","43.49470664368795","49.26774143908875","""wood-grass""","17.53661292804556"
"41","34","[54.99115460328167 154.99115460328167 0]","""""","9.9","61.530867790305294","64","false","0","""done""","0","121.29622303309682","19.97237342489742","43.30762056253963","36.72000601256295","""Silty clay loam""","""D""","""woods-grass combination or tree farm | lightly or only occasionally grazed | good""","79","0.5568400270565332","0.2365","0.09277597474723562","0.14372402525276437","0.9873699330460802","7.2375519172233","43.49470664368795","49.26774143908875","""wood-grass""","17.53661292804556"
"42","34","[58.652283158662755 158.65228315866275 0]","""""","9.9","62.964321505869165","64","true","12","""done""","0.014104365902709914","196.14609092371364","26.579504147025787","39.07904251168593","34.34145334128828","""Clay loam""","""D""","""woods | used and managed but not planted | good""","77","0.5461365400357973","0.306","0.17226589596658923","0.13373410403341077","0.8956448359591336","0","49.26355795494361","50.73644204505639","""woodland""","17.46317789774718"
"43","34","[63.73507965009986 163.73507965009986 0]","""""","9.9","64.95440554850589","32","true","10","""done""","0.011767529412220479","106.89506359393336","24.57524497634424","35.83037997851094","39.594375045144815","""Clay loam""","""D""","""woods | used and managed but not planted | good""","77","0.5697746877031516","0.306","0.1502036248103918","0.1557963751896082","1","0","49.508321580567106","50.491678419432894","""woodland""","17.475416079028356"
"44","34","[67.43385453670504 167.43385453670504 0]","""""","9.9","66.40259905606402","32","true","1","""done""","0.0011830311456955123","150.83998387878682","22.02038578660794","40.70211399374153","37.277500219650534","""Clay loam""","""D""","""woods-grass combination or tree farm | lightly or only occasionally grazed | good""","79","0.5593487509884274","0.306","0.15993449907746776","0.14606550092253223","1","5.854940353061892","44.75493979863351","49.39011984830461","""wood-grass""","17.530494007584768"
"45","34","[74.00375982457251 174.0037598245725 0]","""""","9.9","68.97493570126441","32","false","0","""done""","0","156.2679134129127","24.085626225675274","38.652493576345925","37.2618801979788","""Clay loam""","""D""","""woods-grass combination or tree farm | lightly or only occasionally grazed | good""","79","0.5592784608909046","0.306","0.16000010316848906","0.14599989683151093","1","7.2375519172233","43.49470664368795","49.26774143908875","""wood-grass""","17.53661292804556"
"46","34","[77.06247446095529 177.0624744609553 0]","""""","9.9","70.17252431200254","64","true","1","""done""","0.0011830311456955123","151.93702700798661","23.03202202722132","41.700054250354796","35.26792372242388","""Clay loam""","""D""","""woods-grass combination or tree farm | lightly or only occasionally grazed | good""","79","0.5503056567509075","0.306","0.1683747203658197","0.13762527963418028","1","5.854940353061892","44.75493979863351","49.39011984830461","""wood-grass""","17.530494007584768"
"47","34","[82.34485229959841 182.34485229959841 0]","""""","9.9","72.24075109652392","32","false","0","""done""","0","196.07811874474038","23.08353718252939","43.09169016703746","33.824772650433154","""Clay loam""","""D""","""woods-grass combination or tree farm | lightly or only occasionally grazed | good""","79","0.5438114769269492","0.306","0.17443595486818075","0.13156404513181924","0.8959553190027085","7.2375519172233","43.49470664368795","49.26774143908875","""wood-grass""","17.53661292804556"
"48","34","[84.47945440547622 184.47945440547622 0]","""""","9.9","73.07651888605528","64","false","0","""done""","0","148.5350209923986","25.230052475960786","37.583137956125555","37.186809567913656","""Clay loam""","""D""","""woods-grass combination or tree farm | lightly or only occasionally grazed | good""","79","0.5589406430556114","0.306","0.16031539981476267","0.14568460018523732","1","7.2375519172233","43.49470664368795","49.26774143908875","""wood-grass""","17.53661292804556"
"49","34","[89.39306293441086 189.39306293441086 0]","""""","9.9","75.00036020877403","2","false","0","""done""","0","172.41159551939506","22.800045714787586","42.25797934642746","34.94197493878496","""Clay loam""","""D""","""woods-grass combination or tree farm | lightly or only occasionally grazed | good""","79","0.5488388872245323","0.306","0.1697437052571032","0.1362562947428968","1","7.2375519172233","43.49470664368795","49.26774143908875","""wood-grass""","17.53661292804556"
"0","33","[125.44588263804053 225.44588263804053 0]","""""","9.9","89.1162393916461","32","false","0","""done""","0","166.38584713984608","24.719387863413015","36.9539035624004","38.32670857418659","""Clay loam""","""D""","""woods-grass combination or tree farm | lightly or only occasionally grazed | good""","79","0.5640701885838396","0.306","0.15552782398841633","0.15047217601158366","1","7.2375519172233","43.49470664368795","49.26774143908875","""wood-grass""","17.53661292804556"
"1","33","[120.15857810871717 220.15857810871717 0]","""""","9.9","87.04608364370424","4","false","0","""done""","0","155.0087230553272","24.92997766717079","37.593649471377674","37.47637286145155","""Clay loam""","""D""","""woods-grass combination or tree farm | lightly or only occasionally grazed | good""","79","0.560243677876532","0.306","0.1590992339819035","0.14690076601809648","1","7.2375519172233","43.49470664368795","49.26774143908875","""wood-grass""","17.53661292804556"
"2","33","[116.73558535796536 216.73558535796536 0]","""""","9.9","85.70586802365955","4","true","1","""done""","0.0011830311456955123","164.74926598466058","24.781040647288524","37.44945457517708","37.7695047775344","""Clay loam""","""D""","""woods-grass combination or tree farm | lightly or only occasionally grazed | good""","79","0.5615627714989048","0.306","0.15786807993435553","0.14813192006564446","1","5.854940353061892","44.75493979863351","49.39011984830461","""wood-grass""","17.530494007584768"
"3","33","[113.37506356740957 213.37506356740957 0]","""""","9.9","84.39011186431208","2","false","0","""done""","0","122.94897088337191","20.033899060744602","38.4709757195324","41.49512521972299","""Clay""","""D""","""woods-grass combination or tree farm | lightly or only occasionally grazed | good""","79","0.5783280634887534","0.357","0.19322047407716345","0.16377952592283654","0.7710971313925321","7.2375519172233","43.49470664368795","49.26774143908875","""wood-grass""","17.53661292804556"
"4","33","[108.59537974982118 208.59537974982118 0]","""""","9.9","82.51870652470105","4","true","1","""done""","0.0011830311456955123","180.3078553348027","21.376095947873488","38.879747356151725","39.74415669597477","""Clay loam""","""D""","""woods-grass combination or tree farm | lightly or only occasionally grazed | good""","79","0.5704487051318865","0.306","0.14957454187690597","0.15642545812309402","0.9743182464412904","5.854940353061892","44.75493979863351","49.39011984830461","""wood-grass""","17.530494007584768"
"5","33","[104.34402232990362 204.34402232990362 0]","""""","9.9","80.85415855879754","4","false","0","""done""","0","164.66804356616424","23.51228701623718","39.61647291163569","36.87124007212713","""Clay loam""","""D""","""woods-grass combination or tree farm | lightly or only occasionally grazed | good""","79","0.5575205803245721","0.306","0.16164079169706608","0.14435920830293392","1","7.2375519172233","43.49470664368795","49.26774143908875","""wood-grass""","17.53661292804556"
"6","33","[99.79539137057378 199.79539137057378 0]","""""","9.9","79.07321810539639","4","true","11","""done""","0.012936639204113476","131.0952330510915","23.357051219187824","35.58511433544122","41.05783444537095","""Clay""","""D""","""woods | used and managed but not planted | good""","77","0.5763602550041693","0.357","0.19505709532944202","0.16194290467055797","0.723181129849959","0","49.385936088390636","50.614063911609364","""woodland""","17.469296804419532"
"7","33","[95.56901894798642 195.56901894798642 0]","""""","9.9","77.41845259774709","2","false","0","""done""","0","174.80799983134523","25.06667080151973","37.995005969754516","36.93832322872575","""Clay loam""","""D""","""woods-grass combination or tree farm | lightly or only occasionally grazed | good""","79","0.5578224545292658","0.306","0.16135904243935187","0.14464095756064813","1","7.2375519172233","43.49470664368795","49.26774143908875","""wood-grass""","17.53661292804556"
"8","33","[90.92432181775615 190.92432181775615 0]","""""","9.9","75.59989904020767","4","true","8","""done""","0.009425153993882662","185.55171249934335","23.510380581012786","42.92862319418582","33.56099622480139","""Clay loam""","""D""","""woods | used and managed but not planted | good""","77","0.5426244830116063","0.306","0.17554381585583417","0.13045618414416582","0.9467831423545419","0","49.753108775600275","50.246891224399725","""woodland""","17.487655438780013"
"9","33","[87.33825027687107 187.33825027687107 0]","""""","9.9","74.19583264461383","4","false","0","""done""","0","140.8700552694021","25.975888727901808","38.30144928232357","35.722661989774615","""Clay loam""","""D""","""woods-grass combination or tree farm | lightly or only occasionally grazed | good""","79","0.5523519789539857","0.306","0.16646481964294663","0.13953518035705337","1","7.2375519172233","43.49470664368795","49.26774143908875","""wood-grass""","17.53661292804556"
"10","33","[83.29678050631583 183.29678050631583 0]","""""","9.9","72.61346268100613","4","false","0","""done""","0","158.4814349745275","23.962972057380043","40.4936547649437","35.54337317767625","""Clay loam""","""D""","""woods-grass combination or tree farm | lightly or only occasionally grazed | good""","79","0.5515451792995432","0.306","0.16721783265375975","0.13878216734624024","1","7.2375519172233","43.49470664368795","49.26774143908875","""wood-grass""","17.53661292804556"
"11","33","[79.0524072794264 179.0524072794264 0]","""""","9.9","70.95164925919057","4","true","3","""done""","0.003544896404737763","176.89535249469554","25.174491883086475","38.70818024198208","36.11732787493145","""Clay loam""","""D""","""woods-grass combination or tree farm | lightly or only occasionally grazed | good""","79","0.5541279754371915","0.306","0.16480722292528793","0.14119277707471206","0.9931139001216144","3.0709855053506487","47.29411736840723","49.63489712624213","""wood-grass""","17.518255143687888"
"12","33","[75.01159790482666 175.01159790482666 0]","""""","9.9","69.36953786258532","4","true","1","""done""","0.0011830311456955123","189.84707676739097","25.385157900431665","40.155476276111855","34.45936582345647","""Clay loam""","""D""","""woods-grass combination or tree farm | lightly or only occasionally grazed | good""","79","0.5466671462055541","0.306","0.17177066354148282","0.13422933645851717","0.9253618039357137","5.854940353061892","44.75493979863351","49.39011984830461","""wood-grass""","17.530494007584768"
"13","33","[71.74877161414699 171.748771614147 0]","""""","9.9","68.09203274391368","2","false","0","""done""","0","153.4970742884755","24.29582640072795","37.68876689107929","38.01540670819276","""Clay loam""","""D""","""woods-grass combination or tree farm | lightly or only occasionally grazed | good""","79","0.5626693301868674","0.306","0.15683529182559044","0.14916470817440955","1","7.2375519172233","43.49470664368795","49.26774143908875","""wood-grass""","17.53661292804556"
"14","33","[66.4025119265662 166.4025119265662 0]","""""","9.9","65.99879408878147","4","true","1","""done""","0.0011830311456955123","167.2840733280787","23.08417491471875","41.324886967527824","35.59093811775343","""Clay loam""","""D""","""woods-grass combination or tree farm | lightly or only occasionally grazed | good""","79","0.5517592215298904","0.306","0.1670180599054356","0.13898194009456438","1","5.854940353061892","44.75493979863351","49.39011984830461","""wood-grass""","17.530494007584768"
"15","33","[61.21972719876055 161.21972719876055 0]","""""","9.9","63.96956132280245","4","true","76","""done""","0.08603554011626813","155.04425898791936","26.74605198377615","39.752220299383765","33.50172771684009","""Clay loam""","""D""","""woods | used and managed but not planted | good""","77","0.5423577747257804","0.306","0.17579274358927166","0.13020725641072833","1","0","41.512823625274905","58.487176374725095","""woodland""","17.075641181263748"
"16","33","[57.909038544128805 157.9090385441288 0]","""""","9.9","62.673316495211836","2","false","0","""done""","0","159.9883595246537","26.24722633775238","41.0025965391082","32.75017712313942","""Clay loam""","""D""","""woods-grass combination or tree farm | lightly or only occasionally grazed | good""","79","0.5389757970541273","0.306","0.17894925608281442","0.12705074391718557","1","7.2375519172233","43.49470664368795","49.26774143908875","""wood-grass""","17.53661292804556"
"17","33","[51.77728579098104 151.77728579098104 0]","""""","9.9","60.27253115430927","2","true","18","""done""","0.02108177262926547","130.67048308360347","20.575285146999885","40.68996204460579","38.73475280839432","""Clay loam""","""D""","""woods | used and managed but not planted | good""","77","0.5659063876377745","0.306","0.15381403820474387","0.15218596179525612","1","0","48.52952574745245","51.47047425254755","""woodland""","17.426476287372623"
"18","33","[47.65522073762679 147.6552207376268 0]","""""","9.9","58.658605454311115","4","true","20","""done""","0.023396584075973448","147.22876829495527","19.529446648134236","42.424405188621556","38.04614816324421","""Silty clay loam""","""D""","""woods | used and managed but not planted | good""","77","0.5628076667345989","0.2365","0.0872061777143743","0.14929382228562568","0.8134568060434891","0","48.284973609580675","51.715026390419325","""woodland""","17.414248680479034"
"19","33","[44.14779229740452 144.14779229740452 0]","""""","9.9","57.285330450809454","4","true","9","""done""","0.010597034888850443","140.91965258833883","24.168282712587693","41.532424812690856","34.299292474721454","""Clay loam""","""D""","""woods | used and managed but not planted | good""","77","0.5459468161362465","0.306","0.1724429716061699","0.1335570283938301","1","0","49.63071296516659","50.36928703483341","""woodland""","17.48153564825833"
"20","33","[40.077171670636005 140.077171670636 0]","""""","9.9","55.69154695650521","2","false","0","""done""","0","151.04056107362038","20.439084716465736","40.75635702945129","38.804558254082984","""Clay loam""","""D""","""woods-grass combination or tree farm | lightly or only occasionally grazed | good""","79","0.5662205121433734","0.306","0.15352085533285148","0.15247914466714851","1","7.2375519172233","43.49470664368795","49.26774143908875","""wood-grass""","17.53661292804556"
"21","33","[36.00982025651632 136.00982025651632 0]","""""","9.9","54.09904346779149","4","true","1","""done""","0.0011830311456955123","132.89825631298555","27.630402279962475","39.536489603423966","32.83310811661356","""Clay loam""","""D""","""woods-grass combination or tree farm | lightly or only occasionally grazed | good""","79","0.539348986524761","0.306","0.17860094591022307","0.12739905408977692","1","5.854940353061892","44.75493979863351","49.39011984830461","""wood-grass""","17.530494007584768"
"22","33","[33.59652110910483 133.59652110910483 0]","""""","9.9","53.15415650812993","4","true","12","""done""","0.014104365902709914","174.05454826877477","25.016371472816946","41.35885669279883","33.62477183438423","""Clay loam""","""D""","""woods | used and managed but not planted | good""","77","0.542911473254729","0.306","0.17527595829558626","0.13072404170441373","1","0","49.26355795494361","50.73644204505639","""woodland""","17.46317789774718"
"23","33","[29.61590005697002 129.61590005697002 0]","""""","9.9","51.59561084355671","2","true","2","""done""","0.002364662728699396","140.72039918896436","26.795106777414162","36.72143019884029","36.48346302374555","""Clay loam""","""D""","""woods-grass combination or tree farm | lightly or only occasionally grazed | good""","79","0.555775583606855","0.306","0.1632694553002687","0.1427305446997313","1","4.46554699695929","46.02194743691256","49.51250556612814","""wood-grass""","17.524374721693594"
"24","33","[23.911917552143024 123.91191755214302 0]","""""","9.9","49.36231179618018","4","true","5","""done""","0.005901176649031781","153.33482869755682","21.415435903816427","40.85183281577081","37.732731280412764","""Clay loam""","""D""","""woods-grass combination or tree farm | lightly or only occasionally grazed | good""","79","0.5613972907618574","0.306","0.1580225286222664","0.1479774713777336","1","0.2729377906510422","49.84737030260629","49.87969190674267","""wood-grass""","17.506015404662865"
"25","33","[21.942486751989975 121.94248675198997 0]","""""","9.9","48.59121407171596","4","false","0","""done""","0","140.43293948754211","22.73833443292894","40.87481538480771","36.38685018226334","""Clay loam""","""D""","""woods-grass combination or tree farm | lightly or only occasionally grazed | good""","79","0.5553408258201851","0.306","0.16367522923449399","0.142324770765506","1","7.2375519172233","43.49470664368795","49.26774143908875","""wood-grass""","17.53661292804556"
"26","33","[15.016736277161073 115.01673627716107 0]","""""","9.9","45.87955218903772","2","false","0","""done""","0","168.30527107862812","23.421454884990332","41.00658074236431","35.571964372645354","""Clay loam""","""D""","""woods-grass combination or tree farm | lightly or only occasionally grazed | good""","79","0.5516738396769041","0.306","0.16709774963488952","0.13890225036511047","1","7.2375519172233","43.49470664368795","49.26774143908875","""wood-grass""","17.53661292804556"
"27","33","[9.685636962743487 109.68563696274349 0]","""""","9.9","43.79224932471738","8","true","12","""done""","0.014104365902709914","165.80763795975363","24.6340456374794","39.954880499733875","35.41107386278672","""Clay loam""","""D""","""woods | used and managed but not planted | good""","77","0.5509498323825402","0.306","0.16777348977629578","0.13822651022370422","1","0","49.26355795494361","50.73644204505639","""woodland""","17.46317789774718"
"28","33","[8.366532828930275 108.36653282893027 0]","""""","9.9","43.27577614077222","2","false","0","""done""","0","158.3225143383757","24.37395666536252","38.87912355259148","36.74691978204599","""Clay loam""","""D""","""woods-grass combination or tree farm | lightly or only occasionally grazed | good""","79","0.556961139019207","0.306","0.16216293691540684","0.14383706308459315","1","7.2375519172233","43.49470664368795","49.26774143908875","""wood-grass""","17.53661292804556"
"29","33","[8.140787132374939 108.14078713237494 0]","""""","9.9","43.187389185054926","8","true","455","""done""","0.4164340583759326","193.77466753334866","21.71140944664033","42.3601290055422","35.92846154781746","""Clay loam""","""D""","""woods | used and managed but not planted | good""","77","0.5532780769651786","0.306","0.16560046149916666","0.14039953850083334","0.9066057791024761","0","9.989453092678588","90.01054690732141","""woodland""","15.499472654633928"
"30","33","[9.537510269885743 109.53751026988574 0]","""""","9.9","43.73425279303618","32","true","19","""done""","0.022239863381334102","176.64210951231328","24.575668718576072","38.343207852352116","37.0811234290718","""Clay loam""","""D""","""woods | used and managed but not planted | good""","77","0.558465055430823","0.306","0.16075928159789846","0.14524071840210154","0.9945376779886611","0","48.407240143221166","51.592759856778834","""woodland""","17.42036200716106"
"31","33","[13.328479615018239 113.32847961501824 0]","""""","9.9","45.21854350044164","32","true","17","""done""","0.01992231019702717","177.899236643134","24.83725193605456","39.247181527534984","35.915566536410445","""Clay loam""","""D""","""woods | used and managed but not planted | good""","77","0.5532200494138471","0.306","0.16565462054707614","0.14034537945292386","0.987509765327456","0","48.65182896075311","51.34817103924689","""woodland""","17.432591448037655"
"32","33","[19.45745193025695 119.45745193025695 0]","""""","9.9","47.61824020733659","32","false","0","""done""","0","184.59524584380222","23.34194449837488","39.41209653203848","37.24595896958664","""Clay loam""","""D""","""woods-grass combination or tree farm | lightly or only occasionally grazed | good""","79","0.5592068153631399","0.306","0.16006697232773615","0.14593302767226385","0.9516888293972995","7.2375519172233","43.49470664368795","49.26774143908875","""wood-grass""","17.53661292804556"
"33","33","[23.4060049034249 123.4060049034249 0]","""""","9.9","49.1642301513852","64","true","4","""done""","0.004723733827578291","157.3215602028669","22.35861599391498","43.15724162536636","34.484142380718666","""Clay loam""","""D""","""woods-grass combination or tree farm | lightly or only occasionally grazed | good""","79","0.546778640713234","0.306","0.1716666020009816","0.1343333979990184","1","1.672896220173925","48.569810717776754","49.75729306204932","""wood-grass""","17.512135346897534"
"34","33","[25.732238329610837 125.73223832961084 0]","""""","9.9","50.075027982598755","64","true","39","""done""","0.045116110623868","149.10712129882117","22.818311611249094","38.59806925172572","38.583619137025195","""Clay loam""","""D""","""woods | used and managed but not planted | good""","77","0.5652262861166134","0.306","0.1544487996244942","0.1515512003755058","1","0","45.967468202186566","54.032531797813434","""woodland""","17.298373410109328"
"35","33","[32.25272920353561 132.2527292035356 0]","""""","9.9","52.628017239638076","32","false","0","""done""","0","154.44325843349105","23.072784002822154","39.201396976956566","37.72581902022128","""Clay loam""","""D""","""woods-grass combination or tree farm | lightly or only occasionally grazed | good""","79","0.5613661855909957","0.306","0.15805156011507063","0.14794843988492937","1","7.2375519172233","43.49470664368795","49.26774143908875","""wood-grass""","17.53661292804556"
"36","33","[34.440339937847455 134.44033993784745 0]","""""","9.9","53.48453967196232","64","true","20","""done""","0.023396584075973448","127.55130681547047","20.50883240953803","42.6222308020996","36.86893678836236","""Clay loam""","""D""","""woods | used and managed but not planted | good""","77","0.5575102155476306","0.306","0.1616504654888781","0.1443495345111219","1","0","48.284973609580675","51.715026390419325","""woodland""","17.414248680479034"
"37","33","[38.65000352073946 138.65000352073946 0]","""""","9.9","55.13276311260093","64","true","3","""done""","0.003544896404737763","171.95763040548","24.809417485722065","36.428942812430904","38.76163970184703","""Clay loam""","""D""","""woods-grass combination or tree farm | lightly or only occasionally grazed | good""","79","0.5660273786583117","0.306","0.15370111325224248","0.15229888674775752","1","3.0709855053506487","47.29411736840723","49.63489712624213","""wood-grass""","17.518255143687888"
"38","33","[44.49190619432832 144.49190619432832 0]","""""","9.9","57.420062497679965","32","true","1","""done""","0.0011830311456955123","139.15490685613972","22.998415142819304","41.57414089622581","35.42744396095489","""Clay loam""","""D""","""woods-grass combination or tree farm | lightly or only occasionally grazed | good""","79","0.5510234978242969","0.306","0.16770473536398947","0.13829526463601052","1","5.854940353061892","44.75493979863351","49.39011984830461","""wood-grass""","17.530494007584768"
"39","33","[47.61965429306042 147.61965429306042 0]","""""","9.9","58.644680007186864","64","true","40","""done""","0.046245768005522936","182.2377626766302","18.930194833143037","41.72106743051478","39.34873773634219","""Silty clay loam""","""D""","""woods | used and managed but not planted | good""","77","0.5686693198135399","0.2365","0.08173530150736283","0.15476469849263716","0.6571867534800983","0","45.84588808748224","54.15411191251776","""woodland""","17.29229440437411"
"40","33","[51.5604077240163 151.5604077240163 0]","""""","9.9","60.18761617079743","32","true","12","""done""","0.014104365902709914","160.5253441628083","24.119548099901447","39.273087801347906","36.60736409875065","""Clay loam""","""D""","""woods | used and managed but not planted | good""","77","0.5563331384443779","0.306","0.16274907078524728","0.14325092921475271","1","0","49.26355795494361","50.73644204505639","""woodland""","17.46317789774718"
"41","33","[55.4746233225772 155.4746233225772 0]","""""","9.9","61.720161889529","32","true","11","""done""","0.012936639204113476","188.83100561611596","21.79529926041067","42.988947490966844","35.21575324862249","""Clay loam""","""D""","""woods | used and managed but not planted | good""","77","0.5500708896188012","0.306","0.16859383635578556","0.13740616364421443","0.9303410361883997","0","49.385936088390636","50.614063911609364","""woodland""","17.469296804419532"
"42","33","[60.690202993341956 160.69020299334196 0]","""""","9.9","63.76223496748432","32","false","0","""done""","0","125.1337821711842","21.6519888616396","40.81882412246063","37.52918701589976","""Clay loam""","""D""","""woods-grass combination or tree farm | lightly or only occasionally grazed | good""","79","0.5604813415715489","0.306","0.15887741453322102","0.14712258546677898","1","7.2375519172233","43.49470664368795","49.26774143908875","""wood-grass""","17.53661292804556"
"43","33","[65.12306980147224 165.12306980147224 0]","""""","9.9","65.49784990167575","64","false","0","""done""","0","146.0065177888494","22.544089869153236","39.90489496907684","37.551015161769925","""Clay loam""","""D""","""woods-grass combination or tree farm | lightly or only occasionally grazed | good""","79","0.5605795682279646","0.306","0.15878573632056633","0.14721426367943366","1","7.2375519172233","43.49470664368795","49.26774143908875","""wood-grass""","17.53661292804556"
"44","33","[68.44581608018524 168.44581608018524 0]","""""","9.9","66.79881569051608","64","true","7","""done""","0.008251885085253763","186.88162207573123","21.178088171280113","41.96647276855139","36.85543906016849","""Clay loam""","""D""","""woods | used and managed but not planted | good""","77","0.5574494757707582","0.306","0.16170715594729235","0.14429284405270765","0.9400455297750147","0","49.87550754506712","50.12449245493288","""woodland""","17.493775377253357"
"45","33","[73.70339806006803 173.70339806006803 0]","""""","9.9","68.85733407083015","32","true","6","""done""","0.00707722651895526","144.02775888640682","22.256813630414563","39.140468013640316","38.60271835594513","""Clay loam""","""D""","""woods | used and managed but not planted | good""","77","0.565312232601753","0.306","0.15436858290503047","0.15163141709496952","1","0","49.997907806624276","50.002092193375724","""woodland""","17.499895390331215"
"46","33","[78.20871521629789 178.2087152162979 0]","""""","9.9","70.62131572831639","32","true","3","""done""","0.003544896404737763","195.52300514140944","25.717964163545556","38.3405549278524","35.94148090860203","""Clay loam""","""D""","""woods-grass combination or tree farm | lightly or only occasionally grazed | good""","79","0.5533366640887092","0.306","0.16554578018387148","0.14045421981612852","0.8984990451754697","3.0709855053506487","47.29411736840723","49.63489712624213","""wood-grass""","17.518255143687888"
"47","33","[83.18351466612705 183.18351466612705 0]","""""","9.9","72.5691153337308","32","true","2","""done""","0.002364662728699396","166.9974740222918","23.648324049978825","35.26365343414521","41.08802251587597","""Clay""","""D""","""woods-grass combination or tree farm | lightly or only occasionally grazed | good""","79","0.5764961013214418","0.357","0.19493030543332093","0.16206969456667905","0.5677067830569511","4.46554699695929","46.02194743691256","49.51250556612814","""wood-grass""","17.524374721693594"
"48","33","[87.47938462426322 187.47938462426322 0]","""""","9.9","74.25109144025639","32","false","0","""done""","0","160.09671201933722","23.96695981077151","38.414999234806345","37.618040954422156","""Clay loam""","""D""","""woods-grass combination or tree farm | lightly or only occasionally grazed | good""","79","0.5608811842948997","0.306","0.15850422799142697","0.14749577200857303","1","7.2375519172233","43.49470664368795","49.26774143908875","""wood-grass""","17.53661292804556"
"49","33","[91.50386190427042 191.50386190427042 0]","""""","9.9","75.82680827810128","2","false","0","""done""","0","158.08353068956288","23.315148249761624","42.175664324758934","34.50918742547943","""Clay loam""","""D""","""woods-grass combination or tree farm | lightly or only occasionally grazed | good""","79","0.5468913434146574","0.306","0.1715614128129864","0.1344385871870136","1","7.2375519172233","43.49470664368795","49.26774143908875","""wood-grass""","17.53661292804556"
"0","32","[122.84859815395919 222.8485981539592 0]","""""","9.9","88.09931604744651","32","false","0","""done""","0","143.98490619234394","23.01699061814627","38.54642729971004","38.43658208214368","""Clay loam""","""D""","""woods-grass combination or tree farm | lightly or only occasionally grazed | good""","79","0.5645646193696465","0.306","0.15506635525499657","0.15093364474500343","1","7.2375519172233","43.49470664368795","49.26774143908875","""wood-grass""","17.53661292804556"
"1","32","[118.39171994750026 218.39171994750026 0]","""""","9.9","86.35429985142298","2","false","0","""done""","0","151.63442862325817","16.82434049478378","43.7310072968313","39.44465220838492","""Silty clay loam""","""D""","""woods-grass combination or tree farm | lightly or only occasionally grazed | good""","79","0.5691009349377322","0.2365","0.08133246072478334","0.15516753927521665","0.7898222369570851","7.2375519172233","43.49470664368795","49.26774143908875","""wood-grass""","17.53661292804556"
"2","32","[114.27858575145993 214.27858575145993 0]","""""","9.9","84.74387087938894","2","true","2","""done""","0.002364662728699396","151.99213407684113","22.299130148419778","41.6718541182585","36.02901573332172","""Clay loam""","""D""","""woods-grass combination or tree farm | lightly or only occasionally grazed | good""","79","0.5537305707999477","0.306","0.1651781339200488","0.1408218660799512","1","4.46554699695929","46.02194743691256","49.51250556612814","""wood-grass""","17.524374721693594"
"3","32","[110.16261101487589 210.1626110148759 0]","""""","9.9","83.13232974116488","4","true","5","""done""","0.005901176649031781","179.573215336076","17.680186674488404","43.24398700280873","39.07582632270287","""Silty clay loam""","""D""","""woods-grass combination or tree farm | lightly or only occasionally grazed | good""","79","0.5674412184521629","0.2365","0.08288152944464794","0.15361847055535205","0.6669382368121508","0.2729377906510422","49.84737030260629","49.87969190674267","""wood-grass""","17.506015404662865"
"4","32","[106.6383482329241 206.6383482329241 0]","""""","9.9","81.75246353242794","2","false","0","""done""","0","173.97532415223782","26.769756719595318","39.881601272223875","33.348642008180796","""Clay loam""","""D""","""woods-grass combination or tree farm | lightly or only occasionally grazed | good""","79","0.5416688890368135","0.306","0.17643570356564067","0.12956429643435932","1","7.2375519172233","43.49470664368795","49.26774143908875","""wood-grass""","17.53661292804556"
"5","32","[101.91407263786766 201.91407263786766 0]","""""","9.9","79.90275235658629","2","true","3","""done""","0.003544896404737763","167.58390395442254","25.874453061462717","36.84041862456407","37.2851283139732","""Clay loam""","""D""","""woods-grass combination or tree farm | lightly or only occasionally grazed | good""","79","0.5593830774128794","0.306","0.15990246108131256","0.14609753891868743","1","3.0709855053506487","47.29411736840723","49.63489712624213","""wood-grass""","17.518255143687888"
"6","32","[97.18737260681266 197.18737260681266 0]","""""","9.9","78.05209193333698","2","true","5","""done""","0.005901176649031781","143.31697804135072","22.585445727048086","39.792786559720554","37.62176771323137","""Clay loam""","""D""","""woods-grass combination or tree farm | lightly or only occasionally grazed | good""","79","0.5608979547095412","0.306","0.15848857560442825","0.14751142439557174","1","0.2729377906510422","49.84737030260629","49.87969190674267","""wood-grass""","17.506015404662865"
"7","32","[93.13451975978143 193.13451975978143 0]","""""","9.9","76.46526511632403","2","true","18","""done""","0.02108177262926547","135.97421191378285","15.392906339470992","43.05214081637102","41.55495284415798","""Silty clay""","""D""","""woods | used and managed but not planted | good""","77","0.5785972877987109","0.3485","0.1844691980545365","0.1640308019454635","1","0","48.52952574745245","51.47047425254755","""woodland""","17.426476287372623"
"8","32","[89.46548885625202 189.46548885625202 0]","""""","9.9","75.02871736837548","2","true","19","""done""","0.022239863381334102","157.36635031100482","23.61070363579493","37.98927673367589","38.40001963052918","""Clay loam""","""D""","""woods | used and managed but not planted | good""","77","0.5644000883373813","0.306","0.15521991755177747","0.15078008244822252","1","0","48.407240143221166","51.592759856778834","""woodland""","17.42036200716106"
"9","32","[85.52811475234049 185.52811475234049 0]","""""","9.9","73.48710432380717","4","true","29","""done""","0.033745684547090926","144.81040893349402","22.802317322642235","41.648233244530786","35.549449432826975","""Clay loam""","""D""","""woods | used and managed but not planted | good""","77","0.5515725224477214","0.306","0.16719231238212673","0.13880768761787327","1","0","47.185673627475296","52.814326372524704","""woodland""","17.359283681373768"
"10","32","[80.91084198221881 180.9108419822188 0]","""""","9.9","71.67928831626087","4","true","1","""done""","0.0011830311456955123","171.84335069833145","26.608073563747563","39.46524479225936","33.926681643993064","""Clay loam""","""D""","""woods-grass combination or tree farm | lightly or only occasionally grazed | good""","79","0.5442700673979688","0.306","0.17400793709522913","0.13199206290477086","1","5.854940353061892","44.75493979863351","49.39011984830461","""wood-grass""","17.530494007584768"
"11","32","[77.07931632369593 177.07931632369593 0]","""""","9.9","70.17911846196405","2","true","1","""done""","0.0011830311456955123","186.41280738361868","23.603462986345104","42.337003304497934","34.05953370915695","""Clay loam""","""D""","""woods-grass combination or tree farm | lightly or only occasionally grazed | good""","79","0.5448679016912062","0.306","0.17344995842154082","0.13255004157845918","0.9424096761113031","5.854940353061892","44.75493979863351","49.39011984830461","""wood-grass""","17.530494007584768"
"12","32","[72.32272128336984 172.32272128336984 0]","""""","9.9","68.31675314732178","4","true","6","""done""","0.00707722651895526","184.26894742198556","23.367683452775175","35.5510567768783","41.08125977034653","""Clay""","""D""","""woods | used and managed but not planted | good""","77","0.5764656689665594","0.357","0.1949587089645446","0.1620412910354554","0.5144957958582259","0","49.997907806624276","50.002092193375724","""woodland""","17.499895390331215"
"13","32","[69.19454729995064 169.19454729995064 0]","""""","9.9","67.09196888978134","4","true","2","""done""","0.002364662728699396","162.68014968208","25.929147394956985","39.29734872188712","34.77350388315589","""Clay loam""","""D""","""woods-grass combination or tree farm | lightly or only occasionally grazed | good""","79","0.5480807674742015","0.306","0.17045128369074528","0.13554871630925472","1","4.46554699695929","46.02194743691256","49.51250556612814","""wood-grass""","17.524374721693594"
"14","32","[64.8727843834543 164.8727843834543 0]","""""","9.9","65.39985482803051","2","false","0","""done""","0","184.6196651100889","22.307646858753838","41.51018873690751","36.18216440433866","""Clay loam""","""D""","""woods-grass combination or tree farm | lightly or only occasionally grazed | good""","79","0.554419739819524","0.306","0.16453490950177765","0.14146509049822234","0.9515629514582767","7.2375519172233","43.49470664368795","49.26774143908875","""wood-grass""","17.53661292804556"
"15","32","[58.87149834836649 158.8714983483665 0]","""""","9.9","63.05015155074071","4","true","3","""done""","0.003544896404737763","150.3039186655272","25.96914292431055","39.40192956773843","34.628927507951026","""Clay loam""","""D""","""woods-grass combination or tree farm | lightly or only occasionally grazed | good""","79","0.5474301737857796","0.306","0.1710585044666057","0.1349414955333943","1","3.0709855053506487","47.29411736840723","49.63489712624213","""wood-grass""","17.518255143687888"
"16","32","[56.29854239086188 156.29854239086188 0]","""""","9.9","62.04275363464014","2","true","77","""done""","0.08711678853836935","150.68436319968927","21.86709222825401","39.66799485847759","38.464912913268414","""Clay loam""","""D""","""woods | used and managed but not planted | good""","77","0.5646921081097078","0.306","0.15494736576427268","0.15105263423572732","1","0","41.39399942894565","58.60600057105435","""woodland""","17.069699971447285"
"17","32","[51.01906191277226 151.01906191277226 0]","""""","9.9","59.97566126323425","2","true","78","""done""","0.08819675780991099","161.9955604926201","23.97326032134207","38.128436075093475","37.89830360356444","""Clay loam""","""D""","""woods | used and managed but not planted | good""","77","0.56214236621604","0.306","0.15732712486502934","0.14867287513497066","1","0","41.27527532376717","58.72472467623283","""woodland""","17.06376376618836"
"18","32","[46.8160158509431 146.8160158509431 0]","""""","9.9","58.33002880240197","2","true","79","""done""","0.0892754494441681","177.7257123080519","26.087870203536614","39.063447120053056","34.84868267641034","""Clay loam""","""D""","""woods | used and managed but not planted | good""","77","0.5484190720438465","0.306","0.17013553275907659","0.1358644672409234","0.9884739306876067","0","41.156652604483604","58.843347395516396","""woodland""","17.05783263022418"
"19","32","[42.16487819046344 142.16487819046344 0]","""""","9.9","56.50895356285206","2","true","101","""done""","0.11268646349871769","211.32549737939985","25.598005325582992","38.32811097491907","36.07388369949794","""Clay loam""","""D""","""woods | used and managed but not planted | good""","77","0.5539324766477407","0.306","0.16498968846210865","0.14101031153789134","0.8313111082568305","0","38.57516256773311","61.42483743226689","""woodland""","16.928758128386654"
"20","32","[37.48005254900278 137.48005254900278 0]","""""","9.9","54.674688357209284","4","true","112","""done""","0.1241653185813607","160.9342466156571","29.626433086477384","39.39601075480549","30.977556158717128","""Clay loam""","""D""","""woods | used and managed but not planted | good""","77","0.5309990027142271","0.306","0.18639426413338805","0.11960573586661193","1","0","37.30716219155026","62.69283780844974","""woodland""","16.865358109577514"
"21","32","[34.67126413792727 134.67126413792727 0]","""""","9.9","53.57495418421196","2","false","0","""done""","0","129.88255222316303","24.46978815435447","38.68317365194726","36.84703819369827","""Clay loam""","""D""","""woods-grass combination or tree farm | lightly or only occasionally grazed | good""","79","0.5574116718716422","0.306","0.16174243958646728","0.14425756041353271","1","7.2375519172233","43.49470664368795","49.26774143908875","""wood-grass""","17.53661292804556"
"22","32","[29.611086259768683 129.61108625976868 0]","""""","9.9","51.59372608169166","4","true","3","""done""","0.003544896404737763","179.15539070525702","22.800370155727734","42.0707428948307","35.12888694944157","""Clay loam""","""D""","""woods-grass combination or tree farm | lightly or only occasionally grazed | good""","79","0.549679991272487","0.306","0.16895867481234542","0.13704132518765458","0.9805858073141411","3.0709855053506487","47.29411736840723","49.63489712624213","""wood-grass""","17.518255143687888"
"23","32","[25.750192649677004 125.750192649677 0]","""""","9.9","50.0820576966391","4","true","13","""done""","0.01527071114425227","158.4118323147048","26.485203454766058","38.533030552988194","34.981765992245755","""Clay loam""","""D""","""woods | used and managed but not planted | good""","77","0.5490179469651059","0.306","0.16957658283256785","0.13642341716743214","1","0","49.14118864617969","50.85881135382031","""woodland""","17.457059432308984"
"24","32","[23.400434170519432 123.40043417051943 0]","""""","9.9","49.16204902399211","2","false","0","""done""","0","122.96637600261136","21.429125942261745","39.417570781807484","39.15330327593078","""Clay loam""","""D""","""woods-grass combination or tree farm | lightly or only occasionally grazed | good""","79","0.5677898647416885","0.306","0.15205612624109074","0.15394387375890925","1","7.2375519172233","43.49470664368795","49.26774143908875","""wood-grass""","17.53661292804556"
"25","32","[16.95451016652774 116.95451016652774 0]","""""","9.9","46.638255179008574","2","true","7","""done""","0.008251885085253763","176.38630965295758","24.36587977105094","38.76596112308393","36.86815910586513","""Clay loam""","""D""","""woods | used and managed but not planted | good""","77","0.5575067159763931","0.306","0.16165373175536646","0.14434626824463354","0.9959799815248821","0","49.87550754506712","50.12449245493288","""woodland""","17.493775377253357"
"26","32","[11.65428209693627 111.65428209693627 0]","""""","9.9","44.5630394348018","2","true","9","""done""","0.010597034888850443","160.32508433344466","25.186561984827705","38.81978189919533","35.993656115976975","""Clay loam""","""D""","""woods | used and managed but not planted | good""","77","0.5535714525218964","0.306","0.1653266443128967","0.1406733556871033","1","0","49.63071296516659","50.36928703483341","""woodland""","17.48153564825833"
"27","32","[8.228378059740521 108.22837805974052 0]","""""","9.9","43.221683949191885","8","true","23","""done""","0.026858542013937226","170.6741512406276","25.919919207892114","38.419849558405936","35.66023123370195","""Clay loam""","""D""","""woods | used and managed but not planted | good""","77","0.5520710405516588","0.306","0.16672702881845183","0.13927297118154816","1","0","47.918303033307154","52.081696966692846","""woodland""","17.395915151665356"
"28","32","[8.279802172620123 108.27980217262012 0]","""""","9.9","43.24181820139357","8","false","0","""done""","0","182.97863008399565","23.548583709190222","39.986480860647085","36.4649354301627","""Clay loam""","""D""","""woods-grass combination or tree farm | lightly or only occasionally grazed | good""","79","0.5556922094357322","0.306","0.16334727119331668","0.1426527288066833","0.9600969979322221","7.2375519172233","43.49470664368795","49.26774143908875","""wood-grass""","17.53661292804556"
"29","32","[8.111126706246992 108.11112670624699 0]","""""","9.9","43.17577614077222","16","true","473","""done""","0.4287366628714344","172.6419450260656","17.99200751811102","39.73350939114159","42.27448309074738","""Clay""","""D""","""woods | used and managed but not planted | good""","77","0.5818351739083631","0.357","0.189947171018861","0.167052828981139","0.5491457984994216","0","9.224508861841798","90.7754911381582","""woodland""","15.46122544309209"
"30","32","[12.972491914114869 112.97249191411487 0]","""""","9.9","45.079162464010956","32","true","16","""done""","0.018761474459957017","183.0661017725088","22.14804874230299","40.4541942213321","37.39775703636491","""Clay loam""","""D""","""woods | used and managed but not planted | good""","77","0.559889906663642","0.306","0.1594294204472674","0.1465705795527326","0.9596382493996845","0","48.77414832075861","51.22585167924139","""woodland""","17.438707416037932"
"31","32","[17.086952606885916 117.08695260688592 0]","""""","9.9","46.690110803676745","64","false","0","""done""","0","146.47673136043178","25.737307035702894","39.4154524819136","34.847240482383505","""Clay loam""","""D""","""woods-grass combination or tree farm | lightly or only occasionally grazed | good""","79","0.5484125821707257","0.306","0.1701415899739893","0.1358584100260107","1","7.2375519172233","43.49470664368795","49.26774143908875","""wood-grass""","17.53661292804556"
"32","32","[20.736552319996008 120.73655231999601 0]","""""","9.9","48.11905059367381","64","true","15","""done""","0.017599263791468034","195.54002534654114","21.412079992634258","38.21691033235541","40.37100967501033","""Clay""","""D""","""woods | used and managed but not planted | good""","77","0.5732695435375464","0.357","0.19794175936495662","0.15905824063504337","0.4848398612397389","0","48.89648236433116","51.10351763566884","""woodland""","17.44482411821656"
"33","32","[26.291362660006683 126.29136266000668 0]","""""","9.9","50.29394377229155","32","true","12","""done""","0.014104365902709914","147.29942891087535","23.500147934343797","39.034151929624855","37.465700136031344","""Clay loam""","""D""","""woods | used and managed but not planted | good""","77","0.560195650612141","0.306","0.15914405942866836","0.14685594057133164","1","0","49.26355795494361","50.73644204505639","""woodland""","17.46317789774718"
"34","32","[30.05247638734997 130.05247638734997 0]","""""","9.9","51.76654501138061","64","true","3","""done""","0.003544896404737763","183.4369097724167","23.48125471607946","43.70458788390993","32.814157400010615","""Clay loam""","""D""","""woods-grass combination or tree farm | lightly or only occasionally grazed | good""","79","0.5392637083000478","0.306","0.17868053891995542","0.12731946108004458","0.9576983914924809","3.0709855053506487","47.29411736840723","49.63489712624213","""wood-grass""","17.518255143687888"
"35","32","[32.69595092371867 132.69595092371867 0]","""""","9.9","52.80155329880792","64","true","37","""done""","0.0428527802674884","175.99611071011188","22.612230102489896","42.40214228972925","34.98562760778085","""Clay loam""","""D""","""woods | used and managed but not planted | good""","77","0.5490353242350138","0.306","0.16956036404732044","0.13643963595267955","0.9981881572301203","0","46.21077105356945","53.78922894643055","""woodland""","17.310538552678473"
"36","32","[37.76104361013324 137.76104361013324 0]","""""","9.9","54.784705712384024","32","true","22","""done""","0.02570592177432951","167.01159708460378","23.032606426697264","42.50905692531183","34.45833664799091","""Clay loam""","""D""","""woods | used and managed but not planted | good""","77","0.5466625149159591","0.306","0.1717749860784382","0.1342250139215618","1","0","48.040503595523745","51.959496404476255","""woodland""","17.40202517977619"
"37","32","[42.18553420460108 142.18553420460108 0]","""""","9.9","56.517041080066065","64","true","19","""done""","0.022239863381334102","185.9754807681076","20.52666957399137","43.71122227708015","35.76210814892848","""Clay loam""","""D""","""woods | used and managed but not planted | good""","77","0.5525294866701782","0.306","0.1662991457745004","0.1397008542254996","0.9446257791823988","0","48.407240143221166","51.592759856778834","""woodland""","17.42036200716106"
"38","32","[46.07039554719856 146.07039554719856 0]","""""","9.9","58.03809363032735","64","false","0","""done""","0","173.20306383053804","22.607747003585082","37.151660676015695","40.24059232039921","""Clay""","""D""","""woods-grass combination or tree farm | lightly or only occasionally grazed | good""","79","0.5726826654417965","0.357","0.19848951225432332","0.15851048774567666","0.5473667535615299","7.2375519172233","43.49470664368795","49.26774143908875","""wood-grass""","17.53661292804556"
"39","32","[49.85275495152638 149.85275495152638 0]","""""","9.9","59.519013259266","64","false","0","""done""","0","168.13299131940175","24.06461620214896","36.28008112135235","39.655302676498664","""Clay loam""","""D""","""woods-grass combination or tree farm | lightly or only occasionally grazed | good""","79","0.570048862044244","0.306","0.14994772875870563","0.15605227124129437","1","7.2375519172233","43.49470664368795","49.26774143908875","""wood-grass""","17.53661292804556"
"40","32","[53.50735556054218 153.50735556054218 0]","""""","9.9","60.94991106649977","64","true","26","""done""","0.030308227669653354","139.95281017778723","22.352603860627916","43.73767190972292","33.90972422964916","""Clay loam""","""D""","""woods | used and managed but not planted | good""","77","0.5441937590334212","0.306","0.17407915823547354","0.13192084176452645","1","0","47.551856611550924","52.448143388449076","""woodland""","17.377592830577544"
"41","32","[58.790720022027585 158.79072002202759 0]","""""","9.9","63.01852414671051","32","false","0","""done""","0","154.62818678630458","23.173567696493034","41.256719762016395","35.56971254149056","""Clay loam""","""D""","""woods-grass combination or tree farm | lightly or only occasionally grazed | good""","79","0.5516637064367075","0.306","0.16710720732573967","0.13889279267426033","1","7.2375519172233","43.49470664368795","49.26774143908875","""wood-grass""","17.53661292804556"
"42","32","[61.50418297429354 161.50418297429354 0]","""""","9.9","64.08093522901288","64","true","9","""done""","0.010597034888850443","171.90923362905713","22.84505237348477","43.201023396657455","33.95392422985778","""Clay loam""","""D""","""woods | used and managed but not planted | good""","77","0.54439265903436","0.306","0.1738935182345973","0.13210648176540268","1","0","49.63071296516659","50.36928703483341","""woodland""","17.48153564825833"
"43","32","[66.01065706678133 166.01065706678133 0]","""""","9.9","65.84536986556078","32","true","7","""done""","0.008251885085253763","118.5760182916383","25.141092470473993","41.75729747878867","33.10161005073733","""Clay loam""","""D""","""woods | used and managed but not planted | good""","77","0.5405572452283179","0.306","0.17747323778690324","0.12852676221309675","1","0","49.87550754506712","50.12449245493288","""woodland""","17.493775377253357"
"44","32","[70.27323992615203 170.27323992615203 0]","""""","9.9","67.51431296472705","32","true","5","""done""","0.005901176649031781","158.1242340662733","26.127344703085438","40.38441418608356","33.488241110831","""Clay loam""","""D""","""woods-grass combination or tree farm | lightly or only occasionally grazed | good""","79","0.5422970849987395","0.306","0.17584938733450983","0.13015061266549016","1","0.2729377906510422","49.84737030260629","49.87969190674267","""wood-grass""","17.506015404662865"
"45","32","[76.53986806363471 176.5398680636347 0]","""""","9.9","69.96790650886214","32","false","0","""done""","0","170.95368514182022","23.037447216846942","41.28678078371045","35.67577199944261","""Clay loam""","""D""","""woods-grass combination or tree farm | lightly or only occasionally grazed | good""","79","0.5521409739974917","0.306","0.16666175760234106","0.13933824239765893","1","7.2375519172233","43.49470664368795","49.26774143908875","""wood-grass""","17.53661292804556"
"46","32","[80.393018544455 180.393018544455 0]","""""","9.9","71.47654320102103","64","true","1","""done""","0.0011830311456955123","137.8397458528184","23.207885207188284","42.9132444534189","33.87887033939282","""Clay loam""","""D""","""woods-grass combination or tree farm | lightly or only occasionally grazed | good""","79","0.5440549165272677","0.306","0.17420874457455018","0.1317912554254498","1","5.854940353061892","44.75493979863351","49.39011984830461","""wood-grass""","17.530494007584768"
"47","32","[85.92374259807028 185.92374259807028 0]","""""","9.9","73.64200579663537","32","false","0","""done""","0","171.63171042227157","24.508935031558238","39.54272256919108","35.948342399250684","""Clay loam""","""D""","""woods-grass combination or tree farm | lightly or only occasionally grazed | good""","79","0.5533675407966281","0.306","0.16551696192314713","0.14048303807685286","1","7.2375519172233","43.49470664368795","49.26774143908875","""wood-grass""","17.53661292804556"
"48","32","[88.00154436431251 188.0015443643125 0]","""""","9.9","74.45553436220499","64","false","0","""done""","0","154.00282701534053","21.446453332894038","40.54462798982265","38.008918677283326","""Clay loam""","""D""","""woods-grass combination or tree farm | lightly or only occasionally grazed | good""","79","0.5626401340477749","0.306","0.15686254155541005","0.14913745844458995","1","7.2375519172233","43.49470664368795","49.26774143908875","""wood-grass""","17.53661292804556"
"49","32","[92.7280864149156 192.7280864149156 0]","""""","9.9","76.30613293084788","2","false","0","""done""","0","142.82810610402666","21.27659017882656","41.27535003054277","37.448059790630666","""Clay loam""","""D""","""woods-grass combination or tree farm | lightly or only occasionally grazed | good""","79","0.560116269057838","0.306","0.1592181488793512","0.1467818511206488","1","7.2375519172233","43.49470664368795","49.26774143908875","""wood-grass""","17.53661292804556"
"0","31","[120.81200788940873 220.81200788940873 0]","""""","9.9","87.30192315680074","32","false","0","""done""","0","146.96836964920863","20.458401148245617","42.19930027693269","37.342298574821704","""Clay loam""","""D""","""woods-grass combination or tree farm | lightly or only occasionally grazed | good""","79","0.5596403435866977","0.306","0.15966234598574885","0.14633765401425114","1","7.2375519172233","43.49470664368795","49.26774143908875","""wood-grass""","17.53661292804556"
"1","31","[116.51944774655374 216.51944774655374 0]","""""","9.9","85.62124295314797","4","false","0","""done""","0","160.17880006480925","23.696211409778794","41.097517341824044","35.206271248397165","""Clay loam""","""D""","""woods-grass combination or tree farm | lightly or only occasionally grazed | good""","79","0.5500282206177872","0.306","0.16863366075673192","0.13736633924326808","1","7.2375519172233","43.49470664368795","49.26774143908875","""wood-grass""","17.53661292804556"
"2","31","[112.92059611151225 212.92059611151225 0]","""""","9.9","84.21217272521756","4","false","0","""done""","0","184.81164921770394","24.364522121766203","40.9889417905747","34.646536087659086","""Clay loam""","""D""","""woods-grass combination or tree farm | lightly or only occasionally grazed | good""","79","0.5475094123944659","0.306","0.17098454843183186","0.13501545156816813","0.9505744587693767","7.2375519172233","43.49470664368795","49.26774143908875","""wood-grass""","17.53661292804556"
"3","31","[109.42411856780001 209.4241185678 0]","""""","9.9","82.84318536227633","4","false","0","""done""","0","165.03725418299612","20.90819845743076","38.58592087306106","40.50588066950818","""Clay""","""D""","""woods-grass combination or tree farm | lightly or only occasionally grazed | good""","79","0.5738764630127868","0.357","0.19737530118806565","0.15962469881193433","0.5744496854674398","7.2375519172233","43.49470664368795","49.26774143908875","""wood-grass""","17.53661292804556"
"4","31","[104.89183186214535 204.89183186214535 0]","""""","9.9","81.06864422832122","2","true","6","""done""","0.00707722651895526","140.91477261557407","24.60770822905833","35.6408210449216","39.75147072602007","""Clay loam""","""D""","""woods | used and managed but not planted | good""","77","0.5704816182670903","0.306","0.14954382295071572","0.15645617704928427","1","0","49.997907806624276","50.002092193375724","""woodland""","17.499895390331215"
"5","31","[100.4123736492678 200.4123736492678 0]","""""","9.9","79.31478720805222","2","true","7","""done""","0.008251885085253763","151.74157691710323","25.260639259139484","42.55153548222978","32.18782525863073","""Clay loam""","""D""","""woods | used and managed but not planted | good""","77","0.5364452136638382","0.306","0.18131113391375092","0.12468886608624906","1","0","49.87550754506712","50.12449245493288","""woodland""","17.493775377253357"
"6","31","[95.86469575826942 195.86469575826942 0]","""""","9.9","77.53421991263235","4","true","8","""done""","0.009425153993882662","155.53122900246626","23.772014445157968","38.38158403035073","37.84640152449132","""Clay loam""","""D""","""woods | used and managed but not planted | good""","77","0.5619088068602109","0.306","0.15754511359713647","0.14845488640286353","1","0","49.753108775600275","50.246891224399725","""woodland""","17.487655438780013"
"7","31","[91.66372735243016 191.66372735243016 0]","""""","9.9","75.88940092328934","4","false","0","""done""","0","150.77838415976717","24.93294391738373","39.89195489530077","35.1751011873155","""Clay loam""","""D""","""woods-grass combination or tree farm | lightly or only occasionally grazed | good""","79","0.5498879553429197","0.306","0.1687645750132749","0.13723542498672509","1","7.2375519172233","43.49470664368795","49.26774143908875","""wood-grass""","17.53661292804556"
"8","31","[88.50799199342424 188.50799199342424 0]","""""","9.9","74.6538254696346","4","false","0","""done""","0","167.1565327536128","30.12729526867215","39.40590440981569","30.466800321512157","""Clay loam""","""D""","""woods-grass combination or tree farm | lightly or only occasionally grazed | good""","79","0.5287006014468048","0.306","0.18853943864964895","0.11746056135035106","1","7.2375519172233","43.49470664368795","49.26774143908875","""wood-grass""","17.53661292804556"
"9","31","[83.93324414026955 183.93324414026955 0]","""""","9.9","72.86265938281855","2","false","0","""done""","0","177.70529146141635","23.966681348401014","36.551781570146055","39.481537081452935","""Clay loam""","""D""","""woods-grass combination or tree farm | lightly or only occasionally grazed | good""","79","0.5692669168665382","0.306","0.1506775442578977","0.1553224557421023","0.9885875202964237","7.2375519172233","43.49470664368795","49.26774143908875","""wood-grass""","17.53661292804556"
"10","31","[78.37066684111397 178.37066684111397 0]","""""","9.9","70.68472518111831","4","true","31","""done""","0.036030550113287374","169.50835672216618","22.068181336772106","38.359137717029995","39.57268094619789","""Clay loam""","""D""","""woods | used and managed but not planted | good""","77","0.5696770642578906","0.306","0.15029474002596888","0.15570525997403112","1","0","46.94171734069237","53.05828265930763","""woodland""","17.347085867034618"
"11","31","[75.12722476107587 175.12722476107587 0]","""""","9.9","69.41480962625114","4","true","2","""done""","0.002364662728699396","147.31734441808462","25.223944655611145","36.80862524234582","37.96743010204303","""Clay loam""","""D""","""woods-grass combination or tree farm | lightly or only occasionally grazed | good""","79","0.5624534354591937","0.306","0.15703679357141928","0.1489632064285807","1","4.46554699695929","46.02194743691256","49.51250556612814","""wood-grass""","17.524374721693594"
"12","31","[70.54026928776722 170.54026928776722 0]","""""","9.9","67.61886384972925","2","false","0","""done""","0","167.33570448583754","22.56978694777906","37.62085352583587","39.80935952638507","""Clay loam""","""D""","""woods-grass combination or tree farm | lightly or only occasionally grazed | good""","79","0.5707421178687329","0.306","0.1493006899891827","0.1566993100108173","1","7.2375519172233","43.49470664368795","49.26774143908875","""wood-grass""","17.53661292804556"
"13","31","[65.95672403210187 165.95672403210187 0]","""""","9.9","65.82425328694754","4","true","8","""done""","0.009425153993882662","146.99425557197586","21.937690404882712","40.71279953300951","37.349510062107775","""Clay loam""","""D""","""woods | used and managed but not planted | good""","77","0.559672795279485","0.306","0.15963205773914735","0.14636794226085265","1","0","49.753108775600275","50.246891224399725","""woodland""","17.487655438780013"
"14","31","[62.22354321809226 162.22354321809226 0]","""""","9.9","64.36258871336995","4","true","3","""done""","0.003544896404737763","165.9506802121038","17.329754954556293","42.673418384188906","39.99682666125481","""Silty clay loam""","""D""","""woods-grass combination or tree farm | lightly or only occasionally grazed | good""","79","0.5715857199756467","0.2365","0.07901332802272981","0.15748667197727018","0.7216857650830893","3.0709855053506487","47.29411736840723","49.63489712624213","""wood-grass""","17.518255143687888"
"15","31","[58.52777453055023 158.52777453055023 0]","""""","9.9","62.91557223282729","4","false","0","""done""","0","142.44391354198996","23.62953616186564","38.619081759015096","37.75138207911926","""Clay loam""","""D""","""woods-grass combination or tree farm | lightly or only occasionally grazed | good""","79","0.5614812193560367","0.306","0.15794419526769912","0.14805580473230087","1","7.2375519172233","43.49470664368795","49.26774143908875","""wood-grass""","17.53661292804556"
"16","31","[53.61171353913147 153.61171353913147 0]","""""","9.9","60.990770689398744","4","true","4","""done""","0.004723733827578291","154.85141090662748","20.093042708750904","38.54717437363187","41.359782917617224","""Clay""","""D""","""woods-grass combination or tree farm | lightly or only occasionally grazed | good""","79","0.5777190231292775","0.357","0.19378891174600765","0.16321108825399233","0.6122359376692929","1.672896220173925","48.569810717776754","49.75729306204932","""wood-grass""","17.512135346897534"
"17","31","[49.694690551815796 149.6946905518158 0]","""""","9.9","59.45712578450622","4","false","0","""done""","0","185.854629275066","31.807791652422313","34.40170996485248","33.790498382725204","""Clay loam""","""D""","""woods-grass combination or tree farm | lightly or only occasionally grazed | good""","79","0.5436572427222635","0.306","0.17457990679255417","0.13142009320744583","0.9452400196574681","7.2375519172233","43.49470664368795","49.26774143908875","""wood-grass""","17.53661292804556"
"18","31","[45.798850373895135 145.79885037389514 0]","""""","9.9","57.931774654708995","2","false","0","""done""","0","173.84465077477816","25.490302718280077","41.56695345580266","32.94274382591726","""Clay loam""","""D""","""woods-grass combination or tree farm | lightly or only occasionally grazed | good""","79","0.5398423472166276","0.306","0.1781404759311475","0.12785952406885248","1","7.2375519172233","43.49470664368795","49.26774143908875","""wood-grass""","17.53661292804556"
"19","31","[40.409924356366844 140.40992435636684 0]","""""","9.9","55.821830710956746","2","true","1","""done""","0.0011830311456955123","198.90094591262113","27.127854081052515","39.878155231401685","32.9939906875458","""Clay loam""","""D""","""woods-grass combination or tree farm | lightly or only occasionally grazed | good""","79","0.5400729580939561","0.306","0.17792523911230768","0.12807476088769232","0.8832398087567231","5.854940353061892","44.75493979863351","49.39011984830461","""wood-grass""","17.530494007584768"
"20","31","[35.60447094309637 135.60447094309637 0]","""""","9.9","53.94033571671592","2","true","2","""done""","0.002364662728699396","127.3749758875726","22.46062358708473","38.454484872889054","39.08489154002622","""Clay loam""","""D""","""woods-grass combination or tree farm | lightly or only occasionally grazed | good""","79","0.567482011930118","0.306","0.15234345553188988","0.1536565444681101","1","4.46554699695929","46.02194743691256","49.51250556612814","""wood-grass""","17.524374721693594"
"21","31","[32.04089738806121 132.0408973880612 0]","""""","9.9","52.54507803158429","4","true","116","""done""","0.12830252849334423","184.65069677588502","21.765646129749868","35.81476125254465","42.41959261770549","""Clay""","""D""","""woods | used and managed but not planted | good""","77","0.5824881667796746","0.357","0.18933771100563695","0.16766228899436303","0.5134321202746387","0","36.85026202101459","63.14973797898541","""woodland""","16.84251310105073"
"22","31","[27.639658233865788 127.63965823386579 0]","""""","9.9","50.82184637685482","2","false","0","""done""","0","187.42502353248085","28.003473365980565","42.33865725446752","29.65786937955192","""Clay loam""","""D""","""woods-grass combination or tree farm | lightly or only occasionally grazed | good""","79","0.5250604122079836","0.306","0.19193694860588195","0.11406305139411806","0.9373200553390881","7.2375519172233","43.49470664368795","49.26774143908875","""wood-grass""","17.53661292804556"
"23","31","[23.34072987171504 123.34072987171504 0]","""""","9.9","49.13867280333728","4","true","5","""done""","0.005901176649031781","152.95020976882003","22.399210960189052","36.81836039040862","40.78242864940232","""Clay""","""D""","""woods-grass combination or tree farm | lightly or only occasionally grazed | good""","79","0.5751209289223105","0.357","0.19621379967251026","0.16078620032748972","0.619846150581474","0.2729377906510422","49.84737030260629","49.87969190674267","""wood-grass""","17.506015404662865"
"24","31","[20.617449277125573 120.61744927712557 0]","""""","9.9","48.07241778721673","2","true","14","""done""","0.01643567656304723","141.02117223507216","28.66415349522294","39.304440694011724","32.03140581076533","""Clay loam""","""D""","""woods | used and managed but not planted | good""","77","0.5357413261484439","0.306","0.1819680955947856","0.12403190440521437","1","0","49.01882962762967","50.98117037237033","""woodland""","17.450941481381484"
"25","31","[14.927871131449251 114.92787113144925 0]","""""","9.9","45.84475852599699","4","true","15","""done""","0.017599263791468034","137.29287850992063","21.854544742483572","43.802358776312275","34.34309648120416","""Clay loam""","""D""","""woods | used and managed but not planted | good""","77","0.5461439341654187","0.306","0.17225899477894255","0.13374100522105745","1","0","48.89648236433116","51.10351763566884","""woodland""","17.44482411821656"
"26","31","[10.899208983283899 110.8992089832839 0]","""""","9.9","44.26740317294573","2","false","0","""done""","0","179.40169764318617","23.401185011683832","42.955331565294884","33.64348342302127","""Clay loam""","""D""","""woods-grass combination or tree farm | lightly or only occasionally grazed | good""","79","0.5429956754035957","0.306","0.17519736962331067","0.13080263037668932","0.9792395263661386","7.2375519172233","43.49470664368795","49.26774143908875","""wood-grass""","17.53661292804556"
"27","31","[8.067287903807312 108.06728790380731 0]","""""","9.9","43.158611790137584","4","true","25","""done""","0.02915969334938906","139.27054928054466","27.255384677317377","36.38339629471326","36.36121902796936","""Clay loam""","""D""","""woods | used and managed but not planted | good""","77","0.5552254856258622","0.306","0.1637828800825287","0.1422171199174713","1","0","47.67397808568956","52.32602191431044","""woodland""","17.38369890428448"
"28","31","[8.02439604993684 108.02439604993684 0]","""""","9.9","43.14181820139357","8","true","481","""done""","0.4341209077949305","220.18018928461555","21.88611163187963","39.27865495321465","38.83523341490573","""Clay loam""","""D""","""woods | used and managed but not planted | good""","77","0.5663585503670758","0.306","0.15339201965739596","0.15260798034260403","0.7978793823376451","0","8.901726990533888","91.09827300946611","""woodland""","15.445086349526695"
"29","31","[9.41741987437419 109.41741987437419 0]","""""","9.9","43.68723340514919","32","true","5","""done""","0.005901176649031781","147.81274510085711","22.608301409874013","39.99630063194166","37.39539795818433","""Clay loam""","""D""","""woods-grass combination or tree farm | lightly or only occasionally grazed | good""","79","0.5598792908118295","0.306","0.15943932857562582","0.14656067142437418","1","0.2729377906510422","49.84737030260629","49.87969190674267","""wood-grass""","17.506015404662865"
"30","31","[15.257588069728499 115.2575880697285 0]","""""","9.9","45.97385368425524","32","true","3","""done""","0.003544896404737763","168.23458996751702","24.9959958159688","39.53229321091433","35.47171097311688","""Clay loam""","""D""","""woods-grass combination or tree farm | lightly or only occasionally grazed | good""","79","0.5512226993790259","0.306","0.16751881391290913","0.13848118608709087","1","3.0709855053506487","47.29411736840723","49.63489712624213","""wood-grass""","17.518255143687888"
"31","31","[18.960460761910653 118.96046076191065 0]","""""","9.9","47.42365161912071","64","true","15","""done""","0.017599263791468034","158.4525414697955","25.578384705557536","37.640886354325126","36.780728940117335","""Clay loam""","""D""","""woods | used and managed but not planted | good""","77","0.557113280230528","0.306","0.1620209384515072","0.1439790615484928","1","0","48.89648236433116","51.10351763566884","""woodland""","17.44482411821656"
"32","31","[24.550585028125624 124.55058502812562 0]","""""","9.9","49.61237137551712","32","true","11","""done""","0.012936639204113476","140.68297516855313","25.21796612231117","36.49686886468438","38.28516501300444","""Clay loam""","""D""","""woods | used and managed but not planted | good""","77","0.56388324255852","0.306","0.15570230694538137","0.15029769305461863","1","0","49.385936088390636","50.614063911609364","""woodland""","17.469296804419532"
"33","31","[28.353022836743946 128.35302283674395 0]","""""","9.9","51.10115236818487","64","true","1","""done""","0.0011830311456955123","199.9515509371177","22.794107591431757","38.725604041661626","38.48028836690661","""Clay loam""","""D""","""woods-grass combination or tree farm | lightly or only occasionally grazed | good""","79","0.5647612976510797","0.306","0.15488278885899223","0.15111721114100776","0.8785990036388522","5.854940353061892","44.75493979863351","49.39011984830461","""wood-grass""","17.530494007584768"
"34","31","[32.73044355529339 132.7304435552934 0]","""""","9.9","52.81505831239661","64","true","11","""done""","0.012936639204113476","176.88704841126176","23.24320862195981","44.77661446118144","31.98017691685875","""Clay loam""","""D""","""woods | used and managed but not planted | good""","77","0.5355107961258644","0.306","0.18218325694919324","0.12381674305080674","0.9931605225326948","0","49.385936088390636","50.614063911609364","""woodland""","17.469296804419532"
"35","31","[37.43245550017832 137.43245550017832 0]","""""","9.9","54.65605252799564","64","true","2","""done""","0.002364662728699396","145.87935191132843","21.91424087198183","40.19474248062887","37.8910166473893","""Clay loam""","""D""","""woods-grass combination or tree farm | lightly or only occasionally grazed | good""","79","0.5621095749132519","0.306","0.15735773008096496","0.14864226991903504","1","4.46554699695929","46.02194743691256","49.51250556612814","""wood-grass""","17.524374721693594"
"36","31","[40.702094825584226 140.70209482558423 0]","""""","9.9","55.936225176581864","64","true","13","""done""","0.01527071114425227","179.78502625304324","23.009911717760737","42.92510726302753","34.064981019211736","""Clay loam""","""D""","""woods | used and managed but not planted | good""","77","0.5448924145864528","0.306","0.17342707971931073","0.13257292028068926","0.9771516409944686","0","49.14118864617969","50.85881135382031","""woodland""","17.457059432308984"
"37","31","[44.110702911926154 144.11070291192615 0]","""""","9.9","57.27080872161647","64","true","21","""done""","0.02455193633400432","164.16390625816683","24.88488336050864","42.20337505330852","32.911741586182856","""Clay loam""","""D""","""woods | used and managed but not planted | good""","77","0.5397028371378229","0.306","0.178270685338032","0.127729314661968","1","0","48.162727607139544","51.837272392860456","""woodland""","17.40813638035698"
"38","31","[47.52915434050925 147.52915434050925 0]","""""","9.9","58.6092462628426","64","true","18","""done""","0.02108177262926547","145.3789858063975","24.162502744757603","41.0008242466315","34.8366730086109","""Clay loam""","""D""","""woods | used and managed but not planted | good""","77","0.548365028538749","0.306","0.17018597336383423","0.13581402663616576","1","0","48.52952574745245","51.47047425254755","""woodland""","17.426476287372623"
"39","31","[51.261249730178406 151.2612497301784 0]","""""","9.9","60.07048585665501","32","true","17","""done""","0.01992231019702717","194.62838344017337","24.995170277178335","40.648111443118516","34.35671827970316","""Clay loam""","""D""","""woods | used and managed but not planted | good""","77","0.5462052322586642","0.306","0.17220178322524674","0.13379821677475326","0.9026290529890574","0","48.65182896075311","51.34817103924689","""woodland""","17.432591448037655"
"40","31","[55.43021124442765 155.43021124442765 0]","""""","9.9","61.702773082368495","32","true","2","""done""","0.002364662728699396","144.11670419061133","25.8352040692341","39.315790633117906","34.84900529764799","""Clay loam""","""D""","""woods-grass combination or tree farm | lightly or only occasionally grazed | good""","79","0.548420523839416","0.306","0.17013417774987843","0.13586582225012156","1","4.46554699695929","46.02194743691256","49.51250556612814","""wood-grass""","17.524374721693594"
"41","31","[58.438563340006226 158.43856334000623 0]","""""","9.9","62.88064308171425","64","true","24","""done""","0.02800979866790232","155.39378286107086","20.40322450594658","43.03336358439966","36.56341190965376","""Clay loam""","""D""","""woods | used and managed but not planted | good""","77","0.5561353535934419","0.306","0.16293366997945422","0.14306633002054578","1","0","47.796127377941986","52.203872622058014","""woodland""","17.389806368897098"
"42","31","[63.68841038295318 163.68841038295318 0]","""""","9.9","64.93613297670676","32","true","19","""done""","0.022239863381334102","174.5927776223748","21.01660860351741","41.81317993691711","37.170211459565486","""Clay loam""","""D""","""woods | used and managed but not planted | good""","77","0.5588659515680446","0.306","0.16038511186982496","0.14561488813017504","1","0","48.407240143221166","51.592759856778834","""woodland""","17.42036200716106"
"43","31","[68.07306155219419 168.0730615521942 0]","""""","9.9","66.6528698830801","64","false","0","""done""","0","143.37106099090437","23.79289497897702","37.98622006132563","38.22088495969736","""Clay loam""","""D""","""woods-grass combination or tree farm | lightly or only occasionally grazed | good""","79","0.5635939823186381","0.306","0.15597228316927111","0.15002771683072888","1","7.2375519172233","43.49470664368795","49.26774143908875","""wood-grass""","17.53661292804556"
"44","31","[72.95471622961423 172.95471622961423 0]","""""","9.9","68.56420020912464","64","false","0","""done""","0","186.538721232788","24.739795891624464","42.037338387382334","33.222865720993205","""Clay loam""","""D""","""woods-grass combination or tree farm | lightly or only occasionally grazed | good""","79","0.5411028957444695","0.306","0.17696396397182856","0.12903603602817143","0.9417735485071823","7.2375519172233","43.49470664368795","49.26774143908875","""wood-grass""","17.53661292804556"
"45","31","[76.53191132934643 176.53191132934643 0]","""""","9.9","69.96479118249303","64","true","3","""done""","0.003544896404737763","157.1586267844625","22.803079148508854","41.551886666161195","35.645034185329955","""Clay loam""","""D""","""woods-grass combination or tree farm | lightly or only occasionally grazed | good""","79","0.5520026538339848","0.306","0.1667908564216142","0.1392091435783858","1","3.0709855053506487","47.29411736840723","49.63489712624213","""wood-grass""","17.518255143687888"
"46","31","[81.8492483436691 181.8492483436691 0]","""""","9.9","72.04670564815231","32","true","2","""done""","0.002364662728699396","153.69344101564434","22.90776157507922","38.40379645652305","38.68844196839775","""Clay loam""","""D""","""woods-grass combination or tree farm | lightly or only occasionally grazed | good""","79","0.5656979888577899","0.306","0.15400854373272949","0.1519914562672705","1","4.46554699695929","46.02194743691256","49.51250556612814","""wood-grass""","17.524374721693594"
"47","31","[86.46074587519325 186.46074587519325 0]","""""","9.9","73.8522604575187","32","true","1","""done""","0.0011830311456955123","154.88208761795238","25.12663988283583","41.62642466528607","33.246935451878095","""Clay loam""","""D""","""woods-grass combination or tree farm | lightly or only occasionally grazed | good""","79","0.5412112095334514","0.306","0.17686287110211202","0.12913712889788798","1","5.854940353061892","44.75493979863351","49.39011984830461","""wood-grass""","17.530494007584768"
"48","31","[92.35448033424859 192.3544803342486 0]","""""","9.9","76.1598537121894","32","false","0","""done""","0","169.71336599947918","21.767572544731784","40.831605935838624","37.40082151942959","""Clay loam""","""D""","""woods-grass combination or tree farm | lightly or only occasionally grazed | good""","79","0.5599036968374331","0.306","0.15941654961839574","0.14658345038160425","1","7.2375519172233","43.49470664368795","49.26774143908875","""wood-grass""","17.53661292804556"
"49","31","[93.77977982012578 193.77977982012578 0]","""""","9.9","76.71790591191865","2","false","0","""done""","0","158.4832903065932","24.826735591187237","40.82525380206629","34.34801060674647","""Clay loam""","""D""","""woods-grass combination or tree farm | lightly or only occasionally grazed | good""","79","0.5461660477303591","0.306","0.17223835545166483","0.13376164454833517","1","7.2375519172233","43.49470664368795","49.26774143908875","""wood-grass""","17.53661292804556"
"0","30","[118.78392981276852 218.78392981276852 0]","""""","9.9","86.50786307110923","32","false","0","""done""","0","175.4887866244275","22.662461642655696","41.58836534491263","35.749173012431676","""Clay loam""","""D""","""woods-grass combination or tree farm | lightly or only occasionally grazed | good""","79","0.5524712785559425","0.306","0.16635347334778697","0.13964652665221303","1","7.2375519172233","43.49470664368795","49.26774143908875","""wood-grass""","17.53661292804556"
"1","30","[113.98826113795235 213.98826113795235 0]","""30""","9.9","84.63019912772634","4","false","0","""done""","0","165.0943858661397","27.44906230282211","40.05146196933023","32.499475727847674","""Clay loam""","""D""","""woods-grass combination or tree farm | lightly or only occasionally grazed | good""","79","0.5378476407753146","0.306","0.18000220194303979","0.1259977980569602","1","7.2375519172233","43.49470664368795","49.26774143908875","""wood-grass""","17.53661292804556"
"2","30","[110.93585676160961 210.9358567616096 0]","""""","9.9","83.43508119387481","2","true","1","""done""","0.0011830311456955123","144.871338639872","22.297926173581182","39.19943099919783","38.502642827220996","""Clay loam""","""D""","""woods-grass combination or tree farm | lightly or only occasionally grazed | good""","79","0.5648618927224944","0.306","0.15478890012567184","0.15121109987432815","1","5.854940353061892","44.75493979863351","49.39011984830461","""wood-grass""","17.530494007584768"
"3","30","[106.09583448408713 206.09583448408713 0]","""""","9.9","81.5400513384142","4","true","3","""done""","0.003544896404737763","154.42834846272942","23.707237170494583","39.21348369078816","37.07927913871726","""Clay loam""","""D""","""woods-grass combination or tree farm | lightly or only occasionally grazed | good""","79","0.5584567561242276","0.306","0.1607670276173875","0.14523297238261249","1","3.0709855053506487","47.29411736840723","49.63489712624213","""wood-grass""","17.518255143687888"
"4","30","[102.2259858031914 202.2259858031914 0]","""""","9.9","80.02487674501003","4","true","1","""done""","0.0011830311456955123","159.35522030698766","23.46785825857027","40.196320761006405","36.33582098042334","""Clay loam""","""D""","""woods-grass combination or tree farm | lightly or only occasionally grazed | good""","79","0.555111194411905","0.306","0.16388955188222198","0.142110448117778","1","5.854940353061892","44.75493979863351","49.39011984830461","""wood-grass""","17.530494007584768"
"5","30","[99.13535816137778 199.13535816137778 0]","""""","9.9","78.81479313019935","4","false","0","""done""","0","158.54595868897667","23.02949924670999","43.14012600902758","33.83037474426243","""Clay loam""","""D""","""woods-grass combination or tree farm | lightly or only occasionally grazed | good""","79","0.5438366863491809","0.306","0.17441242607409782","0.13158757392590217","1","7.2375519172233","43.49470664368795","49.26774143908875","""wood-grass""","17.53661292804556"
"6","30","[94.6313200573696 194.6313200573696 0]","""""","9.9","77.05131226424004","2","false","0","""done""","0","177.09021976728263","25.05598659161034","37.87615164283089","37.06786176555877","""Clay loam""","""D""","""woods-grass combination or tree farm | lightly or only occasionally grazed | good""","79","0.5584053779450144","0.306","0.16081498058465318","0.1451850194153468","0.9920210933176059","7.2375519172233","43.49470664368795","49.26774143908875","""wood-grass""","17.53661292804556"
"7","30","[88.09026233502377 188.09026233502377 0]","""""","9.9","74.49027040133325","4","true","10","""done""","0.011767529412220479","134.81955840598985","20.89834157377864","43.07914092319647","36.022517503024886","""Clay loam""","""D""","""woods | used and managed but not planted | good""","77","0.553701328763612","0.306","0.1652054264872955","0.1407945735127045","1","0","49.508321580567106","50.491678419432894","""woodland""","17.475416079028356"
"8","30","[85.06191416154374 185.06191416154374 0]","""""","9.9","73.30457127178052","4","true","1","""done""","0.0011830311456955123","167.55458226485524","24.292006270758243","41.534018166045456","34.1739755631963","""Clay loam""","""D""","""woods-grass combination or tree farm | lightly or only occasionally grazed | good""","79","0.5453828900343833","0.306","0.17296930263457555","0.13303069736542444","1","5.854940353061892","44.75493979863351","49.39011984830461","""wood-grass""","17.530494007584768"
"9","30","[80.95667445014004 180.95667445014004 0]","""""","9.9","71.69723325330455","2","true","1","""done""","0.0011830311456955123","153.68270173661983","22.92992120899309","39.00188193111336","38.068196859893554","""Clay loam""","""D""","""woods-grass combination or tree farm | lightly or only occasionally grazed | good""","79","0.562906885869521","0.306","0.1566135731884471","0.1493864268115529","1","5.854940353061892","44.75493979863351","49.39011984830461","""wood-grass""","17.530494007584768"
"10","30","[76.57195915078177 176.57195915078177 0]","""""","9.9","69.98047123785528","4","true","2","""done""","0.002364662728699396","174.85625623347818","22.964976978753274","40.57653317295208","36.45848984829465","""Clay loam""","""D""","""woods-grass combination or tree farm | lightly or only occasionally grazed | good""","79","0.555663204317326","0.306","0.1633743426371625","0.1426256573628375","1","4.46554699695929","46.02194743691256","49.51250556612814","""wood-grass""","17.524374721693594"
"11","30","[72.29984361608928 172.29984361608928 0]","""""","9.9","68.30779577893912","4","true","32","""done""","0.0371709559960024","161.19956143120493","24.799411602053745","37.26745438572391","37.93313401222234","""Clay loam""","""D""","""woods | used and managed but not planted | good""","77","0.5622991030550005","0.306","0.15718083714866618","0.1488191628513338","1","0","46.8197932509978","53.1802067490022","""woodland""","17.34098966254989"
"12","30","[68.2053508215161 168.2053508215161 0]","""""","9.9","66.7046655361882","4","true","3","""done""","0.003544896404737763","160.27497543516094","22.361271613864186","39.719358367439","37.9193700186968","""Clay loam""","""D""","""woods-grass combination or tree farm | lightly or only occasionally grazed | good""","79","0.5622371650841356","0.306","0.15723864592147344","0.14876135407852656","1","3.0709855053506487","47.29411736840723","49.63489712624213","""wood-grass""","17.518255143687888"
"13","30","[64.17882399015443 164.17882399015443 0]","""""","9.9","65.12814623075447","4","false","0","""done""","0","160.65005325946106","26.107326495958223","37.704280968587575","36.188392535454184","""Clay loam""","""D""","""woods-grass combination or tree farm | lightly or only occasionally grazed | good""","79","0.5544477664095439","0.306","0.16450875135109244","0.14149124864890755","1","7.2375519172233","43.49470664368795","49.26774143908875","""wood-grass""","17.53661292804556"
"14","30","[60.63035315335006 160.63035315335006 0]","""""","9.9","63.73880176260923","4","true","9","""done""","0.010597034888850443","153.0562204845567","26.68776465674376","39.5684640886151","33.74377125464114","""Clay loam""","""D""","""woods | used and managed but not planted | good""","77","0.5434469706458851","0.306","0.17477616073050722","0.13122383926949277","1","0","49.63071296516659","50.36928703483341","""woodland""","17.48153564825833"
"15","30","[56.0285610401134 156.0285610401134 0]","""""","9.9","61.93704694761475","2","true","4","""done""","0.004723733827578291","199.22383540071934","23.765132135101982","38.20379473828127","38.03107312661674","""Clay loam""","""D""","""woods-grass combination or tree farm | lightly or only occasionally grazed | good""","79","0.5627398290697754","0.306","0.1567694928682097","0.14923050713179029","0.8818083091113931","1.672896220173925","48.569810717776754","49.75729306204932","""wood-grass""","17.512135346897534"
"16","30","[51.150088968271916 151.15008896827192 0]","""""","9.9","60.02696271760939","4","true","6","""done""","0.00707722651895526","145.06641111159144","25.715395120934016","40.21655501469014","34.068049864375844","""Clay loam""","""D""","""woods | used and managed but not planted | good""","77","0.5449062243896913","0.306","0.17341419056962146","0.13258580943037854","1","0","49.997907806624276","50.002092193375724","""woodland""","17.499895390331215"
"17","30","[47.782880024633954 147.78288002463395 0]","""""","9.9","58.70858831520184","2","true","5","""done""","0.005901176649031781","155.11987663004285","23.872384000460283","43.09756602433213","33.030049975207575","""Clay loam""","""D""","""woods-grass combination or tree farm | lightly or only occasionally grazed | good""","79","0.5402352248884341","0.306","0.1777737901041282","0.1282262098958718","1","0.2729377906510422","49.84737030260629","49.87969190674267","""wood-grass""","17.506015404662865"
"18","30","[42.538575808171174 142.53857580817117 0]","""""","9.9","56.655268621309425","4","true","7","""done""","0.008251885085253763","193.2319085555029","27.847708945322445","39.26814804725646","32.88414300742108","""Clay loam""","""D""","""woods | used and managed but not planted | good""","77","0.5395786435333949","0.306","0.17838659936883147","0.12761340063116852","0.9091522965469971","0","49.87550754506712","50.12449245493288","""woodland""","17.493775377253357"
"19","30","[38.58512849004265 138.58512849004265 0]","""""","9.9","55.10736237826643","4","false","0","""done""","0","170.33592935360295","21.45884426086338","41.66261339399713","36.8785423451395","""Clay loam""","""D""","""woods-grass combination or tree farm | lightly or only occasionally grazed | good""","79","0.5575534405531277","0.306","0.16161012215041412","0.14438987784958587","1","7.2375519172233","43.49470664368795","49.26774143908875","""wood-grass""","17.53661292804556"
"20","30","[34.62277133054073 134.62277133054073 0]","""""","9.9","53.5559676356997","4","false","0","""done""","0","156.139902664218","19.709677461992626","41.628523141351295","38.66179939665608","""Silty clay loam""","""D""","""woods-grass combination or tree farm | lightly or only occasionally grazed | good""","79","0.5655780972849523","0.2365","0.08462044253404447","0.15187955746595552","0.7670316272227135","7.2375519172233","43.49470664368795","49.26774143908875","""wood-grass""","17.53661292804556"
"21","30","[30.697627140977914 130.69762714097791 0]","""""","9.9","52.019143009756704","2","false","0","""done""","0","124.54374902110396","24.931906142441875","38.99216763163732","36.075926225920796","""Clay loam""","""D""","""woods-grass combination or tree farm | lightly or only occasionally grazed | good""","79","0.5539416680166436","0.306","0.16498110985113268","0.14101889014886732","1","7.2375519172233","43.49470664368795","49.26774143908875","""wood-grass""","17.53661292804556"
"22","30","[24.983243518134657 124.98324351813466 0]","""""","9.9","49.78177157840324","4","true","118","""done""","0.13036379901491746","182.65625556859615","21.85565540372213","41.02354114136081","37.120803454917066","""Clay loam""","""D""","""woods | used and managed but not planted | good""","77","0.5586436155471268","0.306","0.16059262548934833","0.14540737451065167","0.9617914967244011","0","36.622687800865016","63.377312199134984","""woodland""","16.83113439004325"
"23","30","[22.25530757031305 122.25530757031305 0]","""""","9.9","48.713693836506486","4","false","0","""done""","0","193.66132302698793","24.94090216585079","35.28072250155528","39.77837533259393","""Clay loam""","""D""","""woods-grass combination or tree farm | lightly or only occasionally grazed | good""","79","0.5706026889966727","0.306","0.1494308236031055","0.1565691763968945","0.9071363898764292","7.2375519172233","43.49470664368795","49.26774143908875","""wood-grass""","17.53661292804556"
"24","30","[17.733700301110574 117.73370030111057 0]","""""","9.9","46.943334057461726","4","true","6","""done""","0.00707722651895526","165.77652940744304","24.93129127658955","40.158283100983525","34.91042562242692","""Clay loam""","""D""","""woods | used and managed but not planted | good""","77","0.5486969153009211","0.306","0.16987621238580694","0.13612378761419305","1","0","49.997907806624276","50.002092193375724","""woodland""","17.499895390331215"
"25","30","[13.402192372020949 113.40219237202095 0]","""""","9.9","45.24740449885009","2","false","0","""done""","0","156.84637268617226","16.044617768513195","43.42386971368544","40.53151251780137","""Silty clay""","""D""","""woods-grass combination or tree farm | lightly or only occasionally grazed | good""","79","0.5739918063301062","0.3485","0.18876764742523425","0.15973235257476573","0.8948439741521782","7.2375519172233","43.49470664368795","49.26774143908875","""wood-grass""","17.53661292804556"
"26","30","[8.150274322181517 108.15027432218152 0]","""""","9.9","43.19110373571131","4","true","17","""done""","0.01992231019702717","149.19376051731805","24.901974046124515","39.7582662091355","35.33975974473999","""Clay loam""","""D""","""woods | used and managed but not planted | good""","77","0.55062891885133","0.306","0.16807300907209205","0.13792699092790794","1","0","48.65182896075311","51.34817103924689","""woodland""","17.432591448037655"
"27","30","[8.111126706246992 108.11112670624699 0]","""""","9.9","43.17577614077222","8","false","0","""done""","0","168.05547585078668","25.372823826587776","37.8284099544435","36.79876621896872","""Clay loam""","""D""","""woods-grass combination or tree farm | lightly or only occasionally grazed | good""","79","0.5571944479853592","0.306","0.16194518188033138","0.1440548181196686","1","7.2375519172233","43.49470664368795","49.26774143908875","""wood-grass""","17.53661292804556"
"28","30","[7.885381009691656 107.88538100969166 0]","""""","9.9","43.087389185054924","16","true","509","""done""","0.4525692575138045","188.76819821330295","20.72847153653551","40.68948155867559","38.58204690478892","""Clay loam""","""D""","""woods | used and managed but not planted | good""","77","0.5652192110715502","0.306","0.15445540299988655","0.15154459700011344","0.9306505814654453","0","7.850882754345577","92.14911724565442","""woodland""","15.392544137717278"
"29","30","[11.941501864266087 111.94150186426609 0]","""""","9.9","44.67549553581939","32","false","0","""done""","0","181.57348710337655","25.47331002675445","39.150231441760866","35.37645853148467","""Clay loam""","""D""","""woods-grass combination or tree farm | lightly or only occasionally grazed | good""","79","0.550794063391681","0.306","0.16791887416776438","0.1380811258322356","0.9675269018178586","7.2375519172233","43.49470664368795","49.26774143908875","""wood-grass""","17.53661292804556"
"30","30","[17.52019484259685 117.52019484259685 0]","""""","9.9","46.859739562439195","64","false","0","""done""","0","158.65969327314124","22.294342348885582","43.53005481071141","34.17560284040301","""Clay loam""","""D""","""woods-grass combination or tree farm | lightly or only occasionally grazed | good""","79","0.5453902127818135","0.306","0.17296246807030738","0.13303753192969262","1","7.2375519172233","43.49470664368795","49.26774143908875","""wood-grass""","17.53661292804556"
"31","30","[21.86842679763589 121.86842679763589 0]","""""","9.9","48.56221713398557","64","true","2","""done""","0.002364662728699396","173.75817451105019","22.844278892926564","43.1617032637313","33.994017843342135","""Clay loam""","""D""","""woods-grass combination or tree farm | lightly or only occasionally grazed | good""","79","0.5445730802950396","0.306","0.17372512505796303","0.13227487494203696","1","4.46554699695929","46.02194743691256","49.51250556612814","""wood-grass""","17.524374721693594"
"32","30","[26.778830980589873 126.77883098058987 0]","""""","9.9","50.48480384857393","64","true","2","""done""","0.002364662728699396","155.37054157133056","22.547978110767126","40.11811384696303","37.33390804226985","""Clay loam""","""D""","""woods-grass combination or tree farm | lightly or only occasionally grazed | good""","79","0.5596025861902143","0.306","0.15969758622246666","0.14630241377753334","1","4.46554699695929","46.02194743691256","49.51250556612814","""wood-grass""","17.524374721693594"
"33","30","[30.943076554751315 130.94307655475131 0]","""""","9.9","52.115244626740164","64","true","10","""done""","0.011767529412220479","149.1732319521251","23.087266867996725","41.70970412197785","35.20302901002543","""Clay loam""","""D""","""woods | used and managed but not planted | good""","77","0.5500136305451144","0.306","0.1686472781578932","0.13735272184210678","1","0","49.508321580567106","50.491678419432894","""woodland""","17.475416079028356"
"34","30","[35.7261243864871 135.7261243864871 0]","""""","9.9","53.98796708988451","64","false","0","""done""","0","160.34847669566543","26.13221670583267","39.10410492643408","34.76367836773324","""Clay loam""","""D""","""woods-grass combination or tree farm | lightly or only occasionally grazed | good""","79","0.5480365526547996","0.306","0.1704925508555204","0.1355074491444796","1","7.2375519172233","43.49470664368795","49.26774143908875","""wood-grass""","17.53661292804556"
"35","30","[39.1096517232925 139.1096517232925 0]","""""","9.9","55.31273068648835","64","true","10","""done""","0.011767529412220479","139.95003847045314","23.08477556667852","35.736479122356165","41.17874531096532","""Clay""","""D""","""woods | used and managed but not planted | good""","77","0.5769043538993439","0.357","0.19454926969394568","0.1624507303060543","0.6774245994640995","0","49.508321580567106","50.491678419432894","""woodland""","17.475416079028356"
"36","30","[42.37312789629843 142.37312789629843 0]","""""","9.9","56.59049025572658","64","true","1","""done""","0.0011830311456955123","136.96100096547042","21.423196895680732","44.0745474844488","34.50225561987046","""Clay loam""","""D""","""woods-grass combination or tree farm | lightly or only occasionally grazed | good""","79","0.546860150289417","0.306","0.17159052639654407","0.13440947360345593","1","5.854940353061892","44.75493979863351","49.39011984830461","""wood-grass""","17.530494007584768"
"37","30","[46.18841799488882 146.18841799488882 0]","""""","9.9","58.084303347796265","64","true","12","""done""","0.014104365902709914","178.4741968628452","23.192150873768224","44.41853080126059","32.38931832497119","""Clay loam""","""D""","""woods | used and managed but not planted | good""","77","0.5373519324623703","0.306","0.180464863035121","0.125535136964879","0.9843284716636109","0","49.26355795494361","50.73644204505639","""woodland""","17.46317789774718"
"38","30","[48.65607097287068 148.65607097287068 0]","""""","9.9","59.050471641671486","64","true","20","""done""","0.023396584075973448","141.37484147676847","22.898688906122253","38.35062959643523","38.750681497442514","""Clay loam""","""D""","""woods | used and managed but not planted | good""","77","0.5659780667384913","0.306","0.15374713771074144","0.15225286228925855","1","0","48.284973609580675","51.715026390419325","""woodland""","17.414248680479034"
"39","30","[53.737416802890806 153.7374168028908 0]","""""","9.9","61.0399877020681","32","true","3","""done""","0.003544896404737763","157.73994897583253","22.636936033727185","39.06697158283631","38.29609238343651","""Clay loam""","""D""","""woods-grass combination or tree farm | lightly or only occasionally grazed | good""","79","0.5639324157254643","0.306","0.15565641198956667","0.15034358801043332","1","3.0709855053506487","47.29411736840723","49.63489712624213","""wood-grass""","17.518255143687888"
"40","30","[57.945567377011514 157.9455673770115 0]","""""","9.9","62.68761874940172","64","true","13","""done""","0.01527071114425227","167.40474447113243","23.90917143494164","37.62972281489064","38.46110575016772","""Clay loam""","""D""","""woods | used and managed but not planted | good""","77","0.5646749758757548","0.306","0.1549633558492956","0.1510366441507044","1","0","49.14118864617969","50.85881135382031","""woodland""","17.457059432308984"
"41","30","[61.541412708482994 161.541412708483 0]","""""","9.9","64.09551190939874","64","true","1","""done""","0.0011830311456955123","143.5055049876148","23.208338228743465","39.23765566481394","37.554006106442586","""Clay loam""","""D""","""woods-grass combination or tree farm | lightly or only occasionally grazed | good""","79","0.5605930274789916","0.306","0.15877317435294117","0.14722682564705883","1","5.854940353061892","44.75493979863351","49.39011984830461","""wood-grass""","17.530494007584768"
"42","30","[66.40983296301573 166.40983296301573 0]","""""","9.9","66.00166051828309","64","true","3","""done""","0.003544896404737763","169.24347917194137","22.234932932439268","41.759903709959865","36.00516335760088","""Clay loam""","""D""","""woods-grass combination or tree farm | lightly or only occasionally grazed | good""","79","0.553623235109204","0.306","0.16527831389807632","0.14072168610192368","1","3.0709855053506487","47.29411736840723","49.63489712624213","""wood-grass""","17.518255143687888"
"43","30","[69.43268983139001 169.43268983139 0]","""""","9.9","67.18520961907062","64","true","18","""done""","0.02108177262926547","157.3390432205846","27.91689018845499","39.996693225506256","32.08641658603876","""Clay loam""","""D""","""woods | used and managed but not planted | good""","77","0.5359888746371744","0.306","0.18173705033863718","0.1242629496613628","1","0","48.52952574745245","51.47047425254755","""woodland""","17.426476287372623"
"44","30","[73.29661003595419 173.2966100359542 0]","""""","9.9","68.69806301662042","32","true","9","""done""","0.010597034888850443","178.09583122249572","23.300956217875033","39.98649228413907","36.7125514979859","""Clay loam""","""D""","""woods | used and managed but not planted | good""","77","0.5568064817409365","0.306","0.16230728370845923","0.14369271629154076","0.9864196832879298","0","49.63071296516659","50.36928703483341","""woodland""","17.48153564825833"
"45","30","[78.25062094484062 178.25062094484062 0]","""""","9.9","70.63772321616456","32","true","7","""done""","0.008251885085253763","141.52222859397247","21.029156558866603","43.84448195084546","35.126361490287934","""Clay loam""","""D""","""woods | used and managed but not planted | good""","77","0.5496686267062957","0.306","0.16896928174079068","0.13703071825920932","1","0","49.87550754506712","50.12449245493288","""woodland""","17.493775377253357"
"46","30","[82.43203312862755 182.43203312862755 0]","""""","9.9","72.27488529350919","32","true","5","""done""","0.005901176649031781","179.16947673573992","25.015603421878524","39.50375887352534","35.48063770459614","""Clay loam""","""D""","""woods-grass combination or tree farm | lightly or only occasionally grazed | good""","79","0.5512628696706826","0.306","0.1674813216406962","0.1385186783593038","0.9805087151563441","0.2729377906510422","49.84737030260629","49.87969190674267","""wood-grass""","17.506015404662865"
"47","30","[87.03455785326668 187.03455785326668 0]","""""","9.9","74.07692695025779","32","true","1","""done""","0.0011830311456955123","167.31309358841114","27.453940397731476","38.315564572375024","34.230495029893504","""Clay loam""","""D""","""woods-grass combination or tree farm | lightly or only occasionally grazed | good""","79","0.5456372276345207","0.306","0.1727319208744473","0.1332680791255527","1","5.854940353061892","44.75493979863351","49.39011984830461","""wood-grass""","17.530494007584768"
"48","30","[93.42843946931453 193.42843946931453 0]","""""","9.9","76.5803444677684","32","false","0","""done""","0","142.30344445998625","21.12558904924728","41.69611400754471","37.17829694320802","""Clay loam""","""D""","""woods-grass combination or tree farm | lightly or only occasionally grazed | good""","79","0.5589023362444361","0.306","0.16035115283852633","0.14564884716147367","1","7.2375519172233","43.49470664368795","49.26774143908875","""wood-grass""","17.53661292804556"
"49","30","[95.76738314475779 195.7673831447578 0]","""""","9.9","77.49611878471526","2","false","0","""done""","0","167.37656310959161","23.34374613882676","37.47533389913462","39.18091996203862","""Clay loam""","""D""","""woods-grass combination or tree farm | lightly or only occasionally grazed | good""","79","0.5679141398291738","0.306","0.1519401361594378","0.1540598638405622","1","7.2375519172233","43.49470664368795","49.26774143908875","""wood-grass""","17.53661292804556"
"0","29","[115.64067146058778 215.64067146058778 0]","""""","9.9","85.2771727810105","32","false","0","""done""","0","160.99430609061088","27.189072767523683","37.96177614323081","34.84915108924551","""Clay loam""","""D""","""woods-grass combination or tree farm | lightly or only occasionally grazed | good""","79","0.5484211799016048","0.306","0.17013356542516886","0.13586643457483114","1","7.2375519172233","43.49470664368795","49.26774143908875","""wood-grass""","17.53661292804556"
"1","29","[112.40265765337602 212.40265765337602 0]","""""","9.9","84.00938257567267","2","false","0","""done""","0","148.31618604349867","23.241331039759796","37.09061559766031","39.66805336257989","""Clay loam""","""D""","""woods-grass combination or tree farm | lightly or only occasionally grazed | good""","79","0.5701062401316095","0.306","0.14989417587716447","0.15610582412283552","1","7.2375519172233","43.49470664368795","49.26774143908875","""wood-grass""","17.53661292804556"
"2","29","[107.41150139031157 207.41150139031157 0]","""""","9.9","82.05517873332633","4","true","2","""done""","0.002364662728699396","144.03182792810904","25.063090169518293","38.50800405948008","36.42890577100164","""Clay loam""","""D""","""woods-grass combination or tree farm | lightly or only occasionally grazed | good""","79","0.5555300759695074","0.306","0.16349859576179313","0.14250140423820687","1","4.46554699695929","46.02194743691256","49.51250556612814","""wood-grass""","17.524374721693594"
"3","29","[105.06250910246649 205.0625091024665 0]","""""","9.9","81.13547005008618","2","false","0","""done""","0","142.4005953004928","23.572685635641594","39.80195813298188","36.625356231376514","""Clay loam""","""D""","""woods-grass combination or tree farm | lightly or only occasionally grazed | good""","79","0.5564141030411943","0.306","0.16267350382821866","0.14332649617178134","1","7.2375519172233","43.49470664368795","49.26774143908875","""wood-grass""","17.53661292804556"
"4","29","[99.78526317349207 199.78526317349207 0]","""""","9.9","79.06925257905141","4","true","5","""done""","0.005901176649031781","150.04762340483074","20.981699388833885","43.784584531763336","35.233716079402775","""Clay loam""","""D""","""woods-grass combination or tree farm | lightly or only occasionally grazed | good""","79","0.5501517223573125","0.306","0.16851839246650835","0.13748160753349165","1","0.2729377906510422","49.84737030260629","49.87969190674267","""wood-grass""","17.506015404662865"
"5","29","[96.18316176920067 196.18316176920067 0]","""""","9.9","77.65890995826848","4","true","2","""done""","0.002364662728699396","115.76162733879565","21.852474405664196","37.616657483415445","40.53086811092036","""Clay""","""D""","""woods-grass combination or tree farm | lightly or only occasionally grazed | good""","79","0.5739889064991416","0.357","0.1972703539341345","0.15972964606586548","0.8189725812886828","4.46554699695929","46.02194743691256","49.51250556612814","""wood-grass""","17.524374721693594"
"6","29","[91.98985285969547 191.98985285969547 0]","""""","9.9","76.01708991673988","2","true","1","""done""","0.0011830311456955123","144.2940373355067","19.285538352341703","36.77114902952476","43.94331261813354","""Clay""","""D""","""woods-grass combination or tree farm | lightly or only occasionally grazed | good""","79","0.5893449067816009","0.357","0.18293808700383915","0.17406191299616083","0.6570306057442545","5.854940353061892","44.75493979863351","49.39011984830461","""wood-grass""","17.530494007584768"
"7","29","[86.9966940973004 186.9966940973004 0]","""""","9.9","74.06210202923847","2","true","2","""done""","0.002364662728699396","114.77421595237169","24.29428832676181","41.20593818065274","34.49977349258546","""Clay loam""","""D""","""woods-grass combination or tree farm | lightly or only occasionally grazed | good""","79","0.5468489807166346","0.306","0.17160095133114106","0.13439904866885893","1","4.46554699695929","46.02194743691256","49.51250556612814","""wood-grass""","17.524374721693594"
"8","29","[81.90286737885486 181.90286737885486 0]","""""","9.9","72.06769928551012","4","true","14","""done""","0.01643567656304723","179.27354000592058","25.96958934704325","38.30479221393338","35.72561843902338","""Clay loam""","""D""","""woods | used and managed but not planted | good""","77","0.5523652829756052","0.306","0.16645240255610183","0.13954759744389816","0.9799395573021709","0","49.01882962762967","50.98117037237033","""woodland""","17.450941481381484"
"9","29","[79.16215184171855 179.16215184171855 0]","""""","9.9","70.99461790893913","4","true","2","""done""","0.002364662728699396","145.62858193196496","25.75033200928193","37.41478703772994","36.83488095298813","""Clay loam""","""D""","""woods-grass combination or tree farm | lightly or only occasionally grazed | good""","79","0.5573569642884466","0.306","0.16179349999744988","0.14420650000255011","1","4.46554699695929","46.02194743691256","49.51250556612814","""wood-grass""","17.524374721693594"
"10","29","[74.78182803530484 174.78182803530484 0]","""""","9.9","69.27957530917905","4","false","0","""done""","0","127.83987903096423","21.166632828407934","40.28124157683109","38.55212559476098","""Clay loam""","""D""","""woods-grass combination or tree farm | lightly or only occasionally grazed | good""","79","0.5650845651764245","0.306","0.1545810725020039","0.1514189274979961","1","7.2375519172233","43.49470664368795","49.26774143908875","""wood-grass""","17.53661292804556"
"11","29","[70.2036103289403 170.2036103289403 0]","""""","9.9","67.48705065931314","4","true","3","""done""","0.003544896404737763","184.08594728805528","22.965361918092835","42.50055893142682","34.53407915048033","""Clay loam""","""D""","""woods-grass combination or tree farm | lightly or only occasionally grazed | good""","79","0.5470033561771614","0.306","0.17145686756798262","0.13454313243201738","0.9543218046649558","3.0709855053506487","47.29411736840723","49.63489712624213","""wood-grass""","17.518255143687888"
"12","29","[65.58511736957735 165.58511736957735 0]","""""","9.9","65.67875690705638","4","true","33","""done""","0.03831001274303936","160.27881824503763","24.059366108906453","40.336926386750314","35.603707504343234","""Clay loam""","""D""","""woods | used and managed but not planted | good""","77","0.5518166837695445","0.306","0.16696442848175844","0.13903557151824156","1","0","46.697907123351655","53.302092876648345","""woodland""","17.334895356167586"
"13","29","[61.369820390246986 161.36982039024699 0]","""""","9.9","64.02832780416537","4","true","4","""done""","0.004723733827578291","161.6346816659221","23.898743175076284","40.18433948737967","35.91691733754404","""Clay loam""","""D""","""woods-grass combination or tree farm | lightly or only occasionally grazed | good""","79","0.5532261280189482","0.306","0.16564894718231504","0.14035105281768495","1","1.672896220173925","48.569810717776754","49.75729306204932","""wood-grass""","17.512135346897534"
"14","29","[57.3079394481465 157.3079394481465 0]","""""","9.9","62.43796618736987","4","true","1","""done""","0.0011830311456955123","150.70486725213814","24.93967092108164","39.483901073790335","35.576428005128015","""Clay loam""","""D""","""woods-grass combination or tree farm | lightly or only occasionally grazed | good""","79","0.5516939260230761","0.306","0.16707900237846235","0.13892099762153765","1","5.854940353061892","44.75493979863351","49.39011984830461","""wood-grass""","17.530494007584768"
"15","29","[52.9003678944392 152.9003678944392 0]","""""","9.9","60.71225518741355","4","true","10","""done""","0.011767529412220479","152.6855236555959","25.669073000011196","38.64154847848915","35.689378521499656","""Clay loam""","""D""","""woods | used and managed but not planted | good""","77","0.5522022033467484","0.306","0.16660461020970146","0.13939538979029853","1","0","49.508321580567106","50.491678419432894","""woodland""","17.475416079028356"
"16","29","[49.71869979993062 149.71869979993062 0]","""""","9.9","59.466526204458006","4","false","0","""done""","0","130.11523852075376","26.25212432415894","38.874272057750616","34.87360361809044","""Clay loam""","""D""","""woods-grass combination or tree farm | lightly or only occasionally grazed | good""","79","0.548531216281407","0.306","0.17003086480402016","0.13596913519597983","1","7.2375519172233","43.49470664368795","49.26774143908875","""wood-grass""","17.53661292804556"
"17","29","[46.22473323000955 146.22473323000955 0]","""""","9.9","58.09852197135126","2","true","7","""done""","0.008251885085253763","179.50408949805256","25.231711605798026","39.99798056490651","34.77030782929547","""Clay loam""","""D""","""woods | used and managed but not planted | good""","77","0.5480663852318296","0.306","0.17046470711695905","0.13553529288304095","0.9786809532899291","0","49.87550754506712","50.12449245493288","""woodland""","17.493775377253357"
"18","29","[40.77385029636406 140.77385029636406 0]","""""","9.9","55.96431983227217","2","true","8","""done""","0.009425153993882662","177.2339686541348","26.819596967947497","35.60985918357746","37.57054384847504","""Clay loam""","""D""","""woods | used and managed but not planted | good""","77","0.5606674473181377","0.306","0.15870371583640486","0.14729628416359514","0.9912164962700921","0","49.753108775600275","50.246891224399725","""woodland""","17.487655438780013"
"19","29","[36.28866086795077 136.28866086795077 0]","""""","9.9","54.20821885031755","4","true","17","""done""","0.01992231019702717","177.55302530167143","20.259431954338663","39.571887700359326","40.16868034530202","""Clay""","""D""","""woods | used and managed but not planted | good""","77","0.5723590615538591","0.357","0.19879154254973153","0.15820845745026846","0.5339565383059658","0","48.65182896075311","51.34817103924689","""woodland""","17.432591448037655"
"20","29","[32.119393616851255 132.11939361685126 0]","""""","9.9","52.57581191844861","2","true","1","""done""","0.0011830311456955123","178.33071886922872","23.64818105244095","39.25829621752228","37.09352273003679","""Clay loam""","""D""","""woods-grass combination or tree farm | lightly or only occasionally grazed | good""","79","0.5585208522851656","0.306","0.1607072045338455","0.1452927954661545","0.9851204242507444","5.854940353061892","44.75493979863351","49.39011984830461","""wood-grass""","17.530494007584768"
"21","29","[27.392593694759384 127.39259369475938 0]","""""","9.9","50.72511238453281","4","true","3","""done""","0.003544896404737763","138.24873643749459","22.785637874505962","37.89953937878018","39.314822746713865","""Clay loam""","""D""","""woods-grass combination or tree farm | lightly or only occasionally grazed | good""","79","0.5685167023602123","0.306","0.15137774446380178","0.1546222555361982","1","3.0709855053506487","47.29411736840723","49.63489712624213","""wood-grass""","17.518255143687888"
"22","29","[23.98591203067923 123.98591203067923 0]","""""","9.9","49.391283097948055","4","false","0","""done""","0","158.72442055797825","23.138913154841568","39.77793977912327","37.08314706603516","""Clay loam""","""D""","""woods-grass combination or tree farm | lightly or only occasionally grazed | good""","79","0.5584741617971583","0.306","0.16075078232265233","0.14524921767734766","1","7.2375519172233","43.49470664368795","49.26774143908875","""wood-grass""","17.53661292804556"
"23","29","[19.48932802091568 119.48932802091568 0]","""""","9.9","47.6307207580469","2","true","119","""done""","0.13139260572610723","149.22175247528767","20.685043186841646","44.595269219122365","34.71968759403598","""Clay loam""","""D""","""woods | used and managed but not planted | good""","77","0.5478385941731619","0.306","0.17067731210504888","0.1353226878949511","1","0","36.50912343920303","63.49087656079697","""woodland""","16.82545617196015"
"24","29","[14.615798745986055 114.61579874598605 0]","""""","9.9","45.7225717975879","4","true","121","""done""","0.13344656925721932","151.81234185561703","28.526094645220336","36.737503763327695","34.73640159145197","""Clay loam""","""D""","""woods | used and managed but not planted | good""","77","0.5479138071615339","0.306","0.17060711331590173","0.13539288668409827","1","0","36.28244554438837","63.71755445561163","""woodland""","16.81412227721942"
"25","29","[11.474930218316644 111.47493021831664 0]","""""","9.9","44.49281720334729","2","true","7","""done""","0.008251885085253763","163.06022478426016","21.393290701665837","41.74024571953377","36.8664635788004","""Clay loam""","""D""","""woods | used and managed but not planted | good""","77","0.5574990861046017","0.306","0.16166085296903834","0.14433914703096165","1","0","49.87550754506712","50.12449245493288","""woodland""","17.493775377253357"
"26","29","[8.067287903807312 108.06728790380731 0]","""""","9.9","43.158611790137584","2","true","8","""done""","0.009425153993882662","190.9353233411102","17.19210161198979","44.56192016227736","38.245978225732856","""Silty clay loam""","""D""","""woods | used and managed but not planted | good""","77","0.5637069020157979","0.2365","0.086366891451922","0.150133108548078","0.6272503249750688","0","49.753108775600275","50.246891224399725","""woodland""","17.487655438780013"
"27","29","[7.855720583563709 107.85572058356371 0]","""""","9.9","43.07577614077222","8","true","552","""done""","0.47973645404456244","193.0977372625949","19.9547783459552","41.94862246953043","38.09659918451436","""Silty clay loam""","""D""","""woods | used and managed but not planted | good""","77","0.5630346963303146","0.2365","0.0869942834250397","0.14950571657496028","0.6202260332655427","0","6.456670167640766","93.54332983235923","""woodland""","15.32283350838204"
"28","29","[9.351513401937893 109.3515134019379 0]","""""","9.9","43.66142882703498","32","true","13","""done""","0.01527071114425227","159.38633793538975","23.631486223796653","40.59820508735002","35.77030868885333","""Clay loam""","""D""","""woods | used and managed but not planted | good""","77","0.55256638909984","0.306","0.16626470350681602","0.13973529649318397","1","0","49.14118864617969","50.85881135382031","""woodland""","17.457059432308984"
"29","29","[13.908780840150868 113.90878084015087 0]","""""","9.9","45.44575074944414","32","true","12","""done""","0.014104365902709914","132.65128512127382","21.56307499761501","42.90574398336504","35.531181019019954","""Clay loam""","""D""","""woods | used and managed but not planted | good""","77","0.5514903145855898","0.306","0.1672690397201162","0.1387309602798838","1","0","49.26355795494361","50.73644204505639","""woodland""","17.46317789774718"
"30","29","[19.131237262160866 119.13123726216087 0]","""""","9.9","47.49051630445247","32","true","3","""done""","0.003544896404737763","169.2086533972569","25.21683020395199","38.33005946214685","36.45311033390117","""Clay loam""","""D""","""woods-grass combination or tree farm | lightly or only occasionally grazed | good""","79","0.5556389965025552","0.306","0.1633969365976151","0.1426030634023849","1","3.0709855053506487","47.29411736840723","49.63489712624213","""wood-grass""","17.518255143687888"
"31","29","[24.883203327128072 124.88320332712807 0]","""""","9.9","49.74260251309048","32","false","0","""done""","0","159.93645040347494","25.768741872043716","40.1840834995934","34.047174628362875","""Clay loam""","""D""","""woods-grass combination or tree farm | lightly or only occasionally grazed | good""","79","0.544812285827633","0.306","0.17350186656087593","0.13249813343912406","1","7.2375519172233","43.49470664368795","49.26774143908875","""wood-grass""","17.53661292804556"
"32","29","[29.237260232807984 129.23726023280798 0]","""""","9.9","51.44736074673676","64","true","1","""done""","0.0011830311456955123","168.829890095286","20.51114422358536","40.17638175967255","39.31247401674208","""Clay loam""","""D""","""woods-grass combination or tree farm | lightly or only occasionally grazed | good""","79","0.5685061330753394","0.306","0.15138760912968327","0.15461239087031672","1","5.854940353061892","44.75493979863351","49.39011984830461","""wood-grass""","17.530494007584768"
"33","29","[33.405576824108124 133.40557682410812 0]","""""","9.9","53.079395463644914","64","true","1","""done""","0.0011830311456955123","143.89260555897943","22.061107836311248","42.20389699770676","35.734995165982006","""Clay loam""","""D""","""woods-grass combination or tree farm | lightly or only occasionally grazed | good""","79","0.552407478246919","0.306","0.16641302030287558","0.1395869796971244","1","5.854940353061892","44.75493979863351","49.39011984830461","""wood-grass""","17.530494007584768"
"34","29","[37.49854549698949 137.4985454969895 0]","""""","9.9","54.68192896201251","64","true","9","""done""","0.010597034888850443","173.00239914359972","25.415677281881536","41.60930514537715","32.97501757274131","""Clay loam""","""D""","""woods | used and managed but not planted | good""","77","0.5399875790773359","0.306","0.17800492619448652","0.12799507380551348","1","0","49.63071296516659","50.36928703483341","""woodland""","17.48153564825833"
"35","29","[42.10994512880609 142.1099451288061 0]","""""","9.9","56.487445440384114","32","false","0","""done""","0","168.35526561818776","23.84982375778258","40.831598363213146","35.31857787900428","""Clay loam""","""D""","""woods-grass combination or tree farm | lightly or only occasionally grazed | good""","79","0.5505336004555192","0.306","0.16816197290818202","0.13783802709181797","1","7.2375519172233","43.49470664368795","49.26774143908875","""wood-grass""","17.53661292804556"
"36","29","[46.06872620225684 146.06872620225684 0]","""""","9.9","58.03744002620691","64","true","9","""done""","0.010597034888850443","166.09292697644895","25.887543910248056","41.429501119304796","32.68295497044715","""Clay loam""","""D""","""woods | used and managed but not planted | good""","77","0.5386732973670122","0.306","0.179231589124122","0.126768410875878","1","0","49.63071296516659","50.36928703483341","""woodland""","17.48153564825833"
"37","29","[49.067268191995424 149.06726819199542 0]","""""","9.9","59.2114690425187","64","false","0","""done""","0","192.0620938373235","25.566497294161675","38.19976274229971","36.23373996353861","""Clay loam""","""D""","""woods-grass combination or tree farm | lightly or only occasionally grazed | good""","79","0.5546518298359238","0.306","0.16431829215313784","0.14168170784686215","0.9146897751629917","7.2375519172233","43.49470664368795","49.26774143908875","""wood-grass""","17.53661292804556"
"38","29","[52.8704777201782 152.8704777201782 0]","""""","9.9","60.70055218908799","64","true","11","""done""","0.012936639204113476","194.56359511845423","19.62659439499432","36.555199856721465","43.81820574828422","""Clay""","""D""","""woods | used and managed but not planted | good""","77","0.588781925867279","0.357","0.1834635358572063","0.1735364641427937","0.48727306204489323","0","49.385936088390636","50.614063911609364","""woodland""","17.469296804419532"
"39","29","[56.98268377008392 156.98268377008392 0]","""""","9.9","62.31061776101053","64","true","15","""done""","0.017599263791468034","178.5880856889284","23.417293140694397","43.09932511588959","33.48338174341601","""Clay loam""","""D""","""woods | used and managed but not planted | good""","77","0.542275217845372","0.306","0.17586979667765276","0.13013020332234723","0.9837007477385484","0","48.89648236433116","51.10351763566884","""woodland""","17.44482411821656"
"40","29","[60.785165223876106 160.7851652238761 0]","""""","9.9","63.799415842216874","64","true","2","""done""","0.002364662728699396","186.8675270332782","19.035087541088068","42.713289805720635","38.251622653191305","""Silty clay loam""","""D""","""woods-grass combination or tree farm | lightly or only occasionally grazed | good""","79","0.5637323019393609","0.2365","0.08634318485659653","0.15015681514340345","0.6409045248059769","4.46554699695929","46.02194743691256","49.51250556612814","""wood-grass""","17.524374721693594"
"41","29","[64.54299913834339 164.5429991383434 0]","""""","9.9","65.2707329253736","64","true","12","""done""","0.014104365902709914","150.69237996176219","23.34976274996756","39.73040047575819","36.91983677427425","""Clay loam""","""D""","""woods | used and managed but not planted | good""","77","0.5577392654842341","0.306","0.16143668554804816","0.14456331445195184","1","0","49.26355795494361","50.73644204505639","""woodland""","17.46317789774718"
"42","29","[68.73846987694674 168.73846987694674 0]","""""","9.9","66.91339939496564","64","false","0","""done""","0","149.97970292768622","23.012367655845914","41.591835388995506","35.39579695515857","""Clay loam""","""D""","""woods-grass combination or tree farm | lightly or only occasionally grazed | good""","79","0.5508810862982136","0.306","0.167837652788334","0.13816234721166598","1","7.2375519172233","43.49470664368795","49.26774143908875","""wood-grass""","17.53661292804556"
"43","29","[72.85870554459612 172.85870554459612 0]","""""","9.9","68.52660882955651","64","true","2","""done""","0.002364662728699396","180.99272762543373","23.652555517415433","38.69939377690837","37.64805070567619","""Clay loam""","""D""","""woods-grass combination or tree farm | lightly or only occasionally grazed | good""","79","0.5610162281755429","0.306","0.15837818703616002","0.14762181296383997","0.9706314487561104","4.46554699695929","46.02194743691256","49.51250556612814","""wood-grass""","17.524374721693594"
"44","29","[75.73759233808153 175.73759233808153 0]","""""","9.9","69.6537888529796","64","true","7","""done""","0.008251885085253763","176.02463268955813","21.607166904715623","43.6363320709059","34.75650102437847","""Clay loam""","""D""","""woods | used and managed but not planted | good""","77","0.5480042546097031","0.306","0.17052269569761042","0.13547730430238958","0.9980264167869278","0","49.87550754506712","50.12449245493288","""woodland""","17.493775377253357"
"45","29","[80.62918813736025 180.62918813736025 0]","""""","9.9","71.56901145919122","64","false","0","""done""","0","155.52854569540506","20.799871248006692","43.09055223313831","36.109576518855","""Clay loam""","""D""","""woods-grass combination or tree farm | lightly or only occasionally grazed | good""","79","0.5540930943348474","0.306","0.164839778620809","0.141160221379191","1","7.2375519172233","43.49470664368795","49.26774143908875","""wood-grass""","17.53661292804556"
"46","29","[84.0631811414392 184.0631811414392 0]","""""","9.9","72.91353404463345","64","false","0","""done""","0","159.41943579720115","23.75267099052867","39.98016824517996","36.26716076429138","""Clay loam""","""D""","""woods-grass combination or tree farm | lightly or only occasionally grazed | good""","79","0.5548022234393112","0.306","0.1641779247899762","0.1418220752100238","1","7.2375519172233","43.49470664368795","49.26774143908875","""wood-grass""","17.53661292804556"
"47","29","[87.51870833259292 187.51870833259292 0]","""""","9.9","74.26648798123065","64","true","2","""done""","0.002364662728699396","170.83973568232506","25.894429075442307","41.40406512453143","32.70150580002627","""Clay loam""","""D""","""woods-grass combination or tree farm | lightly or only occasionally grazed | good""","79","0.5387567761001182","0.306","0.17915367563988968","0.1268463243601103","1","4.46554699695929","46.02194743691256","49.51250556612814","""wood-grass""","17.524374721693594"
"48","29","[92.70500605532197 192.70500605532197 0]","""""","9.9","76.29709620167665","32","false","0","""done""","0","125.89210924957459","23.57900773862575","42.75079983230302","33.67019242907123","""Clay loam""","""D""","""woods-grass combination or tree farm | lightly or only occasionally grazed | good""","79","0.5431158659308205","0.306","0.17508519179790086","0.13091480820209914","1","7.2375519172233","43.49470664368795","49.26774143908875","""wood-grass""","17.53661292804556"
"49","29","[96.69445353033609 196.6944535303361 0]","""""","9.9","77.85909770465602","2","false","0","""done""","0","192.01457994402654","22.24728292901717","40.77476581504237","36.97795125594047","""Clay loam""","""D""","""woods-grass combination or tree farm | lightly or only occasionally grazed | good""","79","0.5580007806517321","0.306","0.16119260472505004","0.14480739527494996","0.9149161146023695","7.2375519172233","43.49470664368795","49.26774143908875","""wood-grass""","17.53661292804556"
"0","28","[112.07496191375475 212.07496191375475 0]","""""","9.9","83.88107878397867","32","false","0","""done""","0","168.53709042102867","24.96781140344686","39.800501902970105","35.23168669358304","""Clay loam""","""D""","""woods-grass combination or tree farm | lightly or only occasionally grazed | good""","79","0.5501425901211237","0.306","0.16852691588695123","0.13747308411304876","1","7.2375519172233","43.49470664368795","49.26774143908875","""wood-grass""","17.53661292804556"
"1","28","[108.8058263874093 208.8058263874093 0]","""""","9.9","82.60110338949707","4","false","0","""done""","0","179.61952957375632","22.02022460339993","41.78142476845551","36.19835062814457","""Clay loam""","""D""","""woods-grass combination or tree farm | lightly or only occasionally grazed | good""","79","0.5544925778266505","0.306","0.16446692736179283","0.14153307263820716","0.9780519626472872","7.2375519172233","43.49470664368795","49.26774143908875","""wood-grass""","17.53661292804556"
"2","28","[106.46110299763814 206.46110299763814 0]","""""","9.9","81.68306612197283","4","false","0","""done""","0","170.50670654913125","18.273402910506032","40.169509117759475","41.557087971734504","""Silty clay""","""D""","""woods-grass combination or tree farm | lightly or only occasionally grazed | good""","79","0.5786068958728052","0.3485","0.18446023051871507","0.1640397694812849","0.823152556907816","7.2375519172233","43.49470664368795","49.26774143908875","""wood-grass""","17.53661292804556"
"3","28","[101.59397913984299 201.593979139843 0]","""""","9.9","79.77742509557086","4","true","3","""done""","0.003544896404737763","175.29490954961773","23.53811731769493","37.214673201021995","39.247209481283065","""Clay loam""","""D""","""woods-grass combination or tree farm | lightly or only occasionally grazed | good""","79","0.5682124426657738","0.306","0.15166172017861115","0.15433827982138884","1","3.0709855053506487","47.29411736840723","49.63489712624213","""wood-grass""","17.518255143687888"
"4","28","[98.64819068905157 198.64819068905157 0]","""""","9.9","78.6240508460254","2","false","0","""done""","0","163.632147596802","23.448428151314747","42.17115861443316","34.380413234252096","""Clay loam""","""D""","""woods-grass combination or tree farm | lightly or only occasionally grazed | good""","79","0.5463118595541344","0.306","0.1721022644161412","0.13389773558385878","1","7.2375519172233","43.49470664368795","49.26774143908875","""wood-grass""","17.53661292804556"
"5","28","[94.07067629878316 194.07067629878316 0]","""""","9.9","76.83180156782589","4","true","7","""done""","0.008251885085253763","150.12621424554885","23.6586453977146","39.65981391944805","36.68154068283736","""Clay loam""","""D""","""woods | used and managed but not planted | good""","77","0.556666933072768","0.306","0.16243752913208312","0.14356247086791687","1","0","49.87550754506712","50.12449245493288","""woodland""","17.493775377253357"
"6","28","[90.11456584745926 190.11456584745926 0]","""""","9.9","75.28285261947599","4","true","3","""done""","0.003544896404737763","193.64678370235137","22.452214042841504","41.14920291563407","36.398583041524425","""Clay loam""","""D""","""woods-grass combination or tree farm | lightly or only occasionally grazed | good""","79","0.55539362368686","0.306","0.16362595122559742","0.14237404877440257","0.9072044991949002","3.0709855053506487","47.29411736840723","49.63489712624213","""wood-grass""","17.518255143687888"
"7","28","[86.45708181843207 186.45708181843207 0]","""""","9.9","73.85082585731308","2","false","0","""done""","0","165.97069919162564","27.384605857753687","39.80458436037456","32.81080978187174","""Clay loam""","""D""","""woods-grass combination or tree farm | lightly or only occasionally grazed | good""","79","0.5392486440184228","0.306","0.1786945989161387","0.1273054010838613","1","7.2375519172233","43.49470664368795","49.26774143908875","""wood-grass""","17.53661292804556"
"8","28","[80.38232555724241 180.3823255572424 0]","""""","9.9","71.47235654053684","2","true","1","""done""","0.0011830311456955123","157.7943700266073","25.837474657625688","40.564341618775096","33.59818372359922","""Clay loam""","""D""","""woods-grass combination or tree farm | lightly or only occasionally grazed | good""","79","0.5427918267561964","0.306","0.17538762836088329","0.1306123716391167","1","5.854940353061892","44.75493979863351","49.39011984830461","""wood-grass""","17.530494007584768"
"9","28","[75.15663219294333 175.15663219294333 0]","""""","9.9","69.42632361485819","4","true","17","""done""","0.01992231019702717","145.616286207036","23.46826517024549","43.693147807797416","32.83858702195708","""Clay loam""","""D""","""woods | used and managed but not planted | good""","77","0.5393736415988069","0.306","0.17857793450778026","0.12742206549221974","1","0","48.65182896075311","51.34817103924689","""woodland""","17.432591448037655"
"10","28","[71.29601998030944 171.29601998030944 0]","""""","9.9","67.91476540627863","4","true","3","""done""","0.003544896404737763","155.53536767046776","19.25586394100519","42.20750324201001","38.53663281698479","""Silty clay loam""","""D""","""woods-grass combination or tree farm | lightly or only occasionally grazed | good""","79","0.5650148476764316","0.2365","0.08514614216866387","0.15135385783133612","0.7700129263761751","3.0709855053506487","47.29411736840723","49.63489712624213","""wood-grass""","17.518255143687888"
"11","28","[67.26935453419105 167.26935453419105 0]","""""","9.9","66.33819182855288","4","true","1","""done""","0.0011830311456955123","134.26248391676302","25.01513800193853","36.741171149883776","38.24369084817769","""Clay loam""","""D""","""woods-grass combination or tree farm | lightly or only occasionally grazed | good""","79","0.5636966088167996","0.306","0.1558764984376537","0.1501235015623463","1","5.854940353061892","44.75493979863351","49.39011984830461","""wood-grass""","17.530494007584768"
"12","28","[63.17323716630753 163.17323716630753 0]","""""","9.9","64.73442551126573","4","true","4","""done""","0.004723733827578291","179.62390588247948","24.342572065983024","37.12672430753731","38.53070362647966","""Clay loam""","""D""","""woods-grass combination or tree farm | lightly or only occasionally grazed | good""","79","0.5649881663191585","0.306","0.15467104476878546","0.15132895523121453","0.9780281336512814","1.672896220173925","48.569810717776754","49.75729306204932","""wood-grass""","17.512135346897534"
"13","28","[58.67086211665941 158.6708621166594 0]","""""","9.9","62.971595786454714","4","true","34","""done""","0.03944772195046786","162.46986691870862","21.716702645300973","41.01825484634818","37.26504250835085","""Clay loam""","""D""","""woods | used and managed but not planted | good""","77","0.5592926912875789","0.306","0.15998682146492643","0.14601317853507356","1","0","46.576060400197704","53.423939599802296","""woodland""","17.328803020009886"
"14","28","[54.548362022940154 154.54836202294015 0]","""""","9.9","61.35749975367031","4","true","5","""done""","0.005901176649031781","192.5064428962723","23.652704318019097","41.57925782996494","34.76803785201596","""Clay loam""","""D""","""woods-grass combination or tree farm | lightly or only occasionally grazed | good""","79","0.5480561703340718","0.306","0.170474241021533","0.135525758978467","0.9125784612001505","0.2729377906510422","49.84737030260629","49.87969190674267","""wood-grass""","17.506015404662865"
"15","28","[50.84330773382405 150.84330773382405 0]","""""","9.9","59.906847650975564","4","true","2","""done""","0.002364662728699396","179.2988676071804","23.28089603312439","40.727868102446884","35.99123586442873","""Clay loam""","""D""","""woods-grass combination or tree farm | lightly or only occasionally grazed | good""","79","0.5535605613899293","0.306","0.16533680936939935","0.14066319063060065","0.9798011318971624","4.46554699695929","46.02194743691256","49.51250556612814","""wood-grass""","17.524374721693594"
"16","28","[46.75246528517462 146.75246528517462 0]","""""","9.9","58.30514664018094","4","true","11","""done""","0.012936639204113476","151.65982969866914","22.262244309828876","40.5115508056175","37.226204884553624","""Clay loam""","""D""","""woods | used and managed but not planted | good""","77","0.5591179219804913","0.306","0.1601499394848748","0.1458500605151252","1","0","49.385936088390636","50.614063911609364","""woodland""","17.469296804419532"
"17","28","[43.041793623379846 143.04179362337985 0]","""""","9.9","56.85229514906918","4","true","1","""done""","0.0011830311456955123","149.04003586554086","20.324974906382106","41.1324334775636","38.54259161605429","""Clay loam""","""D""","""woods-grass combination or tree farm | lightly or only occasionally grazed | good""","79","0.5650416622722443","0.306","0.154621115212572","0.151378884787428","1","5.854940353061892","44.75493979863351","49.39011984830461","""wood-grass""","17.530494007584768"
"18","28","[39.32240211957415 139.32240211957415 0]","""""","9.9","55.39602954950953","2","false","0","""done""","0","165.40503373532687","23.36968094910526","41.92440454546665","34.70591450542808","""Clay loam""","""D""","""woods-grass combination or tree farm | lightly or only occasionally grazed | good""","79","0.5477766152744263","0.306","0.17073515907720208","0.13526484092279792","1","7.2375519172233","43.49470664368795","49.26774143908875","""wood-grass""","17.53661292804556"
"19","28","[34.62085562163173 134.62085562163173 0]","""""","9.9","53.55521757188413","2","true","1","""done""","0.0011830311456955123","173.23134551293944","23.740389668793537","39.880142316937224","36.379468014269236","""Clay loam""","""D""","""woods-grass combination or tree farm | lightly or only occasionally grazed | good""","79","0.5553076060642116","0.306","0.16370623434006923","0.14229376565993077","1","5.854940353061892","44.75493979863351","49.39011984830461","""wood-grass""","17.530494007584768"
"20","28","[29.952942765879527 129.95294276587953 0]","""""","9.9","51.72757428490595","2","true","20","""done""","0.023396584075973448","168.47044174566088","24.38864029706484","40.498404033953925","35.11295566898125","""Clay loam""","""D""","""woods | used and managed but not planted | good""","77","0.5496083005104156","0.306","0.16902558619027877","0.13697441380972122","1","0","48.284973609580675","51.715026390419325","""woodland""","17.414248680479034"
"21","28","[25.677420127261826 125.67742012726183 0]","""""","9.9","50.05356483137392","2","true","21","""done""","0.02455193633400432","170.89128833140157","24.58994106381278","41.43033466221426","33.97972427397296","""Clay loam""","""D""","""woods | used and managed but not planted | good""","77","0.5445087592328783","0.306","0.17378515804931358","0.13221484195068642","1","0","48.162727607139544","51.837272392860456","""woodland""","17.40813638035698"
"22","28","[21.309213199434808 121.30921319943481 0]","""""","9.9","48.343266392975124","4","true","26","""done""","0.030308227669653354","154.07871873876584","23.244809300374904","40.89902345499148","35.85616724463361","""Clay loam""","""D""","""woods | used and managed but not planted | good""","77","0.5529527526008513","0.306","0.16590409757253885","0.14009590242746114","1","0","47.551856611550924","52.448143388449076","""woodland""","17.377592830577544"
"23","28","[17.32528524295401 117.32528524295401 0]","""""","9.9","46.78342596525713","4","true","1","""done""","0.0011830311456955123","130.0518347916302","26.909093509518232","37.82311858025992","35.26778791022183","""Clay loam""","""D""","""woods-grass combination or tree farm | lightly or only occasionally grazed | good""","79","0.5503050455959982","0.306","0.16837529077706834","0.13762470922293166","1","5.854940353061892","44.75493979863351","49.39011984830461","""wood-grass""","17.530494007584768"
"24","28","[13.07746416912012 113.07746416912012 0]","""""","9.9","45.12026259657725","4","false","0","""done""","0","193.17119984735663","20.78710212610186","39.66437561266335","39.548522261234794","""Clay loam""","""D""","""woods-grass combination or tree farm | lightly or only occasionally grazed | good""","79","0.5695683501755566","0.306","0.15039620650281388","0.15560379349718612","0.909438019581669","7.2375519172233","43.49470664368795","49.26774143908875","""wood-grass""","17.53661292804556"
"25","28","[9.621645588646913 109.62164558864691 0]","""""","9.9","43.76719457136054","8","true","122","""done""","0.13447172895519732","179.35789632404854","23.42401363813022","40.733365694808796","35.842620667060984","""Clay loam""","""D""","""woods | used and managed but not planted | good""","77","0.5528917930017745","0.306","0.16596099319834387","0.14003900680165612","0.9794786682377017","0","36.169334124682386","63.830665875317614","""woodland""","16.80846670623412"
"26","28","[7.869471992800271 107.86947199280027 0]","""""","9.9","43.08116027529965","8","false","0","""done""","0","169.70054293704186","23.69751502077543","42.16339225279818","34.139092726426384","""Clay loam""","""D""","""woods-grass combination or tree farm | lightly or only occasionally grazed | good""","79","0.5452259172689187","0.306","0.1731158105490092","0.1328841894509908","1","7.2375519172233","43.49470664368795","49.26774143908875","""wood-grass""","17.53661292804556"
"27","28","[7.811881781124029 107.81188178112403 0]","""""","9.9","43.05861179013758","16","true","555","""done""","0.481580734418136","174.32818834196922","24.017477875895747","42.14997070618749","33.832551417916775","""Clay loam""","""D""","""woods | used and managed but not planted | good""","77","0.5438464813806254","0.306","0.17440328404474956","0.13159671595525044","1","0","6.368522786657948","93.63147721334205","""woodland""","15.318426139332896"
"28","28","[11.328799605813941 111.32879960581394 0]","""""","9.9","44.43560220357851","32","true","1","""done""","0.0011830311456955123","207.4687273046051","24.588491666906233","36.43244664029175","38.97906169280201","""Clay loam""","""D""","""woods-grass combination or tree farm | lightly or only occasionally grazed | good""","79","0.5670057776176091","0.306","0.15278794089023157","0.15321205910976843","0.8467648869868756","5.854940353061892","44.75493979863351","49.39011984830461","""wood-grass""","17.530494007584768"
"29","28","[16.344008611278554 116.34400861127855 0]","""""","9.9","46.39922349533737","32","false","0","""done""","0","167.45449788968563","24.270570759627187","40.57210095708474","35.15732828328807","""Clay loam""","""D""","""woods-grass combination or tree farm | lightly or only occasionally grazed | good""","79","0.5498079772747964","0.306","0.16883922121019013","0.13716077878980987","1","7.2375519172233","43.49470664368795","49.26774143908875","""wood-grass""","17.53661292804556"
"30","28","[21.232454315810685 121.23245431581068 0]","""""","9.9","48.313212734582876","64","true","7","""done""","0.008251885085253763","169.84479348234873","21.928749090258115","41.75692956918771","36.31432134055417","""Clay loam""","""D""","""woods | used and managed but not planted | good""","77","0.5550144460324937","0.306","0.1639798503696725","0.1420201496303275","1","0","49.87550754506712","50.12449245493288","""woodland""","17.493775377253357"
"31","28","[25.627648573112793 125.6276485731128 0]","""""","9.9","50.03407761093216","64","true","1","""done""","0.0011830311456955123","165.30163231302197","22.281586313235803","41.11411375851415","36.60429992825005","""Clay loam""","""D""","""woods-grass combination or tree farm | lightly or only occasionally grazed | good""","79","0.5563193496771253","0.306","0.1627619403013498","0.1432380596986502","1","5.854940353061892","44.75493979863351","49.39011984830461","""wood-grass""","17.530494007584768"
"32","28","[31.61222815008486 131.61222815008486 0]","""""","9.9","52.37723975367897","32","false","0","""done""","0","145.51922027103137","24.849400891739823","39.850799137855944","35.29979997040424","""Clay loam""","""D""","""woods-grass combination or tree farm | lightly or only occasionally grazed | good""","79","0.550449099866819","0.306","0.1682408401243022","0.13775915987569778","1","7.2375519172233","43.49470664368795","49.26774143908875","""wood-grass""","17.53661292804556"
"33","28","[35.629096013631255 135.62909601363125 0]","""""","9.9","53.9499772516471","64","false","0","""done""","0","133.84179802021973","22.1740032635431","40.333550832365155","37.49244590409175","""Clay loam""","""D""","""woods-grass combination or tree farm | lightly or only occasionally grazed | good""","79","0.5603160065684128","0.306","0.15903172720281467","0.14696827279718533","1","7.2375519172233","43.49470664368795","49.26774143908875","""wood-grass""","17.53661292804556"
"34","28","[39.55595118861868 139.55595118861868 0]","""""","9.9","55.48747178534588","64","false","0","""done""","0","167.27089734691313","23.318902864458135","40.869986335332946","35.81111080020892","""Clay loam""","""D""","""woods-grass combination or tree farm | lightly or only occasionally grazed | good""","79","0.5527499986009401","0.306","0.16609333463912254","0.13990666536087745","1","7.2375519172233","43.49470664368795","49.26774143908875","""wood-grass""","17.53661292804556"
"35","28","[43.24984898980486 143.24984898980486 0]","""""","9.9","56.93375575159475","64","true","7","""done""","0.008251885085253763","153.7244159200748","24.789542931022677","40.756360732194665","34.45409633678265","""Clay loam""","""D""","""woods | used and managed but not planted | good""","77","0.5466434335155219","0.306","0.1717927953855129","0.1342072046144871","1","0","49.87550754506712","50.12449245493288","""woodland""","17.493775377253357"
"36","28","[47.59830894788206 147.59830894788206 0]","""""","9.9","58.636322593921236","32","true","1","""done""","0.0011830311456955123","117.97640443451205","29.82165786268657","34.58561139812396","35.59273073918947","""Clay loam""","""D""","""woods-grass combination or tree farm | lightly or only occasionally grazed | good""","79","0.5517672883263526","0.306","0.16701053089540424","0.13898946910459575","1","5.854940353061892","44.75493979863351","49.39011984830461","""wood-grass""","17.530494007584768"
"37","28","[51.18336496046277 151.18336496046277 0]","""""","9.9","60.039991376374985","64","true","8","""done""","0.009425153993882662","146.00542240151117","25.28453766906276","39.0866966893953","35.62876564154193","""Clay loam""","""D""","""woods | used and managed but not planted | good""","77","0.5519294453869387","0.306","0.1668591843055239","0.1391408156944761","1","0","49.753108775600275","50.246891224399725","""woodland""","17.487655438780013"
"38","28","[56.33570622930807 156.33570622930807 0]","""""","9.9","62.05730451464872","32","true","2","""done""","0.002364662728699396","166.313458622425","26.93441113068982","37.80947242814946","35.25611644116071","""Clay loam""","""D""","""woods-grass combination or tree farm | lightly or only occasionally grazed | good""","79","0.5502525239852232","0.306","0.16842431094712504","0.13757568905287496","1","4.46554699695929","46.02194743691256","49.51250556612814","""wood-grass""","17.524374721693594"
"39","28","[59.45169479969451 159.4516947996945 0]","""""","9.9","63.277317777310586","64","true","10","""done""","0.011767529412220479","149.08202345827104","26.748803385084003","40.24380998691397","33.007386628002024","""Clay loam""","""D""","""woods | used and managed but not planted | good""","77","0.5401332398260091","0.306","0.1778689761623915","0.1281310238376085","1","0","49.508321580567106","50.491678419432894","""woodland""","17.475416079028356"
"40","28","[63.4324413588204 163.4324413588204 0]","""""","9.9","64.83591258204919","64","true","14","""done""","0.01643567656304723","178.19667130795358","19.133660349570725","42.823291521584025","38.04304812884526","""Silty clay loam""","""D""","""woods | used and managed but not planted | good""","77","0.5627937165798036","0.2365","0.08721919785884993","0.14928080214115005","0.6720902401591926","0","49.01882962762967","50.98117037237033","""woodland""","17.450941481381484"
"41","28","[66.98078730562528 166.98078730562528 0]","""""","9.9","66.22520815160179","64","true","1","""done""","0.0011830311456955123","163.56422440224333","22.199268656174365","37.01574823690484","40.784983106920805","""Clay""","""D""","""woods-grass combination or tree farm | lightly or only occasionally grazed | good""","79","0.5751324239811436","0.357","0.19620307095093262","0.16079692904906737","0.5796230752923238","5.854940353061892","44.75493979863351","49.39011984830461","""wood-grass""","17.530494007584768"
"42","28","[70.11074262063156 170.11074262063156 0]","""""","9.9","67.45068985976258","64","true","11","""done""","0.012936639204113476","145.33519339434682","29.553449835940178","38.19540254534825","32.251147618711585","""Clay loam""","""D""","""woods | used and managed but not planted | good""","77","0.5367301642842022","0.306","0.18104518000141134","0.12495481999858866","1","0","49.385936088390636","50.614063911609364","""woodland""","17.469296804419532"
"43","28","[74.77645644971619 174.7764564497162 0]","""""","9.9","69.2774721545905","32","false","0","""done""","0","178.88862705752794","25.008035069156637","42.32600075549143","32.66596417535193","""Clay loam""","""D""","""woods-grass combination or tree farm | lightly or only occasionally grazed | good""","79","0.5385968387890837","0.306","0.1793029504635219","0.1266970495364781","0.9820480838779071","7.2375519172233","43.49470664368795","49.26774143908875","""wood-grass""","17.53661292804556"
"44","28","[77.6850253492874 177.6850253492874 0]","""""","9.9","70.41627371072158","64","true","1","""done""","0.0011830311456955123","164.54180722947945","23.668577011952156","36.27662592638552","40.054797061662335","""Clay""","""D""","""woods-grass combination or tree farm | lightly or only occasionally grazed | good""","79","0.5718465867774805","0.357","0.1992698523410182","0.15773014765898177","0.576179393870463","5.854940353061892","44.75493979863351","49.39011984830461","""wood-grass""","17.530494007584768"
"45","28","[81.83108762243947 181.83108762243947 0]","""""","9.9","72.03959512118497","64","true","6","""done""","0.00707722651895526","187.47691648396963","22.467495037490266","41.88408552332073","35.648419439189","""Clay loam""","""D""","""woods | used and managed but not planted | good""","77","0.5520178874763505","0.306","0.1667766383554062","0.13922336164459378","0.9370606084425133","0","49.997907806624276","50.002092193375724","""woodland""","17.499895390331215"
"46","28","[85.7286870650276 185.7286870650276 0]","""""","9.9","73.56563506166887","32","true","4","""done""","0.004723733827578291","182.01044817957956","21.937610104119937","43.1960453783967","34.86634451748338","""Clay loam""","""D""","""woods-grass combination or tree farm | lightly or only occasionally grazed | good""","79","0.5484985503286752","0.306","0.17006135302656983","0.13593864697343017","0.9652041143048222","1.672896220173925","48.569810717776754","49.75729306204932","""wood-grass""","17.512135346897534"
"47","28","[91.10928938181536 191.10928938181536 0]","""""","9.9","75.67231999946893","32","false","0","""done""","0","155.58942569828207","23.281796625493964","39.97955673016855","36.73864664433749","""Clay loam""","""D""","""woods-grass combination or tree farm | lightly or only occasionally grazed | good""","79","0.5569239098995187","0.306","0.16219768409378255","0.14380231590621745","1","7.2375519172233","43.49470664368795","49.26774143908875","""wood-grass""","17.53661292804556"
"48","28","[93.76196322025908 193.76196322025908 0]","""""","9.9","76.71093011992136","64","false","0","""done""","0","148.63140592855655","23.20809756999635","41.28117278466919","35.51072964533447","""Clay loam""","""D""","""woods-grass combination or tree farm | lightly or only occasionally grazed | good""","79","0.5513982834040051","0.306","0.16735493548959524","0.13864506451040476","1","7.2375519172233","43.49470664368795","49.26774143908875","""wood-grass""","17.53661292804556"
"49","28","[98.7915540630853 198.7915540630853 0]","""""","9.9","78.6801823798068","2","false","0","""done""","0","174.44805473078446","22.835408263582202","40.31397522791614","36.85061650850165","""Clay loam""","""D""","""woods-grass combination or tree farm | lightly or only occasionally grazed | good""","79","0.5574277742882574","0.306","0.16172741066429308","0.1442725893357069","1","7.2375519172233","43.49470664368795","49.26774143908875","""wood-grass""","17.53661292804556"
"0","27","[110.40355076379745 210.40355076379745 0]","""""","9.9","83.22666567422328","32","false","0","""done""","0","188.96899536607373","23.417325278488512","39.636136151920915","36.94653856959058","""Clay loam""","""D""","""woods-grass combination or tree farm | lightly or only occasionally grazed | good""","79","0.5578594235631575","0.306","0.1613245380077196","0.1446754619922804","0.9296616785683287","7.2375519172233","43.49470664368795","49.26774143908875","""wood-grass""","17.53661292804556"
"1","27","[106.51158339871381 206.5115833987138 0]","""""","9.9","81.70283087958528","4","false","0","""done""","0","181.10925455235505","24.6723105574329","42.49369093533479","32.83399850723231","""Clay loam""","""D""","""woods-grass combination or tree farm | lightly or only occasionally grazed | good""","79","0.5393529932825454","0.306","0.1785972062696243","0.1274027937303757","0.9700069378763307","7.2375519172233","43.49470664368795","49.26774143908875","""wood-grass""","17.53661292804556"
"2","27","[103.21926325235762 203.21926325235762 0]","""""","9.9","80.41377793450812","4","true","1","""done""","0.0011830311456955123","142.27688648379984","23.855897713165295","39.792104476674055","36.35199781016064","""Clay loam""","""D""","""woods-grass combination or tree farm | lightly or only occasionally grazed | good""","79","0.5551839901457228","0.306","0.16382160919732533","0.14217839080267466","1","5.854940353061892","44.75493979863351","49.39011984830461","""wood-grass""","17.530494007584768"
"3","27","[99.17179001967995 199.17179001967995 0]","""""","9.9","78.82905741561248","4","true","1","""done""","0.0011830311456955123","141.575642369162","22.508177814366018","40.265549757554496","37.226272428079476","""Clay loam""","""D""","""woods-grass combination or tree farm | lightly or only occasionally grazed | good""","79","0.5591182259263576","0.306","0.16014965580206622","0.14585034419793377","1","5.854940353061892","44.75493979863351","49.39011984830461","""wood-grass""","17.530494007584768"
"4","27","[96.72044753252632 196.72044753252632 0]","""""","9.9","77.86927522190467","4","true","4","""done""","0.004723733827578291","164.87055600371326","25.359681462174144","39.38677201497014","35.253546522855714","""Clay loam""","""D""","""woods-grass combination or tree farm | lightly or only occasionally grazed | good""","79","0.5502409593528507","0.306","0.16843510460400601","0.13756489539599398","1","1.672896220173925","48.569810717776754","49.75729306204932","""wood-grass""","17.512135346897534"
"5","27","[93.23990433042295 193.23990433042295 0]","""""","9.9","76.50652668418873","4","false","0","""done""","0","160.25681202545917","24.34773894859694","41.441652795757705","34.210608255645354","""Clay loam""","""D""","""woods-grass combination or tree farm | lightly or only occasionally grazed | good""","79","0.545547737150404","0.306","0.17281544532628954","0.13318455467371046","1","7.2375519172233","43.49470664368795","49.26774143908875","""wood-grass""","17.53661292804556"
"6","27","[88.11001947374649 188.1100194737465 0]","""""","9.9","74.498005978897","2","true","8","""done""","0.009425153993882662","177.03158489476303","25.607055578486268","38.23634710437971","36.15659731713402","""Clay loam""","""D""","""woods | used and managed but not planted | good""","77","0.5543046879271031","0.306","0.16464229126803712","0.14135770873196288","0.9923496619760067","0","49.753108775600275","50.246891224399725","""woodland""","17.487655438780013"
"7","27","[83.25301686071455 183.25301686071455 0]","""""","9.9","72.59632775677585","4","true","13","""done""","0.01527071114425227","196.41080168915903","20.846874836318936","41.471963627864646","37.68116153581642","""Clay loam""","""D""","""woods | used and managed but not planted | good""","77","0.5611652269111739","0.306","0.15823912154957104","0.14776087845042896","0.8944377392615236","0","49.14118864617969","50.85881135382031","""woodland""","17.457059432308984"
"8","27","[79.07958742945641 179.0795874294564 0]","""""","9.9","70.9622911928077","4","false","0","""done""","0","151.87035199772998","22.697230873570124","37.74280767711199","39.55996144931789","""Clay loam""","""D""","""woods-grass combination or tree farm | lightly or only occasionally grazed | good""","79","0.5696198265219306","0.306","0.15034816191286487","0.15565183808713512","1","7.2375519172233","43.49470664368795","49.26774143908875","""wood-grass""","17.53661292804556"
"9","27","[74.13044853271339 174.1304485327134 0]","""""","9.9","69.02453854821651","2","false","0","""done""","0","159.0223767842019","20.907526866967043","39.7109779703872","39.38149516264576","""Clay loam""","""D""","""woods-grass combination or tree farm | lightly or only occasionally grazed | good""","79","0.5688167282319059","0.306","0.1510977203168878","0.15490227968311218","1","7.2375519172233","43.49470664368795","49.26774143908875","""wood-grass""","17.53661292804556"
"10","27","[69.08024844554302 169.08024844554302 0]","""""","9.9","67.04721708304828","2","true","19","""done""","0.022239863381334102","151.9542959158792","24.180054440609595","38.66516391841364","37.15478164097677","""Clay loam""","""D""","""woods | used and managed but not planted | good""","77","0.5587965173843954","0.306","0.16044991710789758","0.14555008289210242","1","0","48.407240143221166","51.592759856778834","""woodland""","17.42036200716106"
"11","27","[63.56273433280077 163.56273433280077 0]","""""","9.9","64.88692661907051","4","true","24","""done""","0.02800979866790232","161.64470668831174","24.48581855564923","38.356170800407845","37.158010643942916","""Clay loam""","""D""","""woods | used and managed but not planted | good""","77","0.558811047897743","0.306","0.16043635529543976","0.14556364470456024","1","0","47.796127377941986","52.203872622058014","""woodland""","17.389806368897098"
"12","27","[59.484607867102056 159.48460786710206 0]","""""","9.9","63.290204338941045","2","true","2","""done""","0.002364662728699396","181.13816998449028","21.32065643392533","42.08651875733906","36.59282480873561","""Clay loam""","""D""","""woods-grass combination or tree farm | lightly or only occasionally grazed | good""","79","0.5562677116393102","0.306","0.16281013580331047","0.14318986419668953","0.96985209381566","4.46554699695929","46.02194743691256","49.51250556612814","""wood-grass""","17.524374721693594"
"13","27","[54.712493741456285 154.71249374145629 0]","""""","9.9","61.421762785735396","4","true","8","""done""","0.009425153993882662","143.2252355242299","25.875945912680343","37.278103459029765","36.84595062828989","""Clay loam""","""D""","""woods | used and managed but not planted | good""","77","0.5574067778273045","0.306","0.16174700736118247","0.14425299263881752","1","0","49.753108775600275","50.246891224399725","""woodland""","17.487655438780013"
"14","27","[51.262053667291866 151.26205366729187 0]","""""","9.9","60.070800624799574","2","true","35","""done""","0.040584085212469256","200.98518724497842","24.512993638889853","36.346929803428765","39.14007655768138","""Clay loam""","""D""","""woods | used and managed but not planted | good""","77","0.5677303445095663","0.306","0.1521116784577382","0.15388832154226179","0.8740805023370402","0","46.454254522102936","53.545745477897064","""woodland""","17.322712726105145"
"15","27","[47.53393395019677 147.53393395019677 0]","""""","9.9","58.611117639157825","4","true","42","""done""","0.04850107509025958","170.06301514945568","25.641563940680676","37.11854733942665","37.23988871989268","""Clay loam""","""D""","""woods | used and managed but not planted | good""","77","0.559179499239517","0.306","0.16009246737645075","0.14590753262354925","1","0","45.60287761944638","54.39712238055362","""woodland""","17.280143880972318"
"16","27","[44.82926073707711 144.8292607370771 0]","""""","9.9","57.55214803235884","2","true","3","""done""","0.003544896404737763","141.0643602700947","21.686579679158342","41.28092582747203","37.03249449336963","""Clay loam""","""D""","""woods-grass combination or tree farm | lightly or only occasionally grazed | good""","79","0.5582462252201633","0.306","0.16096352312784756","0.14503647687215243","1","3.0709855053506487","47.29411736840723","49.63489712624213","""wood-grass""","17.518255143687888"
"17","27","[40.6791350499295 140.6791350499295 0]","""""","9.9","55.92723566003719","2","true","16","""done""","0.018761474459957017","157.5311221669474","24.45141182836097","40.54855393399043","35.000034237648585","""Clay loam""","""D""","""woods | used and managed but not planted | good""","77","0.5491001540694186","0.306","0.16949985620187596","0.13650014379812403","1","0","48.77414832075861","51.22585167924139","""woodland""","17.438707416037932"
"18","27","[36.78470537483645 136.78470537483645 0]","""""","9.9","54.402436789055386","2","true","19","""done""","0.022239863381334102","157.65894072990537","24.23174553224669","37.464729692405406","38.30352477534792","""Clay loam""","""D""","""woods | used and managed but not planted | good""","77","0.5639658614890656","0.306","0.15562519594353877","0.15037480405646123","1","0","48.407240143221166","51.592759856778834","""woodland""","17.42036200716106"
"19","27","[32.85367091396864 132.85367091396864 0]","""""","9.9","52.863305925797825","2","true","20","""done""","0.023396584075973448","148.64450697794788","25.47326365193399","37.86427443690407","36.66246191116195","""Clay loam""","""D""","""woods | used and managed but not planted | good""","77","0.5565810786002288","0.306","0.16251765997311984","0.14348234002688015","1","0","48.284973609580675","51.715026390419325","""woodland""","17.414248680479034"
"20","27","[28.147249005844685 128.14724900584469 0]","""""","9.9","51.0205850627744","2","true","21","""done""","0.02455193633400432","183.07268073275614","23.181417887803413","41.71788716042969","35.1006949517669","""Clay loam""","""D""","""woods | used and managed but not planted | good""","77","0.549553127282951","0.306","0.16907708120257905","0.13692291879742094","0.9596037635229859","0","48.162727607139544","51.837272392860456","""woodland""","17.40813638035698"
"21","27","[23.929451441689466 123.92945144168947 0]","""""","9.9","49.369176897675096","4","true","22","""done""","0.02570592177432951","171.24133271772837","16.2073110584805","42.792021052373016","41.000667889146484","""Silty clay""","""D""","""woods | used and managed but not planted | good""","77","0.5761030055011591","0.3485","0.18679719486558477","0.1617028051344152","0.8196212283468026","0","48.040503595523745","51.959496404476255","""woodland""","17.40202517977619"
"22","27","[20.00913608638784 120.00913608638784 0]","""""","9.9","47.83424292110669","2","false","0","""done""","0","141.92244769425503","20.651687384672513","41.16793546412171","38.180377151205775","""Clay loam""","""D""","""woods-grass combination or tree farm | lightly or only occasionally grazed | good""","79","0.5634116971804259","0.306","0.15614241596493575","0.14985758403506425","1","7.2375519172233","43.49470664368795","49.26774143908875","""wood-grass""","17.53661292804556"
"23","27","[15.057152419058667 115.05715241905867 0]","""""","9.9","45.89537645412306","4","true","28","""done""","0.032601221662009294","171.62096247797675","23.16033064582743","40.51949417729514","36.32017517687744","""Clay loam""","""D""","""woods | used and managed but not planted | good""","77","0.5550407882959485","0.306","0.16395526425711476","0.14204473574288523","1","0","47.30770293090386","52.69229706909614","""woodland""","17.365385146545194"
"24","27","[10.861615706382835 110.86161570638284 0]","""""","9.9","44.25268415348523","2","true","2","""done""","0.002364662728699396","148.55174300129073","21.676389816829214","39.67217188901501","38.651438294155774","""Clay loam""","""D""","""woods-grass combination or tree farm | lightly or only occasionally grazed | good""","79","0.5655314723237009","0.306","0.15416395916454576","0.15183604083545424","1","4.46554699695929","46.02194743691256","49.51250556612814","""wood-grass""","17.524374721693594"
"25","27","[7.6266973328427525 107.62669733284275 0]","""""","9.9","42.98610591348289","4","true","127","""done""","0.13957936417736372","140.77359895932562","22.5650072129462","38.29428501054467","39.140707776509124","""Clay loam""","""D""","""woods | used and managed but not planted | good""","77","0.567733184994291","0.306","0.1521090273386617","0.1538909726613383","1","0","35.606093989083774","64.39390601091623","""woodland""","16.780304699454188"
"26","27","[7.6140658701170025 107.614065870117 0]","""""","9.9","42.98116027529965","8","true","561","""done""","0.48524970499244924","233.58974265839612","20.588472298077537","40.212554405654","39.19897329626848","""Clay loam""","""D""","""woods | used and managed but not planted | good""","77","0.5679953798332081","0.306","0.15186431215567242","0.15413568784432757","0.7520759748697823","0","6.19558369879762","93.80441630120238","""woodland""","15.309779184939881"
"27","27","[7.937819298191997 107.937819298192 0]","""""","9.9","43.10792052077602","32","true","3","""done""","0.003544896404737763","137.42153894232518","20.28942695747629","39.567726717209496","40.14284632531421","""Clay""","""D""","""woods-grass combination or tree farm | lightly or only occasionally grazed | good""","79","0.572242808463914","0.357","0.1989000454336803","0.15809995456631967","0.6898889321536507","3.0709855053506487","47.29411736840723","49.63489712624213","""wood-grass""","17.518255143687888"
"28","27","[12.38845059725962 112.38845059725962 0]","""""","9.9","44.85049084458408","32","true","2","""done""","0.002364662728699396","147.45828115546928","22.264441255662593","41.23899839791879","36.49656034641861","""Clay loam""","""D""","""woods-grass combination or tree farm | lightly or only occasionally grazed | good""","79","0.5558345215588838","0.306","0.16321444654504183","0.14278555345495816","1","4.46554699695929","46.02194743691256","49.51250556612814","""wood-grass""","17.524374721693594"
"29","27","[18.316429049713093 118.3164290497131 0]","""""","9.9","47.1714917627197","32","true","1","""done""","0.0011830311456955123","188.419119976916","21.55064043154414","41.14704867833539","37.30231089012045","""Clay loam""","""D""","""woods-grass combination or tree farm | lightly or only occasionally grazed | good""","79","0.559460399005542","0.306","0.15983029426149412","0.14616970573850588","0.9323747688181421","5.854940353061892","44.75493979863351","49.39011984830461","""wood-grass""","17.530494007584768"
"30","27","[23.548594774484698 123.5485947744847 0]","""""","9.9","49.22005883300088","32","false","0","""done""","0","170.09915602733162","24.778097207555174","41.43591124948403","33.7859915429608","""Clay loam""","""D""","""woods-grass combination or tree farm | lightly or only occasionally grazed | good""","79","0.5436369619433236","0.306","0.17459883551956465","0.13140116448043535","1","7.2375519172233","43.49470664368795","49.26774143908875","""wood-grass""","17.53661292804556"
"31","27","[27.001155895735522 127.00115589573552 0]","""""","9.9","50.571851454484836","64","true","6","""done""","0.00707722651895526","162.92287788034102","21.102878937459714","42.67725990548035","36.219861157059945","""Clay loam""","""D""","""woods | used and managed but not planted | good""","77","0.5545893752067698","0.306","0.16437658314034825","0.14162341685965174","1","0","49.997907806624276","50.002092193375724","""woodland""","17.499895390331215"
"32","27","[31.607729998671573 131.60772999867157 0]","""""","9.9","52.37547857764841","32","true","5","""done""","0.005901176649031781","165.28508796497027","26.542934055021387","39.98271535271755","33.47435059226107","""Clay loam""","""D""","""woods-grass combination or tree farm | lightly or only occasionally grazed | good""","79","0.5422345776651748","0.306","0.17590772751250353","0.13009227248749647","1","0.2729377906510422","49.84737030260629","49.87969190674267","""wood-grass""","17.506015404662865"
"33","27","[36.33410085481887 136.33410085481887 0]","""""","9.9","54.226010117962474","32","true","4","""done""","0.004723733827578291","136.65287187859263","19.069643202779467","39.45451210782834","41.4758446893922","""Clay""","""D""","""woods-grass combination or tree farm | lightly or only occasionally grazed | good""","79","0.5782413011022649","0.357","0.19330145230455278","0.1636985476954472","0.6937695304351946","1.672896220173925","48.569810717776754","49.75729306204932","""wood-grass""","17.512135346897534"
"34","27","[40.161542266406315 140.16154226640631 0]","""""","9.9","55.724580853611485","32","true","3","""done""","0.003544896404737763","173.30872542650062","21.8880651579035","40.67712758912806","37.434807252968426","""Clay loam""","""D""","""woods-grass combination or tree farm | lightly or only occasionally grazed | good""","79","0.5600566326383579","0.306","0.15927380953753262","0.14672619046246738","1","3.0709855053506487","47.29411736840723","49.63489712624213","""wood-grass""","17.518255143687888"
"35","27","[46.136546213299994 146.1365462133 0]","""""","9.9","58.063993818391154","32","false","0","""done""","0","155.8993895955914","25.412122592200998","36.83010936488875","37.75776804291024","""Clay loam""","""D""","""woods-grass combination or tree farm | lightly or only occasionally grazed | good""","79","0.5615099561930961","0.306","0.157917374219777","0.148082625780223","1","7.2375519172233","43.49470664368795","49.26774143908875","""wood-grass""","17.53661292804556"
"36","27","[49.639197865617376 149.63919786561738 0]","""""","9.9","59.43539855039944","64","true","4","""done""","0.004723733827578291","183.00517106239712","20.913280364334934","44.18282993876291","34.90388969690216","""Clay loam""","""D""","""woods-grass combination or tree farm | lightly or only occasionally grazed | good""","79","0.5486675036360598","0.306","0.16990366327301093","0.13609633672698906","0.959957756436818","1.672896220173925","48.569810717776754","49.75729306204932","""wood-grass""","17.512135346897534"
"37","27","[54.361290350313254 154.36129035031325 0]","""""","9.9","61.28425496585491","64","false","0","""done""","0","177.85403312978372","22.4970456543388","40.07925027071108","37.423704074950116","""Clay loam""","""D""","""woods-grass combination or tree farm | lightly or only occasionally grazed | good""","79","0.5600066683372755","0.306","0.15932044288520952","0.14667955711479047","0.9877607515439336","7.2375519172233","43.49470664368795","49.26774143908875","""wood-grass""","17.53661292804556"
"38","27","[58.56285523451294 158.56285523451294 0]","""""","9.9","62.92930749633396","64","true","4","""done""","0.004723733827578291","174.14557176629472","22.63738165520336","40.83564867175131","36.52696967304533","""Clay loam""","""D""","""woods-grass combination or tree farm | lightly or only occasionally grazed | good""","79","0.555971363528704","0.306","0.16308672737320964","0.14291327262679035","1","1.672896220173925","48.569810717776754","49.75729306204932","""wood-grass""","17.512135346897534"
"39","27","[63.190993387362994 163.190993387363 0]","""""","9.9","64.74137766294828","64","true","1","""done""","0.0011830311456955123","147.14622241616968","22.522855855100747","40.62304077800275","36.85410336689651","""Clay loam""","""D""","""woods-grass combination or tree farm | lightly or only occasionally grazed | good""","79","0.5574434651510343","0.306","0.16171276585903469","0.1442872341409653","1","5.854940353061892","44.75493979863351","49.39011984830461","""wood-grass""","17.530494007584768"
"40","27","[65.3467731602546 165.3467731602546 0]","""""","9.9","65.58543721416152","64","true","9","""done""","0.010597034888850443","172.85175909819833","23.75438804173291","39.88310328968271","36.3625086685844","""Clay loam""","""D""","""woods | used and managed but not planted | good""","77","0.5552312890086297","0.306","0.16377746359194556","0.14222253640805443","1","0","49.63071296516659","50.36928703483341","""woodland""","17.48153564825833"
"41","27","[69.61417065075366 169.61417065075366 0]","""""","9.9","67.25626540170302","64","true","13","""done""","0.01527071114425227","124.57796791160462","22.624107827549658","38.618685367953816","38.757206804496526","""Clay loam""","""D""","""woods | used and managed but not planted | good""","77","0.5660074306202344","0.306","0.1537197314211146","0.15228026857888538","1","0","49.14118864617969","50.85881135382031","""woodland""","17.457059432308984"
"42","27","[72.43135804037527 172.43135804037527 0]","""""","9.9","68.35928805441958","64","false","0","""done""","0","169.2292815880618","20.69276325401925","42.26853513074019","37.03870161524056","""Clay loam""","""D""","""woods-grass combination or tree farm | lightly or only occasionally grazed | good""","79","0.5582741572685825","0.306","0.16093745321598965","0.14506254678401034","1","7.2375519172233","43.49470664368795","49.26774143908875","""wood-grass""","17.53661292804556"
"43","27","[75.73795258676668 175.73795258676668 0]","""""","9.9","69.65392990233323","64","true","9","""done""","0.010597034888850443","171.78624350531442","24.672782000865965","42.315590677282465","33.01162732185157","""Clay loam""","""D""","""woods | used and managed but not planted | good""","77","0.540152322948332","0.306","0.17785116524822342","0.12814883475177657","1","0","49.63071296516659","50.36928703483341","""woodland""","17.48153564825833"
"44","27","[80.31002929466797 180.31002929466797 0]","""""","9.9","71.44405014685492","32","false","0","""done""","0","168.27655607096585","22.35540570643283","43.16208112339473","34.48251317017243","""Clay loam""","""D""","""woods-grass combination or tree farm | lightly or only occasionally grazed | good""","79","0.546771309265776","0.306","0.1716734446852758","0.1343265553147242","1","7.2375519172233","43.49470664368795","49.26774143908875","""wood-grass""","17.53661292804556"
"45","27","[83.62942928796599 183.629429287966 0]","""""","9.9","72.7437057535509","64","false","0","""done""","0","123.09929201381114","24.85773671702083","41.828383798670494","33.31387948430868","""Clay loam""","""D""","""woods-grass combination or tree farm | lightly or only occasionally grazed | good""","79","0.541512457679389","0.306","0.17658170616590357","0.12941829383409642","1","7.2375519172233","43.49470664368795","49.26774143908875","""wood-grass""","17.53661292804556"
"46","27","[87.80840244725576 187.80840244725576 0]","""""","9.9","74.37991287160499","64","false","0","""done""","0","150.10482706881717","22.09635828277579","37.59762286213587","40.30601885508834","""Clay""","""D""","""woods-grass combination or tree farm | lightly or only occasionally grazed | good""","79","0.5729770848478976","0.357","0.19821472080862898","0.158785279191371","0.631595936034538","7.2375519172233","43.49470664368795","49.26774143908875","""wood-grass""","17.53661292804556"
"47","27","[91.79811591372464 191.79811591372464 0]","""""","9.9","75.94201851909426","64","true","2","""done""","0.002364662728699396","152.17441450715341","22.64762290113806","41.058792297835275","36.29358480102666","""Clay loam""","""D""","""woods-grass combination or tree farm | lightly or only occasionally grazed | good""","79","0.55492113160462","0.306","0.16406694383568804","0.14193305616431195","1","4.46554699695929","46.02194743691256","49.51250556612814","""wood-grass""","17.524374721693594"
"48","27","[94.93753841653847 194.93753841653847 0]","""""","9.9","77.17120694646292","32","false","0","""done""","0","155.13548488767506","25.656533250808216","40.43638399575812","33.90708275343366","""Clay loam""","""D""","""woods-grass combination or tree farm | lightly or only occasionally grazed | good""","79","0.5441818723904515","0.306","0.17409025243557863","0.13190974756442136","1","7.2375519172233","43.49470664368795","49.26774143908875","""wood-grass""","17.53661292804556"
"49","27","[100.88865480947635 200.88865480947635 0]","""""","9.9","79.50126713860547","2","false","0","""done""","0","141.8297307874694","23.44977662059937","40.045917266181945","36.504306113218675","""Clay loam""","""D""","""woods-grass combination or tree farm | lightly or only occasionally grazed | good""","79","0.5558693775094841","0.306","0.1631819143244816","0.1428180856755184","1","7.2375519172233","43.49470664368795","49.26774143908875","""wood-grass""","17.53661292804556"
"0","26","[107.75588244009941 207.7558824400994 0]","""""","9.9","82.19001537943714","32","false","0","""done""","0","184.8825844868612","25.374521952515412","36.079551213775545","38.545926833709046","""Clay loam""","""D""","""woods-grass combination or tree farm | lightly or only occasionally grazed | good""","79","0.5650566707516906","0.306","0.15460710729842203","0.15139289270157796","0.9502097448333726","7.2375519172233","43.49470664368795","49.26774143908875","""wood-grass""","17.53661292804556"
"1","26","[103.02422054737036 203.02422054737036 0]","""""","9.9","80.33741222215238","4","false","0","""done""","0","162.94040936105435","26.255727905691597","38.88759607426837","34.85667602004002","""Clay loam""","""D""","""woods-grass combination or tree farm | lightly or only occasionally grazed | good""","79","0.5484550420901801","0.306","0.17010196071583192","0.13589803928416808","1","7.2375519172233","43.49470664368795","49.26774143908875","""wood-grass""","17.53661292804556"
"2","26","[101.16313105710114 201.16313105710114 0]","""""","9.9","79.60873372740184","2","true","1","""done""","0.0011830311456955123","177.10172974211338","21.809109561330025","43.25625526946453","34.934635169205436","""Clay loam""","""D""","""woods-grass combination or tree farm | lightly or only occasionally grazed | good""","79","0.5488058582614245","0.306","0.16977453228933717","0.13622546771066282","0.9919566211194389","5.854940353061892","44.75493979863351","49.39011984830461","""wood-grass""","17.530494007584768"
"3","26","[96.11884144217976 196.11884144217976 0]","""""","9.9","77.63372640889027","4","true","4","""done""","0.004723733827578291","175.35536147700626","24.945579800684257","40.16896555208062","34.88545464723512","""Clay loam""","""D""","""woods-grass combination or tree farm | lightly or only occasionally grazed | good""","79","0.548584545912558","0.306","0.1699810904816125","0.1360189095183875","1","1.672896220173925","48.569810717776754","49.75729306204932","""wood-grass""","17.512135346897534"
"4","26","[93.77381029217656 193.77381029217656 0]","""""","9.9","76.71556864298927","4","true","2","""done""","0.002364662728699396","172.71291930743647","25.631206427331335","38.65509754158929","35.71369603107938","""Clay loam""","""D""","""woods-grass combination or tree farm | lightly or only occasionally grazed | good""","79","0.5523116321398572","0.306","0.16650247666946663","0.13949752333053336","1","4.46554699695929","46.02194743691256","49.51250556612814","""wood-grass""","17.524374721693594"
"5","26","[90.55988388020353 190.55988388020353 0]","""""","9.9","75.45720945480389","2","true","5","""done""","0.005901176649031781","162.36070725273632","24.760508866811165","40.617984384720955","34.62150674846789","""Clay loam""","""D""","""woods-grass combination or tree farm | lightly or only occasionally grazed | good""","79","0.5473967803681055","0.306","0.17108967165643488","0.13491032834356512","1","0.2729377906510422","49.84737030260629","49.87969190674267","""wood-grass""","17.506015404662865"
"6","26","[85.90724128906402 185.90724128906402 0]","""""","9.9","73.63554498479857","4","true","7","""done""","0.008251885085253763","178.49557216915215","23.1673034502967","41.092176067678984","35.7405204820243","""Clay loam""","""D""","""woods | used and managed but not planted | good""","77","0.5524323421691093","0.306","0.16638981397549796","0.13961018602450204","0.9842105957839307","0","49.87550754506712","50.12449245493288","""woodland""","17.493775377253357"
"7","26","[81.34270361204258 181.34270361204258 0]","""""","9.9","71.84837652185541","4","false","0","""done""","0","151.18170260431035","23.015541493094858","39.59048957711123","37.393968929793914","""Clay loam""","""D""","""woods-grass combination or tree farm | lightly or only occasionally grazed | good""","79","0.5598728601840726","0.306","0.15944533049486556","0.14655466950513443","1","7.2375519172233","43.49470664368795","49.26774143908875","""wood-grass""","17.53661292804556"
"8","26","[77.33250468214175 177.33250468214175 0]","""""","9.9","70.27825013343138","2","true","14","""done""","0.01643567656304723","196.63316381752662","24.013516728497105","36.405153928627826","39.58132934287507","""Clay loam""","""D""","""woods | used and managed but not planted | good""","77","0.5697159820429378","0.306","0.1502584167599247","0.15574158324007528","0.8934262665499363","0","49.01882962762967","50.98117037237033","""woodland""","17.450941481381484"
"9","26","[71.95514238390905 171.95514238390905 0]","""""","9.9","68.1728337707622","2","true","16","""done""","0.018761474459957017","196.7081496613804","23.557147350516438","39.271626259969075","37.17122638951449","""Clay loam""","""D""","""woods | used and managed but not planted | good""","77","0.5588705187528151","0.306","0.16038084916403916","0.14561915083596083","0.8930856892905106","0","48.77414832075861","51.22585167924139","""woodland""","17.438707416037932"
"10","26","[67.11309404834049 167.11309404834049 0]","""""","9.9","66.2770106461251","2","true","17","""done""","0.01992231019702717","178.5405757291314","20.908978880726742","38.897059837769746","40.19396128150352","""Clay""","""D""","""woods | used and managed but not planted | good""","77","0.5724728257667658","0.357","0.1986853626176852","0.15831463738231477","0.5310030975797014","0","48.65182896075311","51.34817103924689","""woodland""","17.432591448037655"
"11","26","[62.043571554600476 162.04357155460048 0]","""""","9.9","64.29212381550414","4","true","18","""done""","0.02108177262926547","141.51520721500611","25.10061910039974","40.49971184247677","34.39966905712349","""Clay loam""","""D""","""woods | used and managed but not planted | good""","77","0.5463985107570557","0.306","0.17202138996008134","0.13397861003991865","1","0","48.52952574745245","51.47047425254755","""woodland""","17.426476287372623"
"12","26","[57.24905758634901 157.249057586349 0]","""""","9.9","62.41491197818379","4","true","25","""done""","0.02915969334938906","151.48501748285562","23.943396501311238","40.414212532563","35.64239096612577","""Clay loam""","""D""","""woods | used and managed but not planted | good""","77","0.5519907593475659","0.306","0.1668019579422718","0.1391980420577282","1","0","47.67397808568956","52.32602191431044","""woodland""","17.38369890428448"
"13","26","[53.71807628475466 153.71807628475466 0]","""""","9.9","61.032415245334114","2","false","0","""done""","0","157.18490283819997","22.659051913801846","39.21290977311443","38.12803831308373","""Clay loam""","""D""","""woods-grass combination or tree farm | lightly or only occasionally grazed | good""","79","0.5631761724088767","0.306","0.15636223908504834","0.14963776091495165","1","7.2375519172233","43.49470664368795","49.26774143908875","""wood-grass""","17.53661292804556"
"14","26","[48.30539641513667 148.30539641513667 0]","""""","9.9","58.913170877676535","4","true","10","""done""","0.011767529412220479","191.18016440051534","22.044479456543105","38.070265293658935","39.88525524979796","""Clay loam""","""D""","""woods | used and managed but not planted | good""","77","0.5710836486240908","0.306","0.14898192795084858","0.1570180720491514","0.9189093124815897","0","49.508321580567106","50.491678419432894","""woodland""","17.475416079028356"
"15","26","[46.77255749517431 146.7725574951743 0]","""""","9.9","58.3130134093048","8","false","0","""done""","0","154.4652840910242","25.696487570713625","38.86753577776623","35.435976651520136","""Clay loam""","""D""","""woods-grass combination or tree farm | lightly or only occasionally grazed | good""","79","0.5510618949318407","0.306","0.16766889806361543","0.13833110193638457","1","7.2375519172233","43.49470664368795","49.26774143908875","""wood-grass""","17.53661292804556"
"16","26","[43.08390698010268 143.08390698010268 0]","""""","9.9","56.868783930262204","4","true","43","""done""","0.04962672795352363","138.23726078205578","24.676658689057202","38.71934291526103","36.60399839568178","""Clay loam""","""D""","""woods | used and managed but not planted | good""","77","0.5563179927805679","0.306","0.16276320673813655","0.14323679326186345","1","0","45.48145011479693","54.51854988520307","""woodland""","17.274072505739845"
"17","26","[39.48694041509981 139.4869404150998 0]","""""","9.9","55.460451770009584","2","false","0","""done""","0","148.18733772283676","24.00482413947591","40.0866381280504","35.90853773247368","""Clay loam""","""D""","""woods-grass combination or tree farm | lightly or only occasionally grazed | good""","79","0.5531884197961315","0.306","0.16568414152361055","0.14031585847638944","1","7.2375519172233","43.49470664368795","49.26774143908875","""wood-grass""","17.53661292804556"
"18","26","[35.21532886713561 135.2153288671356 0]","""""","9.9","53.78797363867626","4","true","1","""done""","0.0011830311456955123","153.46292880503736","27.156748799242465","36.99166015236267","35.851591048394866","""Clay loam""","""D""","""woods-grass combination or tree farm | lightly or only occasionally grazed | good""","79","0.5529321597177769","0.306","0.1659233175967416","0.1400766824032584","1","5.854940353061892","44.75493979863351","49.39011984830461","""wood-grass""","17.530494007584768"
"19","26","[32.62562280656974 132.62562280656974 0]","""""","9.9","52.7740174995835","4","false","0","""done""","0","167.82380861939137","25.187970656865634","36.28174337767938","38.53028596545499","""Clay loam""","""D""","""woods-grass combination or tree farm | lightly or only occasionally grazed | good""","79","0.5649862868445474","0.306","0.15467279894508904","0.15132720105491096","1","7.2375519172233","43.49470664368795","49.26774143908875","""wood-grass""","17.53661292804556"
"20","26","[28.09359504967088 128.09359504967088 0]","""""","9.9","50.999577752687195","4","false","0","""done""","0","150.36509315461464","22.750064572644902","39.95396658088991","37.295968846465186","""Clay loam""","""D""","""woods-grass combination or tree farm | lightly or only occasionally grazed | good""","79","0.5594318598090933","0.306","0.15985693084484623","0.14614306915515377","1","7.2375519172233","43.49470664368795","49.26774143908875","""wood-grass""","17.53661292804556"
"21","26","[23.297738369312015 123.29773836931201 0]","""""","9.9","49.12184019887527","4","false","0","""done""","0","155.81116379881473","21.638753884036014","42.1922298078969","36.16901630806707","""Clay loam""","""D""","""woods-grass combination or tree farm | lightly or only occasionally grazed | good""","79","0.5543605733863018","0.306","0.16459013150611831","0.14140986849388168","1","7.2375519172233","43.49470664368795","49.26774143908875","""wood-grass""","17.53661292804556"
"22","26","[18.000968356961977 118.00096835696198 0]","""""","9.9","47.04797839920401","4","true","23","""done""","0.026858542013937226","161.99048150302346","28.3978210793817","34.998681848089184","36.603497072529116","""Clay loam""","""D""","""woods | used and managed but not planted | good""","77","0.556315736826381","0.306","0.16276531229537772","0.14323468770462228","1","0","47.918303033307154","52.081696966692846","""woodland""","17.395915151665356"
"23","26","[13.423657588871265 113.42365758887127 0]","""""","9.9","45.25580884586605","2","false","0","""done""","0","168.52287385005337","25.113959808816244","39.16201802347743","35.72402216770634","""Clay loam""","""D""","""woods-grass combination or tree farm | lightly or only occasionally grazed | good""","79","0.5523580997546785","0.306","0.1664591068956334","0.1395408931043666","1","7.2375519172233","43.49470664368795","49.26774143908875","""wood-grass""","17.53661292804556"
"24","26","[8.833871491121613 108.83387149112161 0]","""""","9.9","43.45875478563849","8","true","30","""done""","0.03488879349693452","167.38625247118551","21.015156780859282","38.49457661072932","40.490266608411396","""Clay""","""D""","""woods | used and managed but not planted | good""","77","0.5738061997378513","0.357","0.19744088024467213","0.15955911975532786","0.5663882030703341","0","47.063677948182715","52.936322051817285","""woodland""","17.353183897409135"
"25","26","[7.629974887008373 107.62997488700837 0]","""""","9.9","42.98738918505492","4","false","0","""done""","0","148.1549270623077","23.683543725652605","38.69591299816868","37.62054327617871","""Clay loam""","""D""","""woods-grass combination or tree farm | lightly or only occasionally grazed | good""","79","0.5608924447428042","0.306","0.15849371824004943","0.14750628175995056","1","7.2375519172233","43.49470664368795","49.26774143908875","""wood-grass""","17.53661292804556"
"26","26","[7.600314460880426 107.60031446088043 0]","""""","9.9","42.97577614077222","8","true","762","""done""","0.5942440414144621","206.2487723862757","23.29820444617805","39.472404372551175","37.22939118127077","""Clay loam""","""D""","""woods | used and managed but not planted | good""","77","0.5591322603157185","0.306","0.16013655703866278","0.14586344296133721","0.8517734743185547","0","2.4092308187311744","97.59076918126883","""woodland""","15.12046154093656"
"27","26","[9.365494131557341 109.36549413155734 0]","""""","9.9","43.66690274812684","32","true","71","""done""","0.08061005765715978","160.58075618898047","23.375709276321828","40.88552734131669","35.73876338236148","""Clay loam""","""D""","""woods | used and managed but not planted | good""","77","0.5524244352206267","0.306","0.16639719379408177","0.13960280620591822","1","0","42.10840034019151","57.89159965980849","""woodland""","17.10542001700958"
"28","26","[14.347315129160933 114.34731512916093 0]","""""","9.9","45.617451523256","32","true","69","""done""","0.07843085745386158","177.1644970910272","20.739623154917457","41.390992889871335","37.86938395521122","""Clay loam""","""D""","""woods | used and managed but not planted | good""","77","0.5620122277984505","0.306","0.1574485873881129","0.1485514126118871","0.9916051822681595","0","42.347285844023276","57.652714155976724","""woodland""","17.117364292201167"
"29","26","[19.228586474296492 119.22858647429649 0]","""""","9.9","47.52863176194929","32","true","58","""done""","0.06635259786863013","161.67697091920564","25.68756478515355","38.345094013428835","35.96734120141761","""Clay loam""","""D""","""woods | used and managed but not planted | good""","77","0.5534530354063792","0.306","0.16543716695404606","0.14056283304595393","1","0","43.667272411638734","56.332727588361266","""woodland""","17.183363620581936"
"30","26","[24.404011491492923 124.40401149149292 0]","""""","9.9","49.55498295620563","32","true","57","""done""","0.0652467556670443","154.0563610840495","23.197002475403625","41.838468755532645","34.96452876906373","""Clay loam""","""D""","""woods | used and managed but not planted | good""","77","0.5489403794607868","0.306","0.16964897916993232","0.13635102083006767","1","0","43.78774657032658","56.21225342967342","""woodland""","17.18938732851633"
"31","26","[27.56487081944445 127.56487081944445 0]","""""","9.9","50.79256461428953","32","true","56","""done""","0.06413960367016314","159.57533836478822","24.76433140715177","40.94285185686516","34.29281673598307","""Clay loam""","""D""","""woods | used and managed but not planted | good""","77","0.5459176753119238","0.306","0.17247016970887113","0.13352983029112886","1","0","43.908294036370556","56.091705963629444","""woodland""","17.195414701818528"
"32","26","[32.07994140157314 132.07994140157314 0]","""""","9.9","52.5603650627258","32","true","55","""done""","0.06303114032662271","158.23534918842537","29.18180384202293","39.10155674085241","31.716639417124657","""Clay loam""","""D""","""woods | used and managed but not planted | good""","77","0.5343248773770609","0.306","0.1832901144480764","0.12270988555192357","1","0","44.02891343057347","55.97108656942653","""woodland""","17.201445671528674"
"33","26","[36.27636812911615 136.27636812911615 0]","""""","9.9","54.20340583381447","32","true","48","""done""","0.05523504851438821","163.1094128959464","26.672153590352934","38.50184928234457","34.82599712730249","""Clay loam""","""D""","""woods | used and managed but not planted | good""","77","0.5483169870728613","0.306","0.17023081206532953","0.13576918793467047","1","0","44.87514663350761","55.12485336649239","""woodland""","17.243757331675383"
"34","26","[42.9185336019533 142.9185336019533 0]","""""","9.9","56.80403474711342","32","false","0","""done""","0","126.03462350895171","22.439417346944275","42.46063316540963","35.0999494876461","""Clay loam""","""D""","""woods-grass combination or tree farm | lightly or only occasionally grazed | good""","79","0.5495497726944074","0.306","0.1690802121518864","0.1369197878481136","1","7.2375519172233","43.49470664368795","49.26774143908875","""wood-grass""","17.53661292804556"
"35","26","[47.42870426120078 147.42870426120078 0]","""""","9.9","58.56991671261368","64","true","1","""done""","0.0011830311456955123","143.77174723246293","19.137786570536797","43.239276306205234","37.62293712325797","""Silty clay loam""","""D""","""woods-grass combination or tree farm | lightly or only occasionally grazed | good""","79","0.5609032170546608","0.2365","0.08898366408231653","0.14751633591768346","0.8330165412908682","5.854940353061892","44.75493979863351","49.39011984830461","""wood-grass""","17.530494007584768"
"36","26","[52.562169297308174 152.56216929730817 0]","""""","9.9","60.57983917734381","32","false","0","""done""","0","177.74008049019972","21.664218554692297","40.98414536500946","37.351636080298235","""Clay loam""","""D""","""woods-grass combination or tree farm | lightly or only occasionally grazed | good""","79","0.5596823623613421","0.306","0.15962312846274743","0.14637687153725257","0.9883940242678205","7.2375519172233","43.49470664368795","49.26774143908875","""wood-grass""","17.53661292804556"
"37","26","[56.23744644535668 156.23744644535668 0]","""""","9.9","62.0188325379713","64","true","3","""done""","0.003544896404737763","146.38282272438042","27.160261888723337","37.419232422939714","35.42050568833695","""Clay loam""","""D""","""woods-grass combination or tree farm | lightly or only occasionally grazed | good""","79","0.5509922755975163","0.306","0.16773387610898483","0.13826612389101517","1","3.0709855053506487","47.29411736840723","49.63489712624213","""wood-grass""","17.518255143687888"
"38","26","[60.81146212493218 160.81146212493218 0]","""""","9.9","63.80971195445561","32","false","0","""done""","0","132.70462757580628","23.876064386604472","42.87494948355268","33.24898612984284","""Clay loam""","""D""","""woods-grass combination or tree farm | lightly or only occasionally grazed | good""","79","0.5412204375842928","0.306","0.17685425825466008","0.1291457417453399","1","7.2375519172233","43.49470664368795","49.26774143908875","""wood-grass""","17.53661292804556"
"39","26","[64.76268795657114 164.76268795657114 0]","""""","9.9","65.35674841158031","64","true","3","""done""","0.003544896404737763","140.69845803718636","22.60508785324665","42.25357714779382","35.14133499895952","""Clay loam""","""D""","""woods-grass combination or tree farm | lightly or only occasionally grazed | good""","79","0.5497360074953178","0.306","0.16890639300437002","0.13709360699562997","1","3.0709855053506487","47.29411736840723","49.63489712624213","""wood-grass""","17.518255143687888"
"40","26","[67.91538005957466 167.91538005957466 0]","""""","9.9","66.59113232919418","64","false","0","""done""","0","170.99794943322746","22.928224384131713","41.814436284085225","35.25733933178305","""Clay loam""","""D""","""woods-grass combination or tree farm | lightly or only occasionally grazed | good""","79","0.5502580269930237","0.306","0.1684191748065112","0.1375808251934888","1","7.2375519172233","43.49470664368795","49.26774143908875","""wood-grass""","17.53661292804556"
"41","26","[71.38103407466429 171.38103407466429 0]","""""","9.9","67.94805125450408","64","true","8","""done""","0.009425153993882662","177.10026416041165","24.345567036095318","36.694440573506434","38.95999239039825","""Clay loam""","""D""","""woods | used and managed but not planted | good""","77","0.566919965756792","0.306","0.15286803196032736","0.15313196803967263","0.991964829991852","0","49.753108775600275","50.246891224399725","""woodland""","17.487655438780013"
"42","26","[73.32699101996019 173.3269910199602 0]","""""","9.9","68.70995818330117","64","true","12","""done""","0.014104365902709914","176.56629131625522","21.454995439892215","38.733612243322526","39.81139231678526","""Clay loam""","""D""","""woods | used and managed but not planted | good""","77","0.5707512654255337","0.306","0.14929215226950193","0.15670784773049806","0.9949647360193573","0","49.26355795494361","50.73644204505639","""woodland""","17.46317789774718"
"43","26","[77.55064686039913 177.55064686039913 0]","""""","9.9","70.36366005859902","32","true","11","""done""","0.012936639204113476","114.17504735836852","23.278713678477256","41.643218701714865","35.07806761980788","""Clay loam""","""D""","""woods | used and managed but not planted | good""","77","0.5494513042891355","0.306","0.1691721159968069","0.1368278840031931","1","0","49.385936088390636","50.614063911609364","""woodland""","17.469296804419532"
"44","26","[81.30573541050865 181.30573541050865 0]","""""","9.9","71.83390224021113","64","true","7","""done""","0.008251885085253763","164.61154898024176","22.88670312841968","41.14592469151503","35.96737218006529","""Clay loam""","""D""","""woods | used and managed but not planted | good""","77","0.5534531748102938","0.306","0.1654370368437258","0.1405629631562742","1","0","49.87550754506712","50.12449245493288","""woodland""","17.493775377253357"
"45","26","[84.46788495575942 184.46788495575942 0]","""""","9.9","73.07198906132155","32","true","6","""done""","0.00707722651895526","159.99456871965603","24.558217028380525","37.75460474826158","37.68717822335789","""Clay loam""","""D""","""woods | used and managed but not planted | good""","77","0.5611923020051105","0.306","0.15821385146189687","0.14778614853810312","1","0","49.997907806624276","50.002092193375724","""woodland""","17.499895390331215"
"46","26","[89.1028459101139 189.1028459101139 0]","""""","9.9","74.88673058186924","32","true","4","""done""","0.004723733827578291","125.00613702368327","25.70783283962735","40.58942971529922","33.70273744507344","""Clay loam""","""D""","""woods-grass combination or tree farm | lightly or only occasionally grazed | good""","79","0.5432623185028305","0.306","0.17494850273069157","0.13105149726930843","1","1.672896220173925","48.569810717776754","49.75729306204932","""wood-grass""","17.512135346897534"
"47","26","[93.44061559341117 193.44061559341117 0]","""""","9.9","76.58511182571922","32","true","1","""done""","0.0011830311456955123","171.98030687052812","22.959177479136727","39.91959518738315","37.12122733348012","""Clay loam""","""D""","""woods-grass combination or tree farm | lightly or only occasionally grazed | good""","79","0.5586455230006605","0.306","0.1605908451993835","0.1454091548006165","1","5.854940353061892","44.75493979863351","49.39011984830461","""wood-grass""","17.530494007584768"
"48","26","[96.6107695828905 196.6107695828905 0]","""""","9.9","77.82633265322873","64","false","0","""done""","0","155.56103262396846","24.55787271070921","38.61788735083295","36.824239938457836","""Clay loam""","""D""","""woods-grass combination or tree farm | lightly or only occasionally grazed | good""","79","0.5573090797230602","0.306","0.1618381922584771","0.1441618077415229","1","7.2375519172233","43.49470664368795","49.26774143908875","""wood-grass""","17.53661292804556"
"49","26","[100.55944341935461 200.5594434193546 0]","""""","9.9","79.37236991928157","2","false","0","""done""","0","145.65414763571394","23.09973218900057","41.678431866103665","35.22183594489577","""Clay loam""","""D""","""woods-grass combination or tree farm | lightly or only occasionally grazed | good""","79","0.5500982617520309","0.306","0.16856828903143778","0.13743171096856222","1","7.2375519172233","43.49470664368795","49.26774143908875","""wood-grass""","17.53661292804556"
"0","25","[105.62966336292664 205.62966336292664 0]","""""","9.9","81.35752982473123","32","false","0","""done""","0","160.23566783846545","20.517167460379188","38.179662470346145","41.30317006927467","""Clay""","""D""","""woods-grass combination or tree farm | lightly or only occasionally grazed | good""","79","0.577464265311736","0.357","0.19402668570904638","0.1629733142909536","0.591663516835753","7.2375519172233","43.49470664368795","49.26774143908875","""wood-grass""","17.53661292804556"
"1","25","[101.52587795206549 201.52587795206549 0]","""25""","9.9","79.75076121333419","2","false","0","""done""","0","168.148481263104","23.334245113574553","41.108479273948504","35.55727561247695","""Clay loam""","""D""","""woods-grass combination or tree farm | lightly or only occasionally grazed | good""","79","0.5516077402561462","0.306","0.1671594424275968","0.13884055757240318","1","7.2375519172233","43.49470664368795","49.26774143908875","""wood-grass""","17.53661292804556"
"2","25","[97.75608663421215 197.75608663421215 0]","""""","9.9","78.27476240866648","4","true","2","""done""","0.002364662728699396","167.02021991198612","20.76330740797292","38.507441932869284","40.72925065915779","""Clay""","""D""","""woods-grass combination or tree farm | lightly or only occasionally grazed | good""","79","0.5748816279662101","0.357","0.19643714723153727","0.16056285276846272","0.5676294690893792","4.46554699695929","46.02194743691256","49.51250556612814","""wood-grass""","17.524374721693594"
"3","25","[95.27218824408101 195.272188244081 0]","""""","9.9","77.30223349509328","4","false","0","""done""","0","160.3943604645245","30.75234225380225","37.08421983466212","32.163437911535624","""Clay loam""","""D""","""woods-grass combination or tree farm | lightly or only occasionally grazed | good""","79","0.5363354706019103","0.306","0.18141356077155035","0.12458643922844963","1","7.2375519172233","43.49470664368795","49.26774143908875","""wood-grass""","17.53661292804556"
"4","25","[92.73707954115599 192.737079541156 0]","""""","9.9","76.30965403916976","4","true","5","""done""","0.005901176649031781","181.1188751269409","23.12540111769586","40.19057898899155","36.684019893312595","""Clay loam""","""D""","""woods-grass combination or tree farm | lightly or only occasionally grazed | good""","79","0.5566780895199066","0.306","0.1624271164480871","0.1435728835519129","0.9699554135717098","0.2729377906510422","49.84737030260629","49.87969190674267","""wood-grass""","17.506015404662865"
"5","25","[88.76598283083337 188.76598283083337 0]","""""","9.9","74.75483747149998","4","true","3","""done""","0.003544896404737763","145.37171696638055","16.92776940289443","41.77429913490101","41.29793146220457","""Silty clay""","""D""","""woods-grass combination or tree farm | lightly or only occasionally grazed | good""","79","0.5774406915799206","0.3485","0.1855486878587408","0.16295131214125919","0.9654768781351523","3.0709855053506487","47.29411736840723","49.63489712624213","""wood-grass""","17.518255143687888"
"6","25","[83.99432431402346 183.99432431402346 0]","""""","9.9","72.88657430432168","4","false","0","""done""","0","186.42350872556483","23.83033596178863","38.729251185381266","37.44041285283011","""Clay loam""","""D""","""woods-grass combination or tree farm | lightly or only occasionally grazed | good""","79","0.5600818578377355","0.306","0.15925026601811357","0.14674973398188643","0.942355578598246","7.2375519172233","43.49470664368795","49.26774143908875","""wood-grass""","17.53661292804556"
"7","25","[79.43557083715484 179.43557083715484 0]","""""","9.9","71.1016705483057","4","true","8","""done""","0.009425153993882662","155.07096465047164","23.89200129963695","35.61389532869992","40.49410337166312","""Clay""","""D""","""woods | used and managed but not planted | good""","77","0.5738234651724841","0.357","0.1974247658390149","0.1595752341609851","0.611369117162087","0","49.753108775600275","50.246891224399725","""woodland""","17.487655438780013"
"8","25","[75.59853538100347 175.59853538100347 0]","""""","9.9","69.5993434248054","2","true","1","""done""","0.0011830311456955123","162.67396314030546","23.021813090231255","43.29279186818806","33.685395041580676","""Clay loam""","""D""","""woods-grass combination or tree farm | lightly or only occasionally grazed | good""","79","0.543184277687113","0.306","0.17502134082536117","0.13097865917463883","1","5.854940353061892","44.75493979863351","49.39011984830461","""wood-grass""","17.530494007584768"
"9","25","[69.7504253593736 169.7504253593736 0]","""""","9.9","67.30961365631354","4","true","2","""done""","0.002364662728699396","147.70613570303098","25.37891140944551","36.72434800343685","37.89674058711762","""Clay loam""","""D""","""woods-grass combination or tree farm | lightly or only occasionally grazed | good""","79","0.5621353326420293","0.306","0.157333689534106","0.14866631046589399","1","4.46554699695929","46.02194743691256","49.51250556612814","""wood-grass""","17.524374721693594"
"10","25","[65.60338876395858 165.60338876395858 0]","""""","9.9","65.6859107662471","2","false","0","""done""","0","146.50833632523415","23.1539959239108","43.73438119466477","33.111622881424424","""Clay loam""","""D""","""woods-grass combination or tree farm | lightly or only occasionally grazed | good""","79","0.5406023029664099","0.306","0.17743118389801743","0.12856881610198256","1","7.2375519172233","43.49470664368795","49.26774143908875","""wood-grass""","17.53661292804556"
"11","25","[60.69751240720433 160.69751240720433 0]","""""","9.9","63.76509684635613","2","true","1","""done""","0.0011830311456955123","156.0108916268743","23.92126429003497","40.97193246134697","35.10680324861806","""Clay loam""","""D""","""woods-grass combination or tree farm | lightly or only occasionally grazed | good""","79","0.5495806146187813","0.306","0.16905142635580417","0.13694857364419583","1","5.854940353061892","44.75493979863351","49.39011984830461","""wood-grass""","17.530494007584768"
"12","25","[54.687858449520405 154.6878584495204 0]","""""","9.9","61.412117248785435","4","true","21","""done""","0.02455193633400432","155.3953500998583","21.973040406871778","43.745477312951785","34.28148228017643","""Clay loam""","""D""","""woods | used and managed but not planted | good""","77","0.5458666702607939","0.306","0.17251777442325902","0.13348222557674097","1","0","48.162727607139544","51.837272392860456","""woodland""","17.40813638035698"
"13","25","[51.96339430474177 151.96339430474177 0]","""""","9.9","60.34539883336312","4","true","26","""done""","0.030308227669653354","134.33498258852183","25.9484098846832","39.2057535537554","34.8458365615614","""Clay loam""","""D""","""woods | used and managed but not planted | good""","77","0.5484062645270262","0.306","0.17014748644144215","0.13585251355855785","1","0","47.551856611550924","52.448143388449076","""woodland""","17.377592830577544"
"14","25","[48.17075075858929 148.1707507585893 0]","""""","9.9","58.86045262052091","2","false","0","""done""","0","145.23260358938683","23.323599867550996","38.95527030678742","37.7211298256616","""Clay loam""","""D""","""woods-grass combination or tree farm | lightly or only occasionally grazed | good""","79","0.5613450842154772","0.306","0.1580712547322213","0.1479287452677787","1","7.2375519172233","43.49470664368795","49.26774143908875","""wood-grass""","17.53661292804556"
"15","25","[41.958986030987546 141.95898603098755 0]","""""","9.9","56.42833992786446","4","true","13","""done""","0.01527071114425227","186.67121086463055","22.95025232733323","37.88442948432895","39.16531818833782","""Clay loam""","""D""","""woods | used and managed but not planted | good""","77","0.5678439318475201","0.306","0.15200566360898116","0.15399433639101884","0.9411051260431995","0","49.14118864617969","50.85881135382031","""woodland""","17.457059432308984"
"16","25","[40.98816502940727 140.98816502940727 0]","""""","9.9","56.048231185215336","2","false","0","""done""","0","148.61415992954093","25.77456365688756","38.15154422111489","36.07389212199755","""Clay loam""","""D""","""woods-grass combination or tree farm | lightly or only occasionally grazed | good""","79","0.553932514548989","0.306","0.1649896530876103","0.1410103469123897","1","7.2375519172233","43.49470664368795","49.26774143908875","""wood-grass""","17.53661292804556"
"17","25","[36.002069990157764 136.00206999015776 0]","""""","9.9","54.09600898049058","4","true","45","""done""","0.05187404020828401","153.03850972598678","25.451011464885273","39.325810781721934","35.22317775339278","""Clay loam""","""D""","""woods | used and managed but not planted | good""","77","0.5501042998902675","0.306","0.16856265343575033","0.13743734656424966","1","0","45.23875766745444","54.76124233254556","""woodland""","17.261937883372724"
"18","25","[34.00801765292283 134.00801765292283 0]","""""","9.9","53.31527110455967","4","false","0","""done""","0","153.42870382597752","22.812381911179468","41.39946533503069","35.788152753789845","""Clay loam""","""D""","""woods-grass combination or tree farm | lightly or only occasionally grazed | good""","79","0.5526466873920544","0.306","0.16618975843408265","0.13981024156591734","1","7.2375519172233","43.49470664368795","49.26774143908875","""wood-grass""","17.53661292804556"
"19","25","[30.559239782931144 130.55923978293114 0]","""""","9.9","51.964959751895506","2","true","2","""done""","0.002364662728699396","166.92336740977035","24.599475681648876","39.94947817145799","35.451046146893134","""Clay loam""","""D""","""woods-grass combination or tree farm | lightly or only occasionally grazed | good""","79","0.5511297076610191","0.306","0.16760560618304884","0.13839439381695115","1","4.46554699695929","46.02194743691256","49.51250556612814","""wood-grass""","17.524374721693594"
"20","25","[25.188012822754814 125.18801282275481 0]","""""","9.9","49.86194557833279","2","true","4","""done""","0.004723733827578291","181.6578700710174","20.05336302162238","41.462712926238105","38.483924052139514","""Clay loam""","""D""","""woods-grass combination or tree farm | lightly or only occasionally grazed | good""","79","0.5647776582346278","0.306","0.15486751898101406","0.15113248101898594","0.9670774701955687","1.672896220173925","48.569810717776754","49.75729306204932","""wood-grass""","17.512135346897534"
"21","25","[19.954678937381203 119.9546789373812 0]","""""","9.9","47.81292113428557","4","true","6","""done""","0.00707722651895526","146.67032525844212","20.20544644294596","43.99808963393392","35.79646392312012","""Clay loam""","""D""","""woods | used and managed but not planted | good""","77","0.5526840876540405","0.306","0.1661548515228955","0.1398451484771045","1","0","49.997907806624276","50.002092193375724","""woodland""","17.499895390331215"
"22","25","[15.685194846129903 115.6851948461299 0]","""""","9.9","46.141275973082536","2","true","1","""done""","0.0011830311456955123","176.09491702435284","28.113605867620986","36.41937943476589","35.46701469761312","""Clay loam""","""D""","""woods-grass combination or tree farm | lightly or only occasionally grazed | good""","79","0.5512015661392591","0.306","0.1675385382700249","0.1384614617299751","0.9976280769370518","5.854940353061892","44.75493979863351","49.39011984830461","""wood-grass""","17.530494007584768"
"23","25","[11.002690249931064 111.00269024993106 0]","""""","9.9","44.30791953393191","2","true","26","""done""","0.030308227669653354","163.92429382460261","22.385146356982194","39.17350747845233","38.44134616456549","""Clay loam""","""D""","""woods | used and managed but not planted | good""","77","0.5645860577405447","0.306","0.15504634610882498","0.15095365389117502","1","0","47.551856611550924","52.448143388449076","""woodland""","17.377592830577544"
"24","25","[7.574956206109377 107.57495620610938 0]","""""","9.9","42.96584753980344","8","true","58","""done""","0.06635259786863013","150.45068904521992","26.73660984736067","37.803064090568846","35.460326062070486","""Clay loam""","""D""","""woods | used and managed but not planted | good""","77","0.5511714672793172","0.306","0.16756663053930398","0.138433369460696","1","0","43.667272411638734","56.332727588361266","""woodland""","17.183363620581936"
"25","25","[7.526427898954623 107.52642789895462 0]","""""","9.9","42.94684709195007","8","false","0","""done""","0","184.78756082413446","23.59607419140909","36.47540334263624","39.928522465954664","""Clay loam""","""D""","""woods-grass combination or tree farm | lightly or only occasionally grazed | good""","79","0.571278351096796","0.306","0.14880020564299043","0.15719979435700956","0.9506983730175967","7.2375519172233","43.49470664368795","49.26774143908875","""wood-grass""","17.53661292804556"
"26","25","[7.37456876432509 107.37456876432509 0]","""""","9.9","42.88738918505492","16","true","784","""done""","0.60467437234533","178.88944212419324","23.732986821679248","41.75996760196515","34.5070455763556","""Clay loam""","""D""","""woods | used and managed but not planted | good""","77","0.5468817050936002","0.306","0.1715704085793065","0.1344295914206935","0.9820436094122964","0","2.1685489929416946","97.8314510070583","""woodland""","15.108427449647085"
"27","25","[11.441591269256747 111.44159126925675 0]","""""","9.9","44.47976389487151","32","true","19","""done""","0.022239863381334102","186.8073900704569","23.29171204860711","38.991991302982576","37.71629664841031","""Clay loam""","""D""","""woods | used and managed but not planted | good""","77","0.5613233349178464","0.306","0.15809155407667672","0.14790844592332328","0.9404190774419352","0","48.407240143221166","51.592759856778834","""woodland""","17.42036200716106"
"28","25","[16.435698145352873 116.43569814535287 0]","""""","9.9","46.43512300045143","64","false","0","""done""","0","136.892255956865","23.19263523057102","39.459283565797314","37.34808120363167","""Clay loam""","""D""","""woods-grass combination or tree farm | lightly or only occasionally grazed | good""","79","0.5596663654163425","0.306","0.159638058944747","0.146361941055253","1","7.2375519172233","43.49470664368795","49.26774143908875","""wood-grass""","17.53661292804556"
"29","25","[20.55274649909012 120.55274649909012 0]","""""","9.9","48.04708449553379","64","true","9","""done""","0.010597034888850443","140.93608966059372","23.94048353291517","39.936203309846654","36.12331315723819","""Clay loam""","""D""","""woods | used and managed but not planted | good""","77","0.5541549092075718","0.306","0.16478208473959963","0.14121791526040037","1","0","49.63071296516659","50.36928703483341","""woodland""","17.48153564825833"
"30","25","[25.00602441407362 125.00602441407362 0]","""""","9.9","49.790691057583935","32","true","8","""done""","0.009425153993882662","164.5710742978082","24.190102358192135","40.080308659371006","35.72958898243685","""Clay loam""","""D""","""woods | used and managed but not planted | good""","77","0.5523831504209659","0.306","0.16643572627376524","0.13956427372623476","1","0","49.753108775600275","50.246891224399725","""woodland""","17.487655438780013"
"31","25","[29.261221026492848 129.26122102649285 0]","""""","9.9","51.456742195166086","32","true","1","""done""","0.0011830311456955123","133.2494895854622","24.847083882756227","38.01299770894106","37.13991840830271","""Clay loam""","""D""","""woods-grass combination or tree farm | lightly or only occasionally grazed | good""","79","0.5587296328373622","0.306","0.16051234268512862","0.14548765731487137","1","5.854940353061892","44.75493979863351","49.39011984830461","""wood-grass""","17.530494007584768"
"32","25","[34.460927195626596 134.4609271956266 0]","""""","9.9","53.49260026877293","32","false","0","""done""","0","161.38710861837268","24.21354205217494","36.844891382368964","38.941566565456085","""Clay loam""","""D""","""woods-grass combination or tree farm | lightly or only occasionally grazed | good""","79","0.5668370495445524","0.306","0.15294542042508447","0.15305457957491553","1","7.2375519172233","43.49470664368795","49.26774143908875","""wood-grass""","17.53661292804556"
"33","25","[38.96726659989082 138.96726659989082 0]","""""","9.9","55.25698217039727","64","true","5","""done""","0.005901176649031781","161.92649586697303","23.656988523853904","37.15159195353475","39.19141952261135","""Clay loam""","""D""","""woods-grass combination or tree farm | lightly or only occasionally grazed | good""","79","0.5679613878517511","0.306","0.15189603800503235","0.15410396199496765","1","0.2729377906510422","49.84737030260629","49.87969190674267","""wood-grass""","17.506015404662865"
"34","25","[43.38770487255641 143.3877048725564 0]","""""","9.9","56.98773091918402","64","true","46","""done""","0.052995702748759976","192.57494462833262","19.034482240281562","44.08023396191696","36.88528379780148","""Silty clay loam""","""D""","""woods | used and managed but not planted | good""","77","0.5575837770901066","0.2365","0.0920818080492338","0.1444181919507662","0.6219097912559435","0","45.11749555837925","54.88250444162075","""woodland""","17.25587477791896"
"35","25","[48.603515718542496 148.6035157185425 0]","""""","9.9","59.02989450993476","32","true","45","""done""","0.05187404020828401","164.45876495882146","25.412765840851733","41.71550215268318","32.871732006465095","""Clay loam""","""D""","""woods | used and managed but not planted | good""","77","0.539522794029093","0.306","0.17843872557284662","0.12756127442715337","1","0","45.23875766745444","54.76124233254556","""woodland""","17.261937883372724"
"36","25","[53.50145764035156 153.50145764035156 0]","""""","9.9","60.94760183439184","32","true","44","""done""","0.0507510491343911","158.02138572478975","24.88434997750614","35.94711444504737","39.168535577446484","""Clay loam""","""D""","""woods | used and managed but not planted | good""","77","0.5678584100985091","0.306","0.1519921505747248","0.1540078494252752","1","0","45.3600763247618","54.6399236752382","""woodland""","17.26800381623809"
"37","25","[58.80020231329226 158.80020231329226 0]","""""","9.9","63.02223677942466","32","false","0","""done""","0","150.4508611735884","22.661133753838524","40.45649553943792","36.882370706723556","""Clay loam""","""D""","""woods-grass combination or tree farm | lightly or only occasionally grazed | good""","79","0.557570668180256","0.306","0.1615940430317611","0.1444059569682389","1","7.2375519172233","43.49470664368795","49.26774143908875","""wood-grass""","17.53661292804556"
"38","25","[62.16849200346667 162.16849200346667 0]","""""","9.9","64.34103433008138","64","true","1","""done""","0.0011830311456955123","185.12276541244046","26.70143601338224","38.856316255242575","34.44224773137519","""Clay loam""","""D""","""woods-grass combination or tree farm | lightly or only occasionally grazed | good""","79","0.5465901147911884","0.306","0.17184255952822422","0.13415744047177577","0.9489769291097092","5.854940353061892","44.75493979863351","49.39011984830461","""wood-grass""","17.530494007584768"
"39","25","[66.56927477106882 166.56927477106882 0]","""""","9.9","66.06408729426559","32","false","0","""done""","0","158.72818411638636","19.54095306762588","42.924101028319384","37.534945904054744","""Silty clay loam""","""D""","""woods-grass combination or tree farm | lightly or only occasionally grazed | good""","79","0.5605072565682463","0.2365","0.08935322720297009","0.1471467727970299","0.7545241211045097","7.2375519172233","43.49470664368795","49.26774143908875","""wood-grass""","17.53661292804556"
"40","25","[68.8648875567522 168.8648875567522 0]","""""","9.9","66.96289612530136","64","true","2","""done""","0.002364662728699396","164.79777765739462","22.742456147927918","42.10187918120125","35.15566467087083","""Clay loam""","""D""","""woods-grass combination or tree farm | lightly or only occasionally grazed | good""","79","0.5498004910189187","0.306","0.16884620838234254","0.13715379161765745","1","4.46554699695929","46.02194743691256","49.51250556612814","""wood-grass""","17.524374721693594"
"41","25","[72.79795619721858 172.79795619721858 0]","""""","9.9","68.50282343759358","32","true","1","""done""","0.0011830311456955123","156.06503011514909","23.54236857416563","36.8864244371248","39.57120698870956","""Clay loam""","""D""","""woods-grass combination or tree farm | lightly or only occasionally grazed | good""","79","0.569670431449193","0.306","0.15030093064741984","0.15569906935258016","1","5.854940353061892","44.75493979863351","49.39011984830461","""wood-grass""","17.530494007584768"
"42","25","[74.97803252444095 174.97803252444095 0]","""""","9.9","69.35639589870713","64","true","7","""done""","0.008251885085253763","178.30271857219077","23.290451677334993","38.97834636569059","37.73120195697442","""Clay loam""","""D""","""woods | used and managed but not planted | good""","77","0.5613904088063848","0.306","0.15802895178070747","0.14797104821929252","0.9852751255627493","0","49.87550754506712","50.12449245493288","""woodland""","17.493775377253357"
"43","25","[79.42705435927127 179.42705435927127 0]","""""","9.9","71.09833606368407","32","false","0","""done""","0","175.01170739448804","24.457478578439282","38.91712839523981","36.62539302632091","""Clay loam""","""D""","""woods-grass combination or tree farm | lightly or only occasionally grazed | good""","79","0.5564142686184441","0.306","0.1626733492894522","0.1433266507105478","1","7.2375519172233","43.49470664368795","49.26774143908875","""wood-grass""","17.53661292804556"
"44","25","[82.60003063099896 182.60003063099896 0]","""""","9.9","72.34066190865312","64","true","10","""done""","0.011767529412220479","163.18345145013404","23.61725756627269","38.749172481236","37.633569952491314","""Clay loam""","""D""","""woods | used and managed but not planted | good""","77","0.5609510647862109","0.306","0.1584390061995365","0.1475609938004635","1","0","49.508321580567106","50.491678419432894","""woodland""","17.475416079028356"
"45","25","[86.97659652667878 186.97659652667878 0]","""""","9.9","74.05423316125267","32","true","5","""done""","0.005901176649031781","157.14064059969624","24.892185558943094","40.57801654251525","34.52979789854165","""Clay loam""","""D""","""woods-grass combination or tree farm | lightly or only occasionally grazed | good""","79","0.5469840905434374","0.306","0.17147484882612507","0.13452515117387492","1","0.2729377906510422","49.84737030260629","49.87969190674267","""wood-grass""","17.506015404662865"
"46","25","[91.46718879829416 191.46718879829416 0]","""""","9.9","75.81244953619213","64","false","0","""done""","0","152.01632853478336","22.60794881033956","41.561887877459654","35.83016331220079","""Clay loam""","""D""","""woods-grass combination or tree farm | lightly or only occasionally grazed | good""","79","0.5528357349049036","0.306","0.1660133140887567","0.1399866859112433","1","7.2375519172233","43.49470664368795","49.26774143908875","""wood-grass""","17.53661292804556"
"47","25","[94.94500765928962 194.94500765928962 0]","""""","9.9","77.17413140366568","64","true","1","""done""","0.0011830311456955123","172.16767402444356","17.12707540480362","44.165766215416724","38.70715837977964","""Silty clay loam""","""D""","""woods-grass combination or tree farm | lightly or only occasionally grazed | good""","79","0.5657822127090084","0.2365","0.0844299348049255","0.1520700651950745","0.6956256120293968","5.854940353061892","44.75493979863351","49.39011984830461","""wood-grass""","17.530494007584768"
"48","25","[98.44194335816928 198.44194335816928 0]","""""","9.9","78.54329814960784","64","false","0","""done""","0","167.60131850470827","23.2942677198985","38.97922979820471","37.7265024818968","""Clay loam""","""D""","""woods-grass combination or tree farm | lightly or only occasionally grazed | good""","79","0.5613692611685356","0.306","0.15804868957603344","0.14795131042396656","1","7.2375519172233","43.49470664368795","49.26774143908875","""wood-grass""","17.53661292804556"
"49","25","[102.94003376320114 202.94003376320114 0]","""""","9.9","80.30445029340737","2","false","0","""done""","0","162.5084793568108","21.593520258663936","40.719100432188625","37.68737930914744","""Clay loam""","""D""","""woods-grass combination or tree farm | lightly or only occasionally grazed | good""","79","0.5611932068911635","0.306","0.15821300690158077","0.14778699309841922","1","7.2375519172233","43.49470664368795","49.26774143908875","""wood-grass""","17.53661292804556"
"0","24","[102.89077999451047 202.89077999451047 0]","""""","9.9","80.28516580321066","32","false","0","""done""","0","148.8996877952113","23.078506422604693","40.92753987726093","35.99395370013439","""Clay loam""","""D""","""woods-grass combination or tree farm | lightly or only occasionally grazed | good""","79","0.5535727916506048","0.306","0.16532539445943556","0.14067460554056443","1","7.2375519172233","43.49470664368795","49.26774143908875","""wood-grass""","17.53661292804556"
"1","24","[100.07851649761716 200.07851649761716 0]","""""","9.9","79.18407101842325","2","false","0","""done""","0","162.07690955615746","23.242365940385834","40.78456266539104","35.973071394223105","""Clay loam""","""D""","""woods-grass combination or tree farm | lightly or only occasionally grazed | good""","79","0.5534788212740039","0.306","0.16541310014426297","0.14058689985573702","1","7.2375519172233","43.49470664368795","49.26774143908875","""wood-grass""","17.53661292804556"
"2","24","[96.70148264477382 196.70148264477382 0]","""""","9.9","77.86184983697134","4","true","1","""done""","0.0011830311456955123","139.69459073463773","26.003229439951696","37.86480850400274","36.13196205604557","""Clay loam""","""D""","""woods-grass combination or tree farm | lightly or only occasionally grazed | good""","79","0.5541938292522051","0.306","0.1647457593646086","0.14125424063539138","1","5.854940353061892","44.75493979863351","49.39011984830461","""wood-grass""","17.530494007584768"
"3","24","[93.41569371994353 193.41569371994353 0]","""""","9.9","76.57535408255873","4","true","3","""done""","0.003544896404737763","159.4103696192754","27.005701601198908","36.57882112063477","36.415477278166314","""Clay loam""","""D""","""woods-grass combination or tree farm | lightly or only occasionally grazed | good""","79","0.5554696477517485","0.306","0.1635549954317015","0.1424450045682985","1","3.0709855053506487","47.29411736840723","49.63489712624213","""wood-grass""","17.518255143687888"
"4","24","[89.63716014093603 189.63716014093603 0]","""""","9.9","75.09593239160219","4","true","1","""done""","0.0011830311456955123","184.7866651753634","24.454258157180888","42.63905843287633","32.90668340994277","""Clay loam""","""D""","""woods-grass combination or tree farm | lightly or only occasionally grazed | good""","79","0.5396800753447425","0.306","0.17829192967824037","0.12770807032175963","0.9507029809898693","5.854940353061892","44.75493979863351","49.39011984830461","""wood-grass""","17.530494007584768"
"5","24","[86.47029862267806 186.47029862267806 0]","""""","9.9","73.85600067618866","2","true","6","""done""","0.00707722651895526","157.4694731810263","22.388867323681207","42.454362744646474","35.15676993167233","""Clay loam""","""D""","""woods | used and managed but not planted | good""","77","0.5498054646925254","0.306","0.16884156628697622","0.13715843371302378","1","0","49.997907806624276","50.002092193375724","""woodland""","17.499895390331215"
"6","24","[80.7979387806109 180.7979387806109 0]","""""","9.9","71.63508295406291","2","true","11","""done""","0.012936639204113476","154.62807103650084","20.98123397441616","41.048648903437844","37.970117122146","""Clay loam""","""D""","""woods | used and managed but not planted | good""","77","0.562465527049657","0.306","0.15702550808698681","0.14897449191301318","1","0","49.385936088390636","50.614063911609364","""woodland""","17.469296804419532"
"7","24","[77.48562604771811 177.4856260477181 0]","""""","9.9","70.33820224576435","2","true","13","""done""","0.01527071114425227","155.65781297403524","26.895581991279293","38.45646824883351","34.647949759887204","""Clay loam""","""D""","""woods | used and managed but not planted | good""","77","0.5475157739194925","0.306","0.17097861100847375","0.13502138899152624","1","0","49.14118864617969","50.85881135382031","""woodland""","17.457059432308984"
"8","24","[72.68808026444322 172.68808026444322 0]","""""","9.9","68.45980335192726","2","true","23","""done""","0.026858542013937226","183.80513964078366","21.232706669633128","38.41749774540016","40.34979558496672","""Clay""","""D""","""woods | used and managed but not planted | good""","77","0.5731740801323503","0.357","0.1980308585431398","0.1589691414568602","0.5157940574518954","0","47.918303033307154","52.081696966692846","""woodland""","17.395915151665356"
"9","24","[68.63398539742539 168.6339853974254 0]","""""","9.9","66.8724902427403","2","true","24","""done""","0.02800979866790232","174.1037426716681","23.4812451003977","39.714676603999514","36.804078295602785","""Clay loam""","""D""","""woods | used and managed but not planted | good""","77","0.5572183523302126","0.306","0.16192287115846832","0.14407712884153168","1","0","47.796127377941986","52.203872622058014","""woodland""","17.389806368897098"
"10","24","[63.805441825285186 163.8054418252852 0]","""""","9.9","64.98195468258541","2","true","28","""done""","0.032601221662009294","168.69637008054906","24.19666670447202","38.40643742688815","37.39689586863983","""Clay loam""","""D""","""woods | used and managed but not planted | good""","77","0.5598860314088793","0.306","0.15943303735171271","0.14656696264828728","1","0","47.30770293090386","52.69229706909614","""woodland""","17.365385146545194"
"11","24","[59.53558039523696 159.53558039523696 0]","""""","9.9","63.31016178068104","2","true","29","""done""","0.033745684547090926","173.22978427174564","20.944030993248056","40.27443244538719","38.78153656136475","""Clay loam""","""D""","""woods | used and managed but not planted | good""","77","0.5661169145261413","0.306","0.15361754644226805","0.15238245355773195","1","0","47.185673627475296","52.814326372524704","""woodland""","17.359283681373768"
"12","24","[52.89365511189939 152.8936551118994 0]","""""","9.9","60.70962690956755","4","true","30","""done""","0.03488879349693452","141.37099429920914","24.514941862413973","42.16707080685611","33.31798733072992","""Clay loam""","""D""","""woods | used and managed but not planted | good""","77","0.5415309429882846","0.306","0.17656445321093434","0.12943554678906566","1","0","47.063677948182715","52.936322051817285","""woodland""","17.353183897409135"
"13","24","[49.51943062770275 149.51943062770275 0]","""""","9.9","59.38850568947021","2","true","22","""done""","0.02570592177432951","156.22505496950416","24.203321211875224","38.7659188814725","37.03075990665227","""Clay loam""","""D""","""woods | used and managed but not planted | good""","77","0.5582384195799353","0.306","0.16097080839206046","0.14502919160793953","1","0","48.040503595523745","51.959496404476255","""woodland""","17.40202517977619"
"14","24","[44.54147725949019 144.5414772594902 0]","""""","9.9","57.43947122000858","2","true","50","""done""","0.057469098982547706","172.68625538432158","24.39610379886733","41.755687946872875","33.84820825425979","""Clay loam""","""D""","""woods | used and managed but not planted | good""","77","0.543916937144169","0.306","0.1743375253321089","0.1316624746678911","1","0","44.633040819534074","55.366959180465926","""woodland""","17.231652040976705"
"15","24","[40.15789287976679 140.1578928797668 0]","""""","9.9","55.7231519972469","4","true","51","""done""","0.05858414239423182","177.39025948724705","22.705628021878063","42.18158372975893","35.112788248363","""Clay loam""","""D""","""woods | used and managed but not planted | good""","77","0.5496075471176335","0.306","0.1690262893568754","0.1369737106431246","0.9903431785781035","0","44.51208258832723","55.48791741167277","""woodland""","17.22560412941636"
"16","24","[37.552678665376874 137.55267866537687 0]","""""","9.9","54.703123899635244","4","true","14","""done""","0.01643567656304723","161.42899715556655","22.70257711633756","39.36012328603789","37.93729959762455","""Clay loam""","""D""","""woods | used and managed but not planted | good""","77","0.5623178481893105","0.306","0.1571633416899769","0.1488366583100231","1","0","49.01882962762967","50.98117037237033","""woodland""","17.450941481381484"
"17","24","[35.52413685683777 135.52413685683777 0]","""""","9.9","53.90888224746678","2","false","0","""done""","0","146.17395198700632","22.37618989001119","39.398042916862536","38.225767193126266","""Clay loam""","""D""","""woods-grass combination or tree farm | lightly or only occasionally grazed | good""","79","0.5636159523690683","0.306","0.1559517777888697","0.1500482222111303","1","7.2375519172233","43.49470664368795","49.26774143908875","""wood-grass""","17.53661292804556"
"18","24","[30.386843809705795 130.3868438097058 0]","""""","9.9","51.89746098897855","4","true","47","""done""","0.05411603832751577","154.91661871278288","22.092693642562903","41.81421452151629","36.09309183592081","""Clay loam""","""D""","""woods | used and managed but not planted | good""","77","0.5540189132616437","0.306","0.16490901428913263","0.14109098571086737","1","0","44.99629141036655","55.00370858963345","""woodland""","17.249814570518325"
"19","24","[28.640669256748794 128.6406692567488 0]","""""","9.9","51.21377551792883","2","true","1","""done""","0.0011830311456955123","199.38800231094453","23.045913768846876","41.73659770615161","35.2174885250015","""Clay loam""","""D""","""woods-grass combination or tree farm | lightly or only occasionally grazed | good""","79","0.5500786983625068","0.306","0.16858654819499372","0.13741345180500628","0.881082268708561","5.854940353061892","44.75493979863351","49.39011984830461","""wood-grass""","17.530494007584768"
"20","24","[23.079438181515485 123.07943818151548 0]","""""","9.9","49.0363684077126","4","true","2","""done""","0.002364662728699396","164.6055250960698","27.53024107550854","36.68746270281363","35.782296221677825","""Clay loam""","""D""","""woods-grass combination or tree farm | lightly or only occasionally grazed | good""","79","0.5526203329975502","0.306","0.16621435586895314","0.13978564413104685","1","4.46554699695929","46.02194743691256","49.51250556612814","""wood-grass""","17.524374721693594"
"21","24","[18.564989803712194 118.5649898037122 0]","""""","9.9","47.26881157298413","2","false","0","""done""","0","152.3923544889868","25.13907073248547","40.08452143711199","34.77640783040254","""Clay loam""","""D""","""woods-grass combination or tree farm | lightly or only occasionally grazed | good""","79","0.5480938352368114","0.306","0.17043908711230935","0.13556091288769065","1","7.2375519172233","43.49470664368795","49.26774143908875","""wood-grass""","17.53661292804556"
"22","24","[12.818593683388357 112.81859368338836 0]","""""","9.9","45.01890618310834","4","true","8","""done""","0.009425153993882662","186.17553671140632","25.4730968411688","38.060687215440666","36.46621594339054","""Clay loam""","""D""","""woods | used and managed but not planted | good""","77","0.5556979717452574","0.306","0.16334189303775976","0.14265810696224024","0.9436107263744051","0","49.753108775600275","50.246891224399725","""woodland""","17.487655438780013"
"23","24","[9.141695736595736 109.14169573659574 0]","""""","9.9","43.57927822581296","8","false","0","""done""","0","161.5732286436904","25.7812086170908","35.965955201783615","38.25283618112559","""Clay loam""","""D""","""woods-grass combination or tree farm | lightly or only occasionally grazed | good""","79","0.5637377628150652","0.306","0.15583808803927254","0.15016191196072745","1","7.2375519172233","43.49470664368795","49.26774143908875","""wood-grass""","17.53661292804556"
"24","24","[7.319550083426094 107.3195500834261 0]","""""","9.9","42.86584753980344","16","true","59","""done""","0.06745713182444935","171.6997120936329","25.57800523657065","39.28550631405484","35.13648844937451","""Clay loam""","""D""","""woods | used and managed but not planted | good""","77","0.5497141980221854","0.306","0.16892674851262707","0.13707325148737293","1","0","43.546872936071104","56.453127063928896","""woodland""","17.177343646803557"
"25","24","[7.371291210159455 107.37129121015946 0]","""""","9.9","42.886105913482886","16","true","793","""done""","0.6088636518140432","192.11914119572293","21.574489882354516","43.397961068296866","35.02754904934863","""Clay loam""","""D""","""woods | used and managed but not planted | good""","77","0.5492239707220689","0.306","0.16938429399273577","0.13661570600726422","0.9144181695587648","0","2.0770099469194463","97.92299005308055","""woodland""","15.103850497345972"
"26","24","[8.654236921013862 108.65423692101386 0]","""""","9.9","43.38842187105503","32","true","6","""done""","0.00707722651895526","174.75617092986585","27.66690600222636","38.843601260931486","33.489492736842166","""Clay loam""","""D""","""woods | used and managed but not planted | good""","77","0.5423027173157897","0.306","0.1758441305052629","0.1301558694947371","1","0","49.997907806624276","50.002092193375724","""woodland""","17.499895390331215"
"27","24","[13.829404702167409 113.82940470216741 0]","""""","9.9","45.41467234883669","32","true","5","""done""","0.005901176649031781","144.6331898915499","26.65747376689574","36.830325128373204","36.51220110473106","""Clay loam""","""D""","""woods-grass combination or tree farm | lightly or only occasionally grazed | good""","79","0.5559049049712897","0.306","0.16314875536012954","0.14285124463987045","1","0.2729377906510422","49.84737030260629","49.87969190674267","""wood-grass""","17.506015404662865"
"28","24","[17.649263848020226 117.64926384802023 0]","""""","9.9","46.91027437502214","64","true","18","""done""","0.02108177262926547","170.30171201438057","24.577829135020085","38.25609126215253","37.16607960282738","""Clay loam""","""D""","""woods | used and managed but not planted | good""","77","0.5588473582127232","0.306","0.16040246566812502","0.14559753433187497","1","0","48.52952574745245","51.47047425254755","""woodland""","17.426476287372623"
"29","24","[21.9450120684334 121.9450120684334 0]","""""","9.9","48.592202817176286","32","true","17","""done""","0.01992231019702717","142.52635176199587","21.560272893301946","40.669557055052714","37.77017005164534","""Clay loam""","""D""","""woods | used and managed but not planted | good""","77","0.561565765232404","0.306","0.1578652857830896","0.1481347142169104","1","0","48.65182896075311","51.34817103924689","""woodland""","17.432591448037655"
"30","24","[27.097304670240277 127.09730467024028 0]","""""","9.9","50.609496900684256","32","false","0","""done""","0","152.70816899650612","23.935353024003167","37.054197208498536","39.01044976749831","""Clay loam""","""D""","""woods-grass combination or tree farm | lightly or only occasionally grazed | good""","79","0.5671470239537424","0.306","0.1526561109765071","0.15334388902349289","1","7.2375519172233","43.49470664368795","49.26774143908875","""wood-grass""","17.53661292804556"
"31","24","[30.86905633025637 130.86905633025637 0]","""""","9.9","52.08626324457231","64","true","5","""done""","0.005901176649031781","153.40648295467318","23.949063602401118","42.54482045677074","33.50611594082814","""Clay loam""","""D""","""woods-grass combination or tree farm | lightly or only occasionally grazed | good""","79","0.5423775217337266","0.306","0.17577431304852184","0.13022568695147815","1","0.2729377906510422","49.84737030260629","49.87969190674267","""wood-grass""","17.506015404662865"
"32","24","[34.99203427011631 134.9920342701163 0]","""""","9.9","53.700546370029215","32","true","4","""done""","0.004723733827578291","164.0227710587927","17.736872495078963","43.206411092367034","39.056716412553996","""Silty clay loam""","""D""","""woods-grass combination or tree farm | lightly or only occasionally grazed | good""","79","0.567355223856493","0.2365","0.08296179106727322","0.15353820893272677","0.7301683957772098","1.672896220173925","48.569810717776754","49.75729306204932","""wood-grass""","17.512135346897534"
"33","24","[41.02579486113979 141.0257948611398 0]","""""","9.9","56.062964517109336","32","false","0","""done""","0","187.8263694837272","26.86935638273449","37.41511622389012","35.7155273933754","""Clay loam""","""D""","""woods-grass combination or tree farm | lightly or only occasionally grazed | good""","79","0.5523198732701893","0.306","0.16649478494782333","0.13950521505217667","0.935317197006329","7.2375519172233","43.49470664368795","49.26774143908875","""wood-grass""","17.53661292804556"
"34","24","[44.736458762399536 144.73645876239954 0]","""""","9.9","57.515812969713274","64","true","4","""done""","0.004723733827578291","143.82400287827068","24.06613774679421","39.4671166618076","36.46674559139819","""Clay loam""","""D""","""woods-grass combination or tree farm | lightly or only occasionally grazed | good""","79","0.5557003551612918","0.306","0.16333966851612763","0.14266033148387236","1","1.672896220173925","48.569810717776754","49.75729306204932","""wood-grass""","17.512135346897534"
"35","24","[49.828111098243994 149.828111098244 0]","""""","9.9","59.50936437026387","32","true","3","""done""","0.003544896404737763","181.78177321939958","24.751294947545524","40.820946165264566","34.427758887189924","""Clay loam""","""D""","""woods-grass combination or tree farm | lightly or only occasionally grazed | good""","79","0.5465249149923547","0.306","0.17190341267380232","0.13409658732619767","0.9664183065117483","3.0709855053506487","47.29411736840723","49.63489712624213","""wood-grass""","17.518255143687888"
"36","24","[55.27329044310068 155.27329044310068 0]","""""","9.9","61.6413333644485","32","false","0","""done""","0","165.24038353178955","22.673583719566736","42.749705598306406","34.57671068212686","""Clay loam""","""D""","""woods-grass combination or tree farm | lightly or only occasionally grazed | good""","79","0.5471951980695708","0.306","0.1712778151350672","0.1347221848649328","1","7.2375519172233","43.49470664368795","49.26774143908875","""wood-grass""","17.53661292804556"
"37","24","[58.91241894748643 158.91241894748643 0]","""""","9.9","63.06617332762297","64","true","42","""done""","0.04850107509025958","173.38142489127074","20.686456270102465","41.8328096005786","37.48073412931894","""Clay loam""","""D""","""woods | used and managed but not planted | good""","77","0.5602633035819352","0.306","0.15908091665686047","0.14691908334313952","1","0","45.60287761944638","54.39712238055362","""woodland""","17.280143880972318"
"38","24","[63.1432749334862 163.1432749334862 0]","""""","9.9","64.72269429961483","32","true","40","""done""","0.046245768005522936","120.21145982452293","21.18940450237826","43.15061425524123","35.65998124238052","""Clay loam""","""D""","""woods | used and managed but not planted | good""","77","0.5520699155907123","0.306","0.16672807878200183","0.13927192121799817","1","0","45.84588808748224","54.15411191251776","""woodland""","17.29229440437411"
"39","24","[66.78047392889755 166.78047392889755 0]","""""","9.9","66.14677879578868","32","true","22","""done""","0.02570592177432951","176.71775192543737","24.27786402601265","38.47570587732013","37.246430096667225","""Clay loam""","""D""","""woods | used and managed but not planted | good""","77","0.5592089354350025","0.306","0.16006499359399767","0.14593500640600232","0.9941119752559914","0","48.040503595523745","51.959496404476255","""woodland""","17.40202517977619"
"40","24","[70.27271088078743 170.27271088078743 0]","""""","9.9","67.51410582585386","32","true","21","""done""","0.02455193633400432","114.04627943163209","21.38750224416798","42.24246893985473","36.3700288159773","""Clay loam""","""D""","""woods | used and managed but not planted | good""","77","0.5552651296718978","0.306","0.16374587897289536","0.14225412102710464","1","0","48.162727607139544","51.837272392860456","""woodland""","17.40813638035698"
"41","24","[74.75123312450012 174.75123312450012 0]","""""","9.9","69.26759638303457","32","false","0","""done""","0","158.87671800054505","25.974288512015058","37.223194665606435","36.80251682237852","""Clay loam""","""D""","""woods-grass combination or tree farm | lightly or only occasionally grazed | good""","79","0.5572113257007033","0.306","0.16192942934601023","0.14407057065398976","1","7.2375519172233","43.49470664368795","49.26774143908875","""wood-grass""","17.53661292804556"
"42","24","[77.27197413884744 177.27197413884744 0]","""""","9.9","70.25455041055145","64","false","0","""done""","0","152.78288580396168","27.49101878542217","34.371010328235684","38.137970886342146","""Clay loam""","""D""","""woods-grass combination or tree farm | lightly or only occasionally grazed | good""","79","0.5632208689885396","0.306","0.156320522277363","0.14967947772263698","1","7.2375519172233","43.49470664368795","49.26774143908875","""wood-grass""","17.53661292804556"
"43","24","[81.11393716798818 181.11393716798818 0]","""""","9.9","71.75880684292564","64","true","5","""done""","0.005901176649031781","133.34900575184312","24.4910327182071","43.33464971904661","32.17431756274628","""Clay loam""","""D""","""woods-grass combination or tree farm | lightly or only occasionally grazed | good""","79","0.5363844290323583","0.306","0.1813678662364656","0.12463213376353437","1","0.2729377906510422","49.84737030260629","49.87969190674267","""wood-grass""","17.506015404662865"
"44","24","[85.59887883280612 185.59887883280612 0]","""""","9.9","73.51481081718416","32","true","4","""done""","0.004723733827578291","159.89853127973453","18.12543996157473","41.14410991450162","40.73045012392366","""Silty clay""","""D""","""woods-grass combination or tree farm | lightly or only occasionally grazed | good""","79","0.5748870255576565","0.3485","0.18793210947952063","0.16056789052047934","0.8777631060307077","1.672896220173925","48.569810717776754","49.75729306204932","""wood-grass""","17.512135346897534"
"45","24","[88.75940364827898 188.75940364827898 0]","""""","9.9","74.75226150249608","64","true","3","""done""","0.003544896404737763","165.413738099322","25.415161638421658","42.55341272426634","32.031425637312","""Clay loam""","""D""","""woods-grass combination or tree farm | lightly or only occasionally grazed | good""","79","0.535741415367904","0.306","0.18196801232328963","0.12403198767671038","1","3.0709855053506487","47.29411736840723","49.63489712624213","""wood-grass""","17.518255143687888"
"46","24","[92.08874988761971 192.0887498876197 0]","""""","9.9","76.05581139564777","64","true","4","""done""","0.004723733827578291","158.90371772586434","25.020223981887607","37.970944375007456","37.00883164310495","""Clay loam""","""D""","""woods-grass combination or tree farm | lightly or only occasionally grazed | good""","79","0.5581397423939722","0.306","0.16106290709895923","0.14493709290104076","1","1.672896220173925","48.569810717776754","49.75729306204932","""wood-grass""","17.512135346897534"
"47","24","[97.8185163950248 197.8185163950248 0]","""""","9.9","78.2992057384335","32","false","0","""done""","0","140.65723406616286","25.199038713884196","36.68743215110627","38.11352913500953","""Clay loam""","""D""","""woods-grass combination or tree farm | lightly or only occasionally grazed | good""","79","0.5631108811075429","0.306","0.15642317763296","0.14957682236704","1","7.2375519172233","43.49470664368795","49.26774143908875","""wood-grass""","17.53661292804556"
"48","24","[100.90905976117398 200.90905976117398 0]","""""","9.9","79.50925635651585","64","false","0","""done""","0","165.18185219922074","25.62158266714557","38.00736591829578","36.37105141455865","""Clay loam""","""D""","""woods-grass combination or tree farm | lightly or only occasionally grazed | good""","79","0.5552697313655139","0.306","0.1637415840588537","0.1422584159411463","1","7.2375519172233","43.49470664368795","49.26774143908875","""wood-grass""","17.53661292804556"
"49","24","[105.76143774823362 205.76143774823362 0]","""""","9.9","81.409123883606","2","false","0","""done""","0","158.73618992444415","26.859037599616936","39.518483053354615","33.622479347028445","""Clay loam""","""D""","""woods-grass combination or tree farm | lightly or only occasionally grazed | good""","79","0.542901157061628","0.306","0.17528558674248054","0.13071441325751945","1","7.2375519172233","43.49470664368795","49.26774143908875","""wood-grass""","17.53661292804556"
"0","23","[100.00619683969342 200.00619683969342 0]","""""","9.9","79.15575546468321","32","false","0","""done""","0","155.6104412934278","21.881344313807354","41.863310445697174","36.25534524049547","""Clay loam""","""D""","""woods-grass combination or tree farm | lightly or only occasionally grazed | good""","79","0.5547490535822296","0.306","0.16422754998991904","0.14177245001008096","1","7.2375519172233","43.49470664368795","49.26774143908875","""wood-grass""","17.53661292804556"
"1","23","[98.48158717276203 198.48158717276203 0]","""""","9.9","78.55882002284105","4","false","0","""done""","0","155.64777789501753","25.69315897895451","37.19521972526864","37.11162129577684","""Clay loam""","""D""","""woods-grass combination or tree farm | lightly or only occasionally grazed | good""","79","0.5586022958309957","0.306","0.16063119055773728","0.14536880944226271","1","7.2375519172233","43.49470664368795","49.26774143908875","""wood-grass""","17.53661292804556"
"2","23","[95.33454348838688 195.33454348838688 0]","""""","9.9","77.3266476491671","2","false","0","""done""","0","186.02009080812385","25.268042980648183","38.40485934821287","36.32709767113895","""Clay loam""","""D""","""woods-grass combination or tree farm | lightly or only occasionally grazed | good""","79","0.5550719395201252","0.306","0.16392618978121642","0.14207381021878357","0.9443992456202085","7.2375519172233","43.49470664368795","49.26774143908875","""wood-grass""","17.53661292804556"
"3","23","[90.43914076067205 190.43914076067205 0]","""""","9.9","75.40993450373264","4","true","3","""done""","0.003544896404737763","164.8320686367917","25.494293143772953","39.55216811357104","34.953538742656015","""Clay loam""","""D""","""woods-grass combination or tree farm | lightly or only occasionally grazed | good""","79","0.5488909243419521","0.306","0.16969513728084476","0.13630486271915523","1","3.0709855053506487","47.29411736840723","49.63489712624213","""wood-grass""","17.518255143687888"
"4","23","[87.25933696238388 187.25933696238388 0]","""""","9.9","74.16493545481347","2","true","4","""done""","0.004723733827578291","189.11332503108437","20.363634055850717","40.57819163770785","39.05817430644144","""Clay loam""","""D""","""woods-grass combination or tree farm | lightly or only occasionally grazed | good""","79","0.5673617843789864","0.306","0.15245566791294599","0.153544332087054","0.9289521687618729","1.672896220173925","48.569810717776754","49.75729306204932","""wood-grass""","17.512135346897534"
"5","23","[82.65357678437374 182.65357678437374 0]","""""","9.9","72.36162701035555","4","true","7","""done""","0.008251885085253763","165.08990509912957","23.806370175147006","41.145727489170866","35.047902335682124","""Clay loam""","""D""","""woods | used and managed but not planted | good""","77","0.5493155605105695","0.306","0.1692988101901351","0.1367011898098649","1","0","49.87550754506712","50.12449245493288","""woodland""","17.493775377253357"
"6","23","[80.56521522175075 180.56521522175075 0]","""""","9.9","71.54396393294658","2","false","0","""done""","0","144.34587863385931","24.092774971271513","40.09451987461089","35.8127051541176","""Clay loam""","""D""","""woods-grass combination or tree farm | lightly or only occasionally grazed | good""","79","0.5527571731935292","0.306","0.1660866383527061","0.1399133616472939","1","7.2375519172233","43.49470664368795","49.26774143908875","""wood-grass""","17.53661292804556"
"7","23","[76.56198487246337 176.56198487246337 0]","""""","9.9","69.9765659758304","4","true","1","""done""","0.0011830311456955123","164.10855429897669","29.59490545218557","35.59449833947827","34.810596208336165","""Clay loam""","""D""","""woods-grass combination or tree farm | lightly or only occasionally grazed | good""","79","0.5482476829375127","0.306","0.17029549592498813","0.13570450407501186","1","5.854940353061892","44.75493979863351","49.39011984830461","""wood-grass""","17.530494007584768"
"8","23","[72.66498447012924 172.66498447012924 0]","""""","9.9","68.45076057954917","4","false","0","""done""","0","154.7335409127252","22.81952431199027","41.26231334060151","35.91816234740822","""Clay loam""","""D""","""woods-grass combination or tree farm | lightly or only occasionally grazed | good""","79","0.553231730563337","0.306","0.1656437181408855","0.1403562818591145","1","7.2375519172233","43.49470664368795","49.26774143908875","""wood-grass""","17.53661292804556"
"9","23","[67.140687178049 167.140687178049 0]","""""","9.9","66.28781427503526","4","false","0","""done""","0","152.99053164106547","22.102894937102654","40.529478277074546","37.3676267858228","""Clay loam""","""D""","""woods-grass combination or tree farm | lightly or only occasionally grazed | good""","79","0.5597543205362026","0.306","0.15955596749954426","0.14644403250045573","1","7.2375519172233","43.49470664368795","49.26774143908875","""wood-grass""","17.53661292804556"
"10","23","[61.944445099356244 161.94444509935624 0]","""""","9.9","64.2533125081624","4","false","0","""done""","0","162.01693101695153","20.955318472836638","41.64336452528673","37.40131700187664","""Clay loam""","""D""","""woods-grass combination or tree farm | lightly or only occasionally grazed | good""","79","0.5599059265084448","0.306","0.1594144685921181","0.14658553140788189","1","7.2375519172233","43.49470664368795","49.26774143908875","""wood-grass""","17.53661292804556"
"11","23","[58.0197561318663 158.0197561318663 0]","""""","9.9","62.716666116816164","4","false","0","""done""","0","144.9343858224165","23.220306378823278","37.779317707838956","39.00037591333777","""Clay loam""","""D""","""woods-grass combination or tree farm | lightly or only occasionally grazed | good""","79","0.56710169161002","0.306","0.15269842116398138","0.1533015788360186","1","7.2375519172233","43.49470664368795","49.26774143908875","""wood-grass""","17.53661292804556"
"12","23","[53.04183790266205 153.04183790266205 0]","""""","9.9","60.76764540544613","2","false","0","""done""","0","162.9128523574992","16.80604083011349","41.68680135757198","41.50715781231453","""Silty clay""","""D""","""woods-grass combination or tree farm | lightly or only occasionally grazed | good""","79","0.5783822101554154","0.3485","0.18466993718827895","0.16383006281172102","0.8615221539296026","7.2375519172233","43.49470664368795","49.26774143908875","""wood-grass""","17.53661292804556"
"13","23","[47.65190380562581 147.6519038056258 0]","""""","9.9","58.65730676500557","4","true","32","""done""","0.0371709559960024","149.5003927252754","24.99153197454782","37.21555800749553","37.79291001795666","""Clay loam""","""D""","""woods | used and managed but not planted | good""","77","0.561668095080805","0.306","0.15776977792458205","0.14823022207541794","1","0","46.8197932509978","53.1802067490022","""woodland""","17.34098966254989"
"14","23","[44.35668270201268 144.35668270201268 0]","""""","9.9","57.36711799858378","2","false","0","""done""","0","148.08141462793236","23.092749959271767","40.21520860755895","36.69204143316928","""Clay loam""","""D""","""woods-grass combination or tree farm | lightly or only occasionally grazed | good""","79","0.5567141864492617","0.306","0.16239342598068904","0.14360657401931096","1","7.2375519172233","43.49470664368795","49.26774143908875","""wood-grass""","17.53661292804556"
"15","23","[38.79746758869601 138.797467588696 0]","""""","9.9","55.190500204573226","4","true","1","""done""","0.0011830311456955123","179.26690807786088","24.482946935003636","38.414228475604794","37.10282458939157","""Clay loam""","""D""","""woods-grass combination or tree farm | lightly or only occasionally grazed | good""","79","0.558562710652262","0.306","0.16066813672455543","0.14533186327544456","0.9799758098861896","5.854940353061892","44.75493979863351","49.39011984830461","""wood-grass""","17.530494007584768"
"16","23","[36.29238423577871 136.2923842357787 0]","""""","9.9","54.20967667278039","4","true","52","""done""","0.059697866674831124","152.51446562766253","25.106291297986367","39.99551159159889","34.89819711041474","""Clay loam""","""D""","""woods | used and managed but not planted | good""","77","0.5486418869968663","0.306","0.1699275721362581","0.1360724278637419","1","0","44.391189339961926","55.608810660038074","""woodland""","17.2195594669981"
"17","23","[32.34853715392995 132.34853715392995 0]","""""","9.9","52.66552924185157","4","true","15","""done""","0.017599263791468034","160.32957730729123","25.359818108010124","38.05570193767058","36.58447995431929","""Clay loam""","""D""","""woods | used and managed but not planted | good""","77","0.5562301597944368","0.306","0.16284518419185898","0.14315481580814102","1","0","48.89648236433116","51.10351763566884","""woodland""","17.44482411821656"
"18","23","[28.947061898247796 128.9470618982478 0]","""""","9.9","51.333738437486154","2","false","0","""done""","0","196.6812313659571","23.674135265820738","38.63044091702049","37.695423817158776","""Clay loam""","""D""","""woods-grass combination or tree farm | lightly or only occasionally grazed | good""","79","0.5612294071772145","0.306","0.15817921996793316","0.14782078003206683","0.8932079192778646","7.2375519172233","43.49470664368795","49.26774143908875","""wood-grass""","17.53661292804556"
"19","23","[24.528073556673974 124.52807355667397 0]","""""","9.9","49.603557384992875","4","true","49","""done""","0.05635273487735715","161.3864315477047","26.53787611154186","38.32972776814348","35.13239612031465","""Clay loam""","""D""","""woods | used and managed but not planted | good""","77","0.5496957825414159","0.306","0.16894393629467847","0.13705606370532153","1","0","44.75406263509017","55.24593736490983","""woodland""","17.237703131754508"
"20","23","[21.359660786762674 121.35966078676267 0]","""""","9.9","48.36301830291286","2","false","0","""done""","0","126.29007343142511","23.3424133294815","39.67534133465923","36.98224533585927","""Clay loam""","""D""","""woods-grass combination or tree farm | lightly or only occasionally grazed | good""","79","0.5580201040113667","0.306","0.16117456958939108","0.1448254304106089","1","7.2375519172233","43.49470664368795","49.26774143908875","""wood-grass""","17.53661292804556"
"21","23","[15.89410720247757 115.89410720247757 0]","""""","9.9","46.223072115693704","4","true","4","""done""","0.004723733827578291","152.94134600993357","25.60053194006755","38.114396184027356","36.28507187590508","""Clay loam""","""D""","""woods-grass combination or tree farm | lightly or only occasionally grazed | good""","79","0.5548828234415728","0.306","0.16410269812119868","0.1418973018788013","1","1.672896220173925","48.569810717776754","49.75729306204932","""wood-grass""","17.512135346897534"
"22","23","[11.597869976152253 111.59786997615225 0]","""""","9.9","44.54095221144499","2","false","0","""done""","0","148.76639358402153","22.82748294982856","40.95399401414803","36.218523036023406","""Clay loam""","""D""","""woods-grass combination or tree farm | lightly or only occasionally grazed | good""","79","0.5545833536621053","0.306","0.1643822032487017","0.1416177967512983","1","7.2375519172233","43.49470664368795","49.26774143908875","""wood-grass""","17.53661292804556"
"23","23","[7.0895022155138605 107.08950221551386 0]","""""","9.9","42.775776140772216","8","true","866","""done""","0.6412435242482579","165.4949292955621","23.631331278455054","41.425722016646645","34.94294670489832","""Clay loam""","""D""","""woods | used and managed but not planted | good""","77","0.5488432601720424","0.306","0.16973962383942706","0.13626037616057293","1","0","1.4619645096200884","98.53803549037991","""woodland""","15.073098225481003"
"24","23","[7.27102177627134 107.27102177627134 0]","""""","9.9","42.84684709195007","32","true","794","""done""","0.6093263782961608","196.63081138870928","21.51905352767497","43.355112219262566","35.12583425306247","""Clay loam""","""D""","""woods | used and managed but not planted | good""","77","0.5496662541387811","0.306","0.16897149613713763","0.13702850386286236","0.8934369552191269","0","2.0670754054519733","97.93292459454803","""woodland""","15.1033537702726"
"25","23","[7.344908338197143 107.34490833819714 0]","""""","9.9","42.87577614077222","16","true","4","""done""","0.004723733827578291","179.44285006759085","21.142806568449448","42.75585668952293","36.101336742027634","""Clay loam""","""D""","""woods-grass combination or tree farm | lightly or only occasionally grazed | good""","79","0.5540560153391243","0.306","0.16487438568348395","0.14112561431651605","0.9790149530238867","1.672896220173925","48.569810717776754","49.75729306204932","""wood-grass""","17.512135346897534"
"26","23","[10.388818975838007 110.388818975838 0]","""""","9.9","44.0675684931488","32","true","3","""done""","0.003544896404737763","150.0011454258093","21.919839864528107","38.33008115501171","39.750078980460174","""Clay loam""","""D""","""woods-grass combination or tree farm | lightly or only occasionally grazed | good""","79","0.5704753554120707","0.306","0.14954966828206728","0.1564503317179327","1","3.0709855053506487","47.29411736840723","49.63489712624213","""wood-grass""","17.518255143687888"
"27","23","[16.275690768687753 116.27569076868775 0]","""""","9.9","46.37247478552843","32","false","0","""done""","0","151.90002166886822","24.494174717003332","38.8928797948398","36.61294548815687","""Clay loam""","""D""","""woods-grass combination or tree farm | lightly or only occasionally grazed | good""","79","0.5563582546967059","0.306","0.16272562894974116","0.14327437105025884","1","7.2375519172233","43.49470664368795","49.26774143908875","""wood-grass""","17.53661292804556"
"28","23","[19.434931618294314 119.43493161829431 0]","""""","9.9","47.60942275545797","64","true","4","""done""","0.004723733827578291","176.46191289535403","22.470329848126624","40.48905325532706","37.04061689654632","""Clay loam""","""D""","""woods-grass combination or tree farm | lightly or only occasionally grazed | good""","79","0.5582827760344584","0.306","0.16092940903450548","0.14507059096549452","0.9955532644235556","1.672896220173925","48.569810717776754","49.75729306204932","""wood-grass""","17.512135346897534"
"29","23","[24.17114713232965 124.17114713232965 0]","""""","9.9","49.46380880708312","32","false","0","""done""","0","135.17772462559395","26.76745580100252","39.64851327714041","33.58403092185707","""Clay loam""","""D""","""woods-grass combination or tree farm | lightly or only occasionally grazed | good""","79","0.5427281391483568","0.306","0.17544707012820032","0.13055292987179967","1","7.2375519172233","43.49470664368795","49.26774143908875","""wood-grass""","17.53661292804556"
"30","23","[28.25409484896926 128.25409484896926 0]","""""","9.9","51.06241876746483","64","true","15","""done""","0.017599263791468034","179.64322366040125","20.321242951869586","41.79065093332072","37.888106114809695","""Clay loam""","""D""","""woods | used and managed but not planted | good""","77","0.5620964775166436","0.306","0.1573699543177993","0.1486300456822007","0.9779229622459695","0","48.89648236433116","51.10351763566884","""woodland""","17.44482411821656"
"31","23","[31.50121962833478 131.50121962833478 0]","""""","9.9","52.33377622172296","32","true","14","""done""","0.01643567656304723","213.2405242374388","20.288711087261316","39.26119078720446","40.45009812553421","""Clay""","""D""","""woods | used and managed but not planted | good""","77","0.5736254415649039","0.357","0.19760958787275631","0.15939041212724367","0.44459466180203167","0","49.01882962762967","50.98117037237033","""woodland""","17.450941481381484"
"32","23","[37.65709976100359 137.6570997610036 0]","""""","9.9","54.74400823495567","32","true","12","""done""","0.014104365902709914","152.7239505232322","24.24685797282966","40.920157973145464","34.83298405402487","""Clay loam""","""D""","""woods | used and managed but not planted | good""","77","0.5483484282431119","0.306","0.17020146697309557","0.13579853302690442","1","0","49.26355795494361","50.73644204505639","""woodland""","17.46317789774718"
"33","23","[41.61206422626182 141.61206422626182 0]","""""","9.9","56.292508491608736","64","true","2","""done""","0.002364662728699396","164.47423156121425","20.57900472760817","41.851642097257155","37.56935317513469","""Clay loam""","""D""","""woods-grass combination or tree farm | lightly or only occasionally grazed | good""","79","0.560662089288106","0.306","0.15870871666443434","0.14729128333556565","1","4.46554699695929","46.02194743691256","49.51250556612814","""wood-grass""","17.524374721693594"
"34","23","[46.68590612140136 146.68590612140136 0]","""""","9.9","58.27908651167893","32","true","1","""done""","0.0011830311456955123","153.7545263591189","23.52617906665944","39.80707737556194","36.66674355777862","""Clay loam""","""D""","""woods-grass combination or tree farm | lightly or only occasionally grazed | good""","79","0.5566003460100037","0.306","0.16249967705732982","0.14350032294267018","1","5.854940353061892","44.75493979863351","49.39011984830461","""wood-grass""","17.530494007584768"
"35","23","[51.545840530428336 151.54584053042834 0]","""""","9.9","60.181912629537365","32","false","0","""done""","0","127.88299424434574","23.9592939821387","39.21339240706814","36.82731361079316","""Clay loam""","""D""","""woods-grass combination or tree farm | lightly or only occasionally grazed | good""","79","0.5573229112485693","0.306","0.16182528283466874","0.14417471716533126","1","7.2375519172233","43.49470664368795","49.26774143908875","""wood-grass""","17.53661292804556"
"36","23","[55.616175550897964 155.61617555089796 0]","""""","9.9","61.7755842994672","64","true","1","""done""","0.0011830311456955123","145.12837972686447","24.710778858372542","41.55549963796068","33.733721503666786","""Clay loam""","""D""","""woods-grass combination or tree farm | lightly or only occasionally grazed | good""","79","0.5434017467665005","0.306","0.17481836968459952","0.13118163031540048","1","5.854940353061892","44.75493979863351","49.39011984830461","""wood-grass""","17.530494007584768"
"37","23","[61.14405394441556 161.14405394441556 0]","""""","9.9","63.9399327244157","32","false","0","""done""","0","174.15915447049193","27.01175872338343","40.231826676772776","32.756414599843794","""Clay loam""","""D""","""woods-grass combination or tree farm | lightly or only occasionally grazed | good""","79","0.539003865699297","0.306","0.17892305868065608","0.1270769413193439","1","7.2375519172233","43.49470664368795","49.26774143908875","""wood-grass""","17.53661292804556"
"38","23","[65.18383856887601 165.183838568876 0]","""""","9.9","65.52164289722549","64","false","0","""done""","0","161.86564907480945","21.056416408468802","41.62803029093865","37.315553300592555","""Clay loam""","""D""","""woods-grass combination or tree farm | lightly or only occasionally grazed | good""","79","0.5595199898526665","0.306","0.15977467613751128","0.1462253238624887","1","7.2375519172233","43.49470664368795","49.26774143908875","""wood-grass""","17.53661292804556"
"39","23","[67.7589456055725 167.7589456055725 0]","""""","9.9","66.52988303244331","64","true","16","""done""","0.018761474459957017","135.77386551348863","22.190244420407524","40.255509440265264","37.554246139327205","""Clay loam""","""D""","""woods | used and managed but not planted | good""","77","0.5605941076269725","0.306","0.15877216621482576","0.14722783378517423","1","0","48.77414832075861","51.22585167924139","""woodland""","17.438707416037932"
"40","23","[71.92106381659175 171.92106381659175 0]","""""","9.9","68.15949087711529","32","false","0","""done""","0","151.82414850044347","28.56172554849454","37.17114862162346","34.267125829882005","""Clay loam""","""D""","""woods-grass combination or tree farm | lightly or only occasionally grazed | good""","79","0.545802066234469","0.306","0.17257807151449558","0.1334219284855044","1","7.2375519172233","43.49470664368795","49.26774143908875","""wood-grass""","17.53661292804556"
"41","23","[75.37191659629624 175.37191659629624 0]","""""","9.9","69.51061462600983","64","true","19","""done""","0.022239863381334102","134.81947882634648","25.408487811018652","37.905724314986045","36.6857878739953","""Clay loam""","""D""","""woods | used and managed but not planted | good""","77","0.5566860454329788","0.306","0.16241969092921973","0.14358030907078026","1","0","48.407240143221166","51.592759856778834","""woodland""","17.42036200716106"
"42","23","[78.57312899185388 178.57312899185388 0]","""""","9.9","70.76399585349408","32","true","12","""done""","0.014104365902709914","153.09778698950547","24.329335601456506","37.0924187068135","38.57824569172999","""Clay loam""","""D""","""woods | used and managed but not planted | good""","77","0.5652021056127849","0.306","0.15447136809473405","0.15152863190526594","1","0","49.26355795494361","50.73644204505639","""woodland""","17.46317789774718"
"43","23","[82.19946802835688 182.19946802835688 0]","""""","9.9","72.18382831420604","32","true","10","""done""","0.011767529412220479","171.0342472503649","28.906336095723738","35.96421667789626","35.12944722638","""Clay loam""","""D""","""woods | used and managed but not planted | good""","77","0.54968251251871","0.306","0.16895632164920402","0.13704367835079598","1","0","49.508321580567106","50.491678419432894","""woodland""","17.475416079028356"
"44","23","[87.59020419707565 187.59020419707565 0]","""""","9.9","74.29448099241284","32","false","0","""done""","0","178.26306203119773","19.84390474205249","40.111355571289195","40.0447396866583","""Silty clay""","""D""","""woods-grass combination or tree farm | lightly or only occasionally grazed | good""","79","0.5718013285899624","0.3485","0.19081209331603513","0.15768790668396485","0.7873365904669859","7.2375519172233","43.49470664368795","49.26774143908875","""wood-grass""","17.53661292804556"
"45","23","[91.07614810135806 191.07614810135806 0]","""""","9.9","75.65934408483182","64","true","3","""done""","0.003544896404737763","145.87718700455","16.621281161416462","44.40251335336386","38.97620548521968","""Silty clay loam""","""D""","""woods-grass combination or tree farm | lightly or only occasionally grazed | good""","79","0.5669929246834886","0.2365","0.08329993696207735","0.15320006303792263","0.8209936459166552","3.0709855053506487","47.29411736840723","49.63489712624213","""wood-grass""","17.518255143687888"
"46","23","[95.00178059393369 195.0017805939337 0]","""""","9.9","77.1963598976609","64","true","2","""done""","0.002364662728699396","164.96075254374608","17.256628349835815","42.88778345365384","39.85558819651035","""Silty clay loam""","""D""","""woods-grass combination or tree farm | lightly or only occasionally grazed | good""","79","0.5709501468842966","0.2365","0.07960652957465655","0.15689347042534343","0.7260165934510443","4.46554699695929","46.02194743691256","49.51250556612814","""wood-grass""","17.524374721693594"
"47","23","[98.59746875129014 198.59746875129014 0]","""""","9.9","78.60419151875925","64","true","2","""done""","0.002364662728699396","161.20749355330574","25.520150397405413","40.025667419424046","34.45418218317055","""Clay loam""","""D""","""woods-grass combination or tree farm | lightly or only occasionally grazed | good""","79","0.5466438198242675","0.306","0.17179243483068368","0.1342075651693163","1","4.46554699695929","46.02194743691256","49.51250556612814","""wood-grass""","17.524374721693594"
"48","23","[103.12735003300844 203.12735003300844 0]","""""","9.9","80.37779084916203","32","false","0","""done""","0","161.31021183224834","26.336720236401092","37.366486293948284","36.296793469650616","""Clay loam""","""D""","""woods-grass combination or tree farm | lightly or only occasionally grazed | good""","79","0.5549355706134278","0.306","0.16405346742746743","0.14194653257253256","1","7.2375519172233","43.49470664368795","49.26774143908875","""wood-grass""","17.53661292804556"
"49","23","[107.68567750813219 207.6856775081322 0]","""""","9.9","82.16252781131246","2","false","0","""done""","0","146.92035826678355","25.016476459049628","39.052105978044565","35.93141756290581","""Clay loam""","""D""","""woods-grass combination or tree farm | lightly or only occasionally grazed | good""","79","0.5532913790330761","0.306","0.16558804623579562","0.14041195376420437","1","7.2375519172233","43.49470664368795","49.26774143908875","""wood-grass""","17.53661292804556"
"0","22","[99.39363206380068 199.39363206380068 0]","""""","9.9","78.91591596144141","32","false","0","""done""","0","145.53170433122932","22.281253629723345","39.810299074780886","37.90844729549577","""Clay loam""","""D""","""woods-grass combination or tree farm | lightly or only occasionally grazed | good""","79","0.562188012829731","0.306","0.1572845213589178","0.1487154786410822","1","7.2375519172233","43.49470664368795","49.26774143908875","""wood-grass""","17.53661292804556"
"1","22","[94.74876085434482 194.74876085434482 0]","""""","9.9","77.09729424608972","4","false","0","""done""","0","139.98092005118542","21.381332250926896","38.297385831659795","40.3212819174133","""Clay""","""D""","""woods-grass combination or tree farm | lightly or only occasionally grazed | good""","79","0.5730457686283599","0.357","0.19815061594686414","0.15884938405313584","0.6772751509360377","7.2375519172233","43.49470664368795","49.26774143908875","""wood-grass""","17.53661292804556"
"2","22","[92.4739667293002 192.4739667293002 0]","""""","9.9","76.20663661378796","4","true","1","""done""","0.0011830311456955123","174.37061476483353","21.376664101537994","40.54566308415437","38.07767281430765","""Clay loam""","""D""","""woods-grass combination or tree farm | lightly or only occasionally grazed | good""","79","0.5629495276643844","0.306","0.1565737741799079","0.1494262258200921","1","5.854940353061892","44.75493979863351","49.39011984830461","""wood-grass""","17.530494007584768"
"3","22","[89.82411824195486 189.82411824195486 0]","""""","9.9","75.169132712352","4","false","0","""done""","0","180.73171780025146","24.357006156062845","39.343392049158034","36.299601794779136","""Clay loam""","""D""","""woods-grass combination or tree farm | lightly or only occasionally grazed | good""","79","0.5549482080765061","0.306","0.16404167246192763","0.14195832753807236","0.9720332190034128","7.2375519172233","43.49470664368795","49.26774143908875","""wood-grass""","17.53661292804556"
"4","22","[84.53329741962085 184.53329741962085 0]","""""","9.9","73.09760021863218","4","true","4","""done""","0.004723733827578291","171.8414401241238","23.160993692843686","42.37966900993241","34.45933729722391","""Clay loam""","""D""","""woods-grass combination or tree farm | lightly or only occasionally grazed | good""","79","0.5466670178375076","0.306","0.17177078335165957","0.13422921664834042","1","1.672896220173925","48.569810717776754","49.75729306204932","""wood-grass""","17.512135346897534"
"5","22","[81.8070399217327 181.8070399217327 0]","""""","9.9","72.03017964576327","4","false","0","""done""","0","140.02171356120485","26.293086809012085","38.992728353905456","34.714184837082456","""Clay loam""","""D""","""woods-grass combination or tree farm | lightly or only occasionally grazed | good""","79","0.547813831766871","0.306","0.1707004236842537","0.1352995763157463","1","7.2375519172233","43.49470664368795","49.26774143908875","""wood-grass""","17.53661292804556"
"6","22","[78.4521952712312 178.4521952712312 0]","""""","9.9","70.71664627575015","4","true","8","""done""","0.009425153993882662","162.8788298075817","21.58991986043243","39.21857339775379","39.19150674181379","""Clay loam""","""D""","""woods | used and managed but not planted | good""","77","0.567961780338162","0.306","0.1518956716843821","0.1541043283156179","1","0","49.753108775600275","50.246891224399725","""woodland""","17.487655438780013"
"7","22","[75.41971434869959 175.41971434869959 0]","""""","9.9","69.52932903735642","2","false","0","""done""","0","197.901056128803","25.07354703625254","36.46826577395672","38.458187189790735","""Clay loam""","""D""","""woods-grass combination or tree farm | lightly or only occasionally grazed | good""","79","0.5646618423540584","0.306","0.15497561380287891","0.15102438619712108","0.8877023542262256","7.2375519172233","43.49470664368795","49.26774143908875","""wood-grass""","17.53661292804556"
"8","22","[70.24256363074738 170.24256363074738 0]","""""","9.9","67.50230217380225","2","true","3","""done""","0.003544896404737763","161.25716928222388","23.066979673268488","42.85740609624309","34.075614230488426","""Clay loam""","""D""","""woods-grass combination or tree farm | lightly or only occasionally grazed | good""","79","0.5449402640371979","0.306","0.1733824202319486","0.13261757976805139","1","3.0709855053506487","47.29411736840723","49.63489712624213","""wood-grass""","17.518255143687888"
"9","22","[64.830941542299 164.830941542299 0]","""""","9.9","65.38347196268818","2","true","5","""done""","0.005901176649031781","173.59901143817615","23.73982476001266","40.0654378253776","36.19473741460974","""Clay loam""","""D""","""woods-grass combination or tree farm | lightly or only occasionally grazed | good""","79","0.5544763183657438","0.306","0.1644821028586391","0.1415178971413609","1","0.2729377906510422","49.84737030260629","49.87969190674267","""wood-grass""","17.506015404662865"
"10","22","[59.153075682138535 159.15307568213854 0]","""""","9.9","63.16039845117278","2","true","7","""done""","0.008251885085253763","193.87873887523799","23.191617232301965","39.89405732141881","36.91432544627923","""Clay loam""","""D""","""woods | used and managed but not planted | good""","77","0.5577144645082566","0.306","0.16145983312562726","0.14454016687437274","0.9061191260504541","0","49.87550754506712","50.12449245493288","""woodland""","17.493775377253357"
"11","22","[55.467136836973054 155.46713683697305 0]","""""","9.9","61.71723068117523","2","true","9","""done""","0.010597034888850443","203.70271045279054","23.31139138182796","40.577386884761815","36.11122173341023","""Clay loam""","""D""","""woods | used and managed but not planted | good""","77","0.5541004978003461","0.306","0.16483286871967703","0.14116713128032296","0.8624197146856777","0","49.63071296516659","50.36928703483341","""woodland""","17.48153564825833"
"12","22","[50.3463078093377 150.3463078093377 0]","""""","9.9","59.71225563443936","2","true","11","""done""","0.012936639204113476","186.7478525286471","22.861979062745696","37.602036574923225","39.53598436233108","""Clay loam""","""D""","""woods | used and managed but not planted | good""","77","0.5695119296304898","0.306","0.15044886567820948","0.15555113432179052","0.9407188947591564","0","49.385936088390636","50.614063911609364","""woodland""","17.469296804419532"
"13","22","[46.43886986815917 146.43886986815917 0]","""""","9.9","58.18236359421445","2","true","12","""done""","0.014104365902709914","138.4292322060663","25.34602277379547","36.49213272236437","38.16184450384016","""Clay loam""","""D""","""woods | used and managed but not planted | good""","77","0.5633283002672806","0.306","0.15622025308387136","0.14977974691612864","1","0","49.26355795494361","50.73644204505639","""woodland""","17.46317789774718"
"14","22","[40.989299599421315 140.98929959942132 0]","""""","9.9","56.04867540714789","4","true","46","""done""","0.052995702748759976","159.3666843942544","24.027602995129744","41.86649870621749","34.10589829865276","""Clay loam""","""D""","""woods | used and managed but not planted | good""","77","0.5450765423439374","0.306","0.1732552271456584","0.13274477285434158","1","0","45.11749555837925","54.88250444162075","""woodland""","17.25587477791896"
"15","22","[38.017564051240555 138.01756405124056 0]","""""","9.9","54.885142005144864","4","false","0","""done""","0","161.610605139312","22.05481336308917","42.49694838182103","35.44823825508982","""Clay loam""","""D""","""woods-grass combination or tree farm | lightly or only occasionally grazed | good""","79","0.5511170721479042","0.306","0.16761739932862277","0.13838260067137723","1","7.2375519172233","43.49470664368795","49.26774143908875","""wood-grass""","17.53661292804556"
"16","22","[34.18834549664825 134.18834549664825 0]","""""","9.9","53.38587545884488","4","true","2","""done""","0.002364662728699396","146.3867453492861","24.269593728077886","39.4351404012482","36.295265870673916","""Clay loam""","""D""","""woods-grass combination or tree farm | lightly or only occasionally grazed | good""","79","0.5549286964180327","0.306","0.16405988334316957","0.14194011665683043","1","4.46554699695929","46.02194743691256","49.51250556612814","""wood-grass""","17.524374721693594"
"17","22","[30.63490816822133 130.63490816822133 0]","""""","9.9","51.9945864438852","4","true","53","""done""","0.060810273384918734","181.2918592413797","17.883720709396535","43.37823312454482","38.738046166058645","""Silty clay loam""","""D""","""woods | used and managed but not planted | good""","77","0.565921207747264","0.2365","0.0843002061025537","0.15219979389744628","0.6606156730704162","0","44.27036246987136","55.72963753012864","""woodland""","17.213518123493568"
"18","22","[26.870090315538107 126.8700903155381 0]","""""","9.9","50.52053491640797","4","true","16","""done""","0.018761474459957017","188.38079001759752","21.58098112513519","40.14465681811066","38.27436205675414","""Clay loam""","""D""","""woods | used and managed but not planted | good""","77","0.5638346292553936","0.306","0.1557476793616326","0.15025232063836738","0.9325644797061526","0","48.77414832075861","51.22585167924139","""woodland""","17.438707416037932"
"19","22","[22.913773948410224 122.91377394841022 0]","""""","9.9","48.97150534516547","2","false","0","""done""","0","192.34100340079644","18.15867836347567","41.70047059806709","40.140851038457235","""Silty clay""","""D""","""woods-grass combination or tree farm | lightly or only occasionally grazed | good""","79","0.5722338296730576","0.3485","0.1904084256384796","0.15809157436152038","0.7297093650560985","7.2375519172233","43.49470664368795","49.26774143908875","""wood-grass""","17.53661292804556"
"20","22","[18.157073899113925 118.15707389911393 0]","""""","9.9","47.1090989160154","2","true","51","""done""","0.05858414239423182","144.08326816928715","21.967843346381404","42.198137490479816","35.834019163138784","""Clay loam""","""D""","""woods | used and managed but not planted | good""","77","0.5528530862341245","0.306","0.16599711951481713","0.14000288048518286","1","0","44.51208258832723","55.48791741167277","""woodland""","17.22560412941636"
"21","22","[13.967165651281704 113.9671656512817 0]","""""","9.9","45.468610346746445","2","true","52","""done""","0.059697866674831124","175.85837129798435","19.816324635686062","41.43293810259901","38.75073726171493","""Silty clay loam""","""D""","""woods | used and managed but not planted | good""","77","0.5659783176777171","0.2365","0.0842469035007973","0.15225309649920268","0.6810266848883522","0","44.391189339961926","55.608810660038074","""woodland""","17.2195594669981"
"22","22","[8.242693878554746 108.24269387855475 0]","""""","9.9","43.22728906885927","2","true","58","""done""","0.06635259786863013","175.9974021174031","22.756674163094385","40.66149342320538","36.58183241370023","""Clay loam""","""D""","""woods | used and managed but not planted | good""","77","0.556218245861651","0.306","0.16285630386245903","0.14314369613754097","0.9981808328750518","0","43.667272411638734","56.332727588361266","""woodland""","17.183363620581936"
"23","22","[7.015615653588057 107.01561565358806 0]","""""","9.9","42.746847091950066","8","true","926","""done""","0.6658399970488609","218.921547852298","21.036886342611233","41.4985795446945","37.46453411269427","""Clay loam""","""D""","""woods | used and managed but not planted | good""","77","0.5601904035071241","0.306","0.15914895672668408","0.1468510432733159","0.8024666148803258","0","1.0938987481451505","98.90610125185485","""woodland""","15.054694937407259"
"24","22","[7.1191626416418075 107.11916264164181 0]","""""","9.9","42.78738918505492","16","true","159","""done""","0.17156202176957935","156.14421170954978","25.68132712050164","40.079984568309776","34.23868831118859","""Clay loam""","""D""","""woods | used and managed but not planted | good""","77","0.5456740974003487","0.306","0.17269750909300793","0.13330249090699206","1","0","32.10011206482008","67.89988793517992","""woodland""","16.605005603241004"
"25","22","[8.871133674142342 108.87113367414234 0]","""""","9.9","43.473344170822074","32","true","153","""done""","0.16565718869954416","206.05421975389476","21.76028957486277","39.87695849543763","38.3627519296996","""Clay loam""","""D""","""woods | used and managed but not planted | good""","77","0.5642323836836481","0.306","0.1553764418952617","0.1506235581047383","0.8525777032822656","0","32.743730365637276","67.25626963436272","""woodland""","16.637186518281865"
"26","22","[12.75681223197546 112.75681223197546 0]","""""","9.9","44.99471668805481","32","true","148","""done""","0.16070435684854467","176.86612357619393","19.03170217088765","43.24757602829169","37.72072180082067","""Silty clay loam""","""D""","""woods | used and managed but not planted | good""","77","0.5613432481036931","0.2365","0.08857296843655318","0.1479270315634468","0.6771463137955686","0","33.285096275488","66.714903724512","""woodland""","16.6642548137744"
"27","22","[17.466915790169594 117.4669157901696 0]","""""","9.9","46.83887903965003","64","true","1","""done""","0.0011830311456955123","137.3291304718932","24.15759610603329","37.242294184749625","38.60010970921708","""Clay loam""","""D""","""woods-grass combination or tree farm | lightly or only occasionally grazed | good""","79","0.5653004936914768","0.306","0.15437953922128828","0.15162046077871172","1","5.854940353061892","44.75493979863351","49.39011984830461","""wood-grass""","17.530494007584768"
"28","22","[21.988867768523576 121.98886776852358 0]","""""","9.9","48.60937378380365","32","false","0","""done""","0","123.3028012378524","23.404316541859895","39.070398108473974","37.525285349666134","""Clay loam""","""D""","""woods-grass combination or tree farm | lightly or only occasionally grazed | good""","79","0.5604637840734976","0.306","0.15889380153140226","0.14710619846859774","1","7.2375519172233","43.49470664368795","49.26774143908875","""wood-grass""","17.53661292804556"
"29","22","[25.38596652610967 125.38596652610967 0]","""""","9.9","49.93945104346227","64","true","2","""done""","0.002364662728699396","164.7869348325033","20.227634393609744","40.14698937788821","39.62537622850204","""Clay loam""","""D""","""woods-grass combination or tree farm | lightly or only occasionally grazed | good""","79","0.5699141930282592","0.306","0.15007341984029143","0.15592658015970856","1","4.46554699695929","46.02194743691256","49.51250556612814","""wood-grass""","17.524374721693594"
"30","22","[29.31662033392601 129.316620333926 0]","""""","9.9","51.478432868377496","32","true","1","""done""","0.0011830311456955123","181.2323299300946","25.955151690227645","35.59479657849494","38.45005173127742","""Clay loam""","""D""","""woods-grass combination or tree farm | lightly or only occasionally grazed | good""","79","0.5646252327907484","0.306","0.15500978272863486","0.15099021727136513","0.9693482034753815","5.854940353061892","44.75493979863351","49.39011984830461","""wood-grass""","17.530494007584768"
"31","22","[34.120141419383685 134.12014141938369 0]","""""","9.9","53.359171291948634","32","false","0","""done""","0","181.8446997530042","21.81451439834681","41.13887019645261","37.04661540520058","""Clay loam""","""D""","""woods-grass combination or tree farm | lightly or only occasionally grazed | good""","79","0.5583097693234026","0.306","0.16090421529815757","0.14509578470184242","0.9660838818399079","7.2375519172233","43.49470664368795","49.26774143908875","""wood-grass""","17.53661292804556"
"32","22","[39.08394466996302 139.08394466996302 0]","""""","9.9","55.302665519271756","64","false","0","""done""","0","177.51148540638042","22.49283097686934","36.62756263307095","40.87960639005971","""Clay""","""D""","""woods-grass combination or tree farm | lightly or only occasionally grazed | good""","79","0.5755582287552687","0.357","0.19580565316174922","0.16119434683825076","0.5340814907767336","7.2375519172233","43.49470664368795","49.26774143908875","""wood-grass""","17.53661292804556"
"33","22","[41.900717801350254 141.90071780135025 0]","""""","9.9","56.40552597609809","64","true","11","""done""","0.012936639204113476","189.4160677399388","25.547698968918308","38.10020749647438","36.35209353460731","""Clay loam""","""D""","""woods | used and managed but not planted | good""","77","0.5551844209057328","0.306","0.1638212071546493","0.1421787928453507","0.927467429376652","0","49.385936088390636","50.614063911609364","""woodland""","17.469296804419532"
"34","22","[46.99859636791126 146.99859636791126 0]","""""","9.9","58.40151515325761","32","true","10","""done""","0.011767529412220479","189.39026389405043","25.341886226121087","42.24762440905593","32.410489364822986","""Clay loam""","""D""","""woods | used and managed but not planted | good""","77","0.5374472021417034","0.306","0.18037594466774348","0.1256240553322565","0.9275937939854869","0","49.508321580567106","50.491678419432894","""woodland""","17.475416079028356"
"35","22","[51.796309164182674 151.79630916418267 0]","""""","9.9","60.27997943824302","32","true","9","""done""","0.010597034888850443","187.8454004305297","25.006863602086447","39.24588295518798","35.747253442725565","""Clay loam""","""D""","""woods | used and managed but not planted | good""","77","0.552462640492265","0.306","0.16636153554055264","0.13963846445944736","0.9352224383815296","0","49.63071296516659","50.36928703483341","""woodland""","17.48153564825833"
"36","22","[56.56975022498514 156.56975022498514 0]","""""","9.9","62.148940530738784","32","true","7","""done""","0.008251885085253763","176.3550169765057","21.404145217203975","41.14211190502092","37.4537428777751","""Clay loam""","""D""","""woods | used and managed but not planted | good""","77","0.5601418429499879","0.306","0.1591942799133446","0.1468057200866554","0.9961567095808724","0","49.87550754506712","50.12449245493288","""woodland""","17.493775377253357"
"37","22","[61.532225836726184 161.53222583672618 0]","""""","9.9","64.09191494325702","32","true","2","""done""","0.002364662728699396","177.67440024236913","21.54344729448912","39.5444972776193","38.91205542789158","""Clay loam""","""D""","""woods-grass combination or tree farm | lightly or only occasionally grazed | good""","79","0.5667042494255121","0.306","0.15306936720285538","0.1529306327971446","0.988759400283609","4.46554699695929","46.02194743691256","49.51250556612814","""wood-grass""","17.524374721693594"
"38","22","[64.71759539538311 164.7175953953831 0]","""""","9.9","65.33909317265562","32","true","1","""done""","0.0011830311456955123","153.42489672298404","22.795615796702254","39.78435493803909","37.42002926525866","""Clay loam""","""D""","""woods-grass combination or tree farm | lightly or only occasionally grazed | good""","79","0.559990131693664","0.306","0.15933587708591362","0.14666412291408637","1","5.854940353061892","44.75493979863351","49.39011984830461","""wood-grass""","17.530494007584768"
"39","22","[69.82602680700629 169.8260268070063 0]","""""","9.9","67.33921413998183","32","false","0","""done""","0","127.52296935660785","24.484332367992483","42.97900025353606","32.536667378471456","""Clay loam""","""D""","""woods-grass combination or tree farm | lightly or only occasionally grazed | good""","79","0.5380150032031216","0.306","0.1798459970104199","0.1261540029895801","1","7.2375519172233","43.49470664368795","49.26774143908875","""wood-grass""","17.53661292804556"
"40","22","[72.4415772305104 172.4415772305104 0]","""""","9.9","68.36328920757431","64","true","14","""done""","0.01643567656304723","157.90582567406497","26.758816050963937","35.91939907220418","37.32178487683188","""Clay loam""","""D""","""woods | used and managed but not planted | good""","77","0.5595480319457434","0.306","0.15974850351730613","0.14625149648269387","1","0","49.01882962762967","50.98117037237033","""woodland""","17.450941481381484"
"41","22","[77.90591987766436 177.90591987766436 0]","""""","9.9","70.50276127259215","32","false","0","""done""","0","165.66998555828312","22.590843418159007","40.54531089651671","36.86384568532429","""Clay loam""","""D""","""woods-grass combination or tree farm | lightly or only occasionally grazed | good""","79","0.5574873055839593","0.306","0.16167184812163798","0.144328151878362","1","7.2375519172233","43.49470664368795","49.26774143908875","""wood-grass""","17.53661292804556"
"42","22","[81.42531884926211 181.4253188492621 0]","""""","9.9","71.88072313764974","64","true","5","""done""","0.005901176649031781","174.74944110010424","24.554999203090073","40.43167839433988","35.01332240257004","""Clay loam""","""D""","""woods-grass combination or tree farm | lightly or only occasionally grazed | good""","79","0.5491599508115652","0.306","0.16944404590920584","0.13655595409079416","1","0.2729377906510422","49.84737030260629","49.87969190674267","""wood-grass""","17.506015404662865"
"43","22","[85.48761816565451 185.4876181656545 0]","""""","9.9","73.47124856190902","64","false","0","""done""","0","173.81496895280983","23.105936572053853","41.51973884285356","35.37432458509258","""Clay loam""","""D""","""woods-grass combination or tree farm | lightly or only occasionally grazed | good""","79","0.5507844606329166","0.306","0.16792783674261116","0.13807216325738883","1","7.2375519172233","43.49470664368795","49.26774143908875","""wood-grass""","17.53661292804556"
"44","22","[88.41609371718258 188.41609371718258 0]","""""","9.9","74.61784423501258","64","true","8","""done""","0.009425153993882662","193.55674497171194","31.710186015199504","40.673134329568875","27.616679655231618","""Clay loam""","""D""","""woods | used and managed but not planted | good""","77","0.5158750584485423","0.306","0.2005099454480272","0.10549005455197279","0.9076265126026469","0","49.753108775600275","50.246891224399725","""woodland""","17.487655438780013"
"45","22","[94.19444584985723 194.19444584985723 0]","""""","9.9","76.88026146760188","32","true","3","""done""","0.003544896404737763","209.3469358529138","25.520662251814827","40.58852427697265","33.89081347121252","""Clay loam""","""D""","""woods-grass combination or tree farm | lightly or only occasionally grazed | good""","79","0.5441086606204564","0.306","0.17415858342090743","0.13184141657909257","0.8391679233978608","3.0709855053506487","47.29411736840723","49.63489712624213","""wood-grass""","17.518255143687888"
"46","22","[97.96513927727182 197.96513927727182 0]","""""","9.9","78.35661347819581","64","true","2","""done""","0.002364662728699396","146.97882360239475","23.819441690457193","41.9126265916968","34.267931717846","""Clay loam""","""D""","""woods-grass combination or tree farm | lightly or only occasionally grazed | good""","79","0.545805692730307","0.306","0.17257468678504684","0.13342531321495316","1","4.46554699695929","46.02194743691256","49.51250556612814","""wood-grass""","17.524374721693594"
"47","22","[101.4438729117436 201.4438729117436 0]","""""","9.9","79.71865350993994","64","true","1","""done""","0.0011830311456955123","134.23536915835177","21.496835819901975","38.98248671090805","39.52067746918998","""Clay loam""","""D""","""woods-grass combination or tree farm | lightly or only occasionally grazed | good""","79","0.5694430486113549","0.306","0.15051315462940212","0.15548684537059787","1","5.854940353061892","44.75493979863351","49.39011984830461","""wood-grass""","17.530494007584768"
"48","22","[103.85902295862141 203.8590229586214 0]","""""","9.9","80.66426515836262","64","false","0","""done""","0","157.03814794792459","24.778722051886955","40.910937890396895","34.31034005771616","""Clay loam""","""D""","""woods-grass combination or tree farm | lightly or only occasionally grazed | good""","79","0.5459965302597227","0.306","0.17239657175759213","0.13360342824240787","1","7.2375519172233","43.49470664368795","49.26774143908875","""wood-grass""","17.53661292804556"
"49","22","[108.24929469791402 208.24929469791402 0]","""""","9.9","82.38320270503094","2","false","0","""done""","0","157.91562197214924","24.95386924191838","41.778359695793924","33.2677710622877","""Clay loam""","""D""","""woods-grass combination or tree farm | lightly or only occasionally grazed | good""","79","0.5413049697802946","0.306","0.17677536153839168","0.1292246384616083","1","7.2375519172233","43.49470664368795","49.26774143908875","""wood-grass""","17.53661292804556"
"0","21","[99.76186621841197 199.76186621841197 0]","""""","9.9","79.06009189220714","32","false","0","""done""","0","135.05300507474078","18.867762035793138","39.88200777295923","41.25023019124764","""Clay""","""D""","""woods-grass combination or tree farm | lightly or only occasionally grazed | good""","79","0.5772260358606144","0.357","0.19424903319675993","0.16275096680324005","0.7019880727819784","7.2375519172233","43.49470664368795","49.26774143908875","""wood-grass""","17.53661292804556"
"1","21","[92.96482391785477 192.96482391785477 0]","""""","9.9","76.39882354470319","4","false","0","""done""","0","149.36747523978548","21.3824160832472","43.12264473406305","35.49493918268975","""Clay loam""","""D""","""woods-grass combination or tree farm | lightly or only occasionally grazed | good""","79","0.5513272263221038","0.306","0.16742125543270306","0.13857874456729694","1","7.2375519172233","43.49470664368795","49.26774143908875","""wood-grass""","17.53661292804556"
"2","21","[89.09278613427136 189.09278613427136 0]","""""","9.9","74.88279184471727","4","true","1","""done""","0.0011830311456955123","161.80346773230949","28.168219707961534","36.76147903188893","35.070301260149535","""Clay loam""","""D""","""woods-grass combination or tree farm | lightly or only occasionally grazed | good""","79","0.5494163556706729","0.306","0.16920473470737196","0.13679526529262803","1","5.854940353061892","44.75493979863351","49.39011984830461","""wood-grass""","17.530494007584768"
"3","21","[86.26566743716137 186.26566743716137 0]","""""","9.9","73.77588075448637","2","true","2","""done""","0.002364662728699396","169.79640277327542","21.109117411199307","40.97077183403017","37.920110754770526","""Clay loam""","""D""","""woods-grass combination or tree farm | lightly or only occasionally grazed | good""","79","0.5622404983964674","0.306","0.1572355348299638","0.1487644651700362","1","4.46554699695929","46.02194743691256","49.51250556612814","""wood-grass""","17.524374721693594"
"4","21","[81.98574316763859 181.9857431676386 0]","""""","9.9","72.1001479159161","4","true","4","""done""","0.004723733827578291","195.26079027714212","24.76089604834603","42.04999930769218","33.189104643961784","""Clay loam""","""D""","""woods-grass combination or tree farm | lightly or only occasionally grazed | good""","79","0.540950970897828","0.306","0.17710576049536053","0.12889423950463946","0.89970563562735","1.672896220173925","48.569810717776754","49.75729306204932","""wood-grass""","17.512135346897534"
"5","21","[79.76397337384975 179.76397337384975 0]","""""","9.9","71.2302510745847","2","true","5","""done""","0.005901176649031781","165.6405873344013","24.283896804175345","38.490628436327356","37.2254747594973","""Clay loam""","""D""","""woods-grass combination or tree farm | lightly or only occasionally grazed | good""","79","0.5591146364177378","0.306","0.16015300601011134","0.14584699398988865","1","0.2729377906510422","49.84737030260629","49.87969190674267","""wood-grass""","17.506015404662865"
"6","21","[76.00106017386187 176.00106017386187 0]","""""","9.9","69.75694528204731","4","true","7","""done""","0.008251885085253763","147.57809796993922","26.322500821288177","41.229284543101386","32.448214635610434","""Clay loam""","""D""","""woods | used and managed but not planted | good""","77","0.537616965860247","0.306","0.1802174985304362","0.1257825014695638","1","0","49.87550754506712","50.12449245493288","""woodland""","17.493775377253357"
"7","21","[72.92515522748687 172.92515522748687 0]","""""","9.9","68.55262609264818","2","true","9","""done""","0.010597034888850443","140.40969165737854","26.03563626506501","38.4132602883306","35.551103446604394","""Clay loam""","""D""","""woods | used and managed but not planted | good""","77","0.5515799655097198","0.306","0.16718536552426155","0.13881463447573844","1","0","49.63071296516659","50.36928703483341","""woodland""","17.48153564825833"
"8","21","[68.79009427297376 168.79009427297376 0]","""""","9.9","66.93361206468737","2","true","10","""done""","0.011767529412220479","180.95593370315626","26.593227618560704","42.61510117829822","30.791671203141078","""Clay loam""","""D""","""woods | used and managed but not planted | good""","77","0.5301625204141348","0.306","0.18717498094680746","0.11882501905319252","0.9708288080653894","0","49.508321580567106","50.491678419432894","""woodland""","17.475416079028356"
"9","21","[63.61007341119219 163.6100734111922 0]","""""","9.9","64.90546144427128","4","true","11","""done""","0.012936639204113476","162.6749800438005","20.6853090530555","38.36820670415095","40.946484242793545","""Clay""","""D""","""woods | used and managed but not planted | good""","77","0.5758591790925709","0.357","0.19552476618026712","0.16147523381973286","0.5827915192016957","0","49.385936088390636","50.614063911609364","""woodland""","17.469296804419532"
"10","21","[60.11765815022241 160.1176581502224 0]","""""","9.9","63.53806460026507","2","false","0","""done""","0","138.51251019287707","26.19359508568324","37.464114337641064","36.34229057667571","""Clay loam""","""D""","""woods-grass combination or tree farm | lightly or only occasionally grazed | good""","79","0.5551403075950407","0.306","0.16386237957796204","0.14213762042203795","1","7.2375519172233","43.49470664368795","49.26774143908875","""wood-grass""","17.53661292804556"
"11","21","[54.22190391445062 154.22190391445062 0]","""""","9.9","61.22968053576756","4","true","1","""done""","0.0011830311456955123","145.6962920705613","24.77722170648532","40.380471421263884","34.8423068722508","""Clay loam""","""D""","""woods-grass combination or tree farm | lightly or only occasionally grazed | good""","79","0.5483903809251286","0.306","0.17016231113654665","0.13583768886345335","1","5.854940353061892","44.75493979863351","49.39011984830461","""wood-grass""","17.530494007584768"
"12","21","[50.40142628636403 150.40142628636403 0]","""""","9.9","59.73383635319709","2","false","0","""done""","0","154.25732174055574","20.193444490375462","42.07586092392397","37.73069458570057","""Clay loam""","""D""","""woods-grass combination or tree farm | lightly or only occasionally grazed | good""","79","0.5613881256356525","0.306","0.15803108274005762","0.14796891725994238","1","7.2375519172233","43.49470664368795","49.26774143908875","""wood-grass""","17.53661292804556"
"13","21","[45.51009405246816 145.51009405246816 0]","""""","9.9","57.81871694160748","2","true","1","""done""","0.0011830311456955123","188.71594255022578","21.726770762244293","42.50983147603066","35.76339776172505","""Clay loam""","""D""","""woods-grass combination or tree farm | lightly or only occasionally grazed | good""","79","0.5525352899277627","0.306","0.1662937294007548","0.1397062705992452","0.9309082796894027","5.854940353061892","44.75493979863351","49.39011984830461","""wood-grass""","17.530494007584768"
"14","21","[39.847602843452165 139.84760284345217 0]","""""","9.9","55.60166311786736","4","true","2","""done""","0.002364662728699396","169.23622555639983","23.529581739214965","39.43187335126694","37.03854490951809","""Clay loam""","""D""","""woods-grass combination or tree farm | lightly or only occasionally grazed | good""","79","0.5582734520928314","0.306","0.16093811138002403","0.14506188861997596","1","4.46554699695929","46.02194743691256","49.51250556612814","""wood-grass""","17.524374721693594"
"15","21","[36.127656399767545 136.12765639976755 0]","""""","9.9","54.14518024087009","2","true","47","""done""","0.05411603832751577","177.35017820875768","23.805912792530087","39.48978483286194","36.70430237460796","""Clay loam""","""D""","""woods | used and managed but not planted | good""","77","0.5567693606857358","0.306","0.16234193002664657","0.14365806997335342","0.9905669969082657","0","44.99629141036655","55.00370858963345","""woodland""","17.249814570518325"
"16","21","[31.428602156565518 131.42860215656552 0]","""""","9.9","52.30534406394758","4","true","49","""done""","0.05635273487735715","151.44032792942224","25.55901762711278","38.56769853427308","35.87328383861414","""Clay loam""","""D""","""woods | used and managed but not planted | good""","77","0.5530297772737636","0.306","0.1658322078778206","0.1401677921221794","1","0","44.75406263509017","55.24593736490983","""woodland""","17.237703131754508"
"17","21","[28.200035636613677 128.20003563661368 0]","""""","9.9","51.04125278609068","4","true","3","""done""","0.003544896404737763","156.09427259741426","24.845281103844226","40.12386551457437","35.03085338158141","""Clay loam""","""D""","""woods-grass combination or tree farm | lightly or only occasionally grazed | good""","79","0.5492388402171163","0.306","0.1693704157973581","0.1366295842026419","1","3.0709855053506487","47.29411736840723","49.63489712624213","""wood-grass""","17.518255143687888"
"18","21","[24.611394006709446 124.61139400670945 0]","""""","9.9","49.63618011508255","2","true","54","""done""","0.061921364083221575","145.2817383407897","28.46290970820537","39.345832972483876","32.19125731931075","""Clay loam""","""D""","""woods | used and managed but not planted | good""","77","0.5364606579368983","0.306","0.18129671925889485","0.12470328074110514","1","0","44.14960337036654","55.85039662963346","""woodland""","17.207480168518327"
"19","21","[20.591026771079896 120.5910267710799 0]","""""","9.9","48.06207249644293","2","true","72","""done""","0.0816977245939906","168.75368924652338","25.23690593023172","39.34354483247894","35.419549237289345","""Clay loam""","""D""","""woods | used and managed but not planted | good""","77","0.5509879715678021","0.306","0.16773789320338475","0.13826210679661524","1","0","41.989095267864464","58.010904732135536","""woodland""","17.099454763393222"
"20","21","[17.580742043946273 117.58074204394627 0]","""""","9.9","46.88344580750228","4","true","73","""done""","0.08278410478695908","156.65254860001343","22.667490983313563","38.680519404762805","38.65198961192363","""Clay loam""","""D""","""woods | used and managed but not planted | good""","77","0.5655339532536563","0.306","0.15416164362992077","0.15183835637007922","1","0","41.86988374526995","58.13011625473005","""woodland""","17.0934941872635"
"21","21","[13.909292470123148 113.90929247012315 0]","""""","9.9","45.445951069611446","2","false","0","""done""","0","157.67484434650757","20.61804985935795","40.94710521557065","38.43484492507139","""Clay loam""","""D""","""woods-grass combination or tree farm | lightly or only occasionally grazed | good""","79","0.5645568021628212","0.306","0.1550736513147002","0.1509263486852998","1","7.2375519172233","43.49470664368795","49.26774143908875","""wood-grass""","17.53661292804556"
"22","21","[8.079240882883767 108.07924088288377 0]","""""","9.9","43.163291779384075","2","true","1","""done""","0.0011830311456955123","149.22397207205424","23.9644478218609","38.629669043201666","37.405883134937426","""Clay loam""","""D""","""woods-grass combination or tree farm | lightly or only occasionally grazed | good""","79","0.5599264741072184","0.306","0.15939529083326281","0.14660470916673718","1","5.854940353061892","44.75493979863351","49.39011984830461","""wood-grass""","17.530494007584768"
"23","21","[6.893976791343121 106.89397679134312 0]","""""","9.9","42.699221427785474","8","true","1117","""done""","0.7334592296194549","197.46920145688586","22.920569257343235","37.95212064463588","39.12731009802088","""Clay loam""","""D""","""woods | used and managed but not planted | good""","77","0.5676728954410939","0.306","0.15216529758831232","0.15383470241168767","0.8896437122006139","0","0.43226150320019485","99.5677384967998","""woodland""","15.021613075160008"
"24","21","[7.0895022155138605 107.08950221551386 0]","""""","9.9","42.775776140772216","32","true","27","""done""","0.031455403238044854","192.3668573022281","21.889798463449914","41.072844349653884","37.0373571868962","""Clay loam""","""D""","""woods | used and managed but not planted | good""","77","0.5582681073410329","0.306","0.16094309981503596","0.14505690018496403","0.9132406480674985","0","47.42976440919787","52.57023559080213","""woodland""","17.371488220459895"
"25","21","[12.253745911913796 112.2537459119138 0]","""""","9.9","44.79774947568868","32","false","0","""done""","0","172.36682935748328","19.199887639210967","38.12979562026433","42.670316740524704","""Clay""","""D""","""woods-grass combination or tree farm | lightly or only occasionally grazed | good""","79","0.5836164253323611","0.357","0.18828466968979624","0.16871533031020375","0.5500222932058945","7.2375519172233","43.49470664368795","49.26774143908875","""wood-grass""","17.53661292804556"
"26","21","[16.13524035927456 116.13524035927456 0]","""""","9.9","46.31748377437427","64","true","3","""done""","0.003544896404737763","180.28245086859627","24.41961527654737","37.407392150915406","38.17299257253722","""Clay loam""","""D""","""woods-grass combination or tree farm | lightly or only occasionally grazed | good""","79","0.5633784665764174","0.306","0.1561734311953437","0.1498265688046563","0.9744555423059005","3.0709855053506487","47.29411736840723","49.63489712624213","""wood-grass""","17.518255143687888"
"27","21","[18.60093343521376 118.60093343521376 0]","""""","9.9","47.2828847013508","64","true","147","""done""","0.1597102679240907","165.68441560551622","23.058654353608738","39.52775603330748","37.41358961308378","""Clay loam""","""D""","""woods | used and managed but not planted | good""","77","0.559961153258877","0.306","0.15936292362504814","0.14663707637495185","1","0","33.39390672884838","66.60609327115162","""woodland""","16.66969533644242"
"28","21","[22.044289100796448 122.04428910079645 0]","""""","9.9","48.63107308047305","32","true","146","""done""","0.1587150015685399","186.49791467951783","20.072845986902106","47.07664905361602","32.85050495948186","""Clay loam""","""D""","""woods | used and managed but not planted | good""","77","0.5394272723176683","0.306","0.1785278791701762","0.1274721208298238","0.9419796126475863","0","33.50289425984312","66.49710574015688","""woodland""","16.675144712992157"
"29","21","[26.910874652251522 126.91087465225152 0]","""""","9.9","50.53650334202163","32","true","97","""done""","0.10847513734687608","174.16895559928417","18.84018542531168","41.296341197510955","39.86347337717738","""Silty clay loam""","""D""","""woods | used and managed but not planted | good""","77","0.5709856301972982","0.2365","0.07957341181585503","0.15692658818414496","0.6876325531312049","0","39.040227840623054","60.959772159376946","""woodland""","16.952011392031153"
"30","21","[30.97008334003263 130.97008334003263 0]","""""","9.9","52.12581868228652","32","true","94","""done""","0.1053035310507664","154.53816027838946","18.55885374996767","41.42982062056577","40.011325629466555","""Silty clay""","""D""","""woods | used and managed but not planted | good""","77","0.5716509653325995","0.3485","0.19095243235624046","0.15754756764375952","0.9082095400450743","0","39.3903439099708","60.6096560900292","""woodland""","16.96951719549854"
"31","21","[35.20985211124136 135.20985211124136 0]","""""","9.9","53.78582930641174","32","true","93","""done""","0.10424382359513018","176.62512015512718","22.75971218814794","38.84882188675518","38.391465925096874","""Clay loam""","""D""","""woods | used and managed but not planted | good""","77","0.564361596662936","0.306","0.15525584311459315","0.15074415688540685","0.9946333413678652","0","39.50729374879135","60.49270625120865","""woodland""","16.975364687439566"
"32","21","[39.72196324225516 139.72196324225516 0]","""""","9.9","55.552471031210615","32","true","70","""done""","0.07952110245240551","180.4962167465332","19.45030889152699","43.698539595876866","36.85115151259615","""Silty clay loam""","""D""","""woods | used and managed but not planted | good""","77","0.5574301818066827","0.2365","0.09222516364709618","0.1442748363529038","0.6635277224846959","0","42.227797640810195","57.772202359189805","""woodland""","17.111389882040513"
"33","21","[43.75500868850801 143.755008688508 0]","""""","9.9","57.13154259139169","32","true","69","""done""","0.07843085745386158","150.6575972787924","22.455361600462886","39.444171619061876","38.10046678047523","""Clay loam""","""D""","""woods | used and managed but not planted | good""","77","0.5630521005121385","0.306","0.15647803952200404","0.14952196047799596","1","0","42.347285844023276","57.652714155976724","""woodland""","17.117364292201167"
"34","21","[48.37085634597818 148.37085634597818 0]","""""","9.9","58.938800619890145","32","true","68","""done""","0.07733932113385433","202.4643192517745","19.417194245759514","42.079088077213704","38.503717677026785","""Silty clay loam""","""D""","""woods | used and managed but not planted | good""","77","0.5648667295466205","0.2365","0.0852843857564875","0.1512156142435125","0.5915325922983911","0","42.46686361993349","57.53313638006651","""woodland""","17.123343180996677"
"35","21","[53.722922489441316 153.72292248944132 0]","""""","9.9","61.03431269580857","32","false","0","""done""","0","194.87186709128943","23.670261310423232","42.464303191689126","33.865435497887646","""Clay loam""","""D""","""woods-grass combination or tree farm | lightly or only occasionally grazed | good""","79","0.5439944597404944","0.306","0.1742651709088719","0.1317348290911281","0.9015012585018097","7.2375519172233","43.49470664368795","49.26774143908875","""wood-grass""","17.53661292804556"
"36","21","[58.33699601070933 158.33699601070933 0]","""""","9.9","62.84087609091942","64","false","0","""done""","0","181.0481910203366","23.885054309203475","37.003867768560916","39.111077922235616","""Clay loam""","""D""","""woods-grass combination or tree farm | lightly or only occasionally grazed | good""","79","0.5675998506500602","0.306","0.15223347272661042","0.15376652727338957","0.9703340996633407","7.2375519172233","43.49470664368795","49.26774143908875","""wood-grass""","17.53661292804556"
"37","21","[61.577188491619864 161.57718849161986 0]","""""","9.9","64.10951931954264","64","true","3","""done""","0.003544896404737763","176.16859195881997","24.398945652592218","42.91944026851448","32.68161407889331","""Clay loam""","""D""","""woods-grass combination or tree farm | lightly or only occasionally grazed | good""","79","0.5386672633550199","0.306","0.1792372208686481","0.1267627791313519","0.9972108619137967","3.0709855053506487","47.29411736840723","49.63489712624213","""wood-grass""","17.518255143687888"
"38","21","[66.13412699036195 166.13412699036195 0]","""""","9.9","65.89371245119791","32","true","2","""done""","0.002364662728699396","161.5498315093407","25.051783986847337","38.25972658941007","36.68848942374259","""Clay loam""","""D""","""woods-grass combination or tree farm | lightly or only occasionally grazed | good""","79","0.5566982024068416","0.306","0.16240834442028115","0.14359165557971884","1","4.46554699695929","46.02194743691256","49.51250556612814","""wood-grass""","17.524374721693594"
"39","21","[70.86900673190658 170.86900673190658 0]","""""","9.9","67.74757550342247","32","true","1","""done""","0.0011830311456955123","173.5677010737364","24.470185654394527","37.98256782871263","37.54724651689284","""Clay loam""","""D""","""woods-grass combination or tree farm | lightly or only occasionally grazed | good""","79","0.5605626093260178","0.306","0.15880156462905007","0.14719843537094993","1","5.854940353061892","44.75493979863351","49.39011984830461","""wood-grass""","17.530494007584768"
"40","21","[74.59590353327434 174.59590353327434 0]","""""","9.9","69.2067796768437","32","false","0","""done""","0","150.93550031084968","20.52248505365701","41.81236036884583","37.66515457749717","""Clay loam""","""D""","""woods-grass combination or tree farm | lightly or only occasionally grazed | good""","79","0.5610931955987373","0.306","0.1583063507745119","0.14769364922548808","1","7.2375519172233","43.49470664368795","49.26774143908875","""wood-grass""","17.53661292804556"
"41","21","[79.16629855371653 179.16629855371653 0]","""""","9.9","70.99624148473849","64","true","12","""done""","0.014104365902709914","160.0128947212809","25.839294159823048","40.21126524193894","33.94944059823801","""Clay loam""","""D""","""woods | used and managed but not planted | good""","77","0.5443724826920711","0.306","0.17391234948740036","0.13208765051259963","1","0","49.26355795494361","50.73644204505639","""woodland""","17.46317789774718"
"42","21","[83.82871597095874 183.82871597095874 0]","""""","9.9","72.82173312458612","32","true","9","""done""","0.010597034888850443","164.85357690179677","21.537847212254658","42.6957462671824","35.76640652056294","""Clay loam""","""D""","""woods | used and managed but not planted | good""","77","0.5525488293425332","0.306","0.16628109261363566","0.13971890738636433","1","0","49.63071296516659","50.36928703483341","""woodland""","17.48153564825833"
"43","21","[87.35613211425908 187.35613211425908 0]","""""","9.9","74.20283397927258","64","true","4","""done""","0.004723733827578291","141.9386569699125","20.73151777744021","37.47372770364952","41.79475451891027","""Clay""","""D""","""woods-grass combination or tree farm | lightly or only occasionally grazed | good""","79","0.5796763953350962","0.357","0.19196203102057688","0.1650379689794231","0.6679336044156631","1.672896220173925","48.569810717776754","49.75729306204932","""wood-grass""","17.512135346897534"
"44","21","[92.54500072971553 192.54500072971553 0]","""""","9.9","76.23444878981141","32","true","3","""done""","0.003544896404737763","165.71468411493726","26.053950734564467","35.256076731238544","38.68997253419699","""Clay loam""","""D""","""woods-grass combination or tree farm | lightly or only occasionally grazed | good""","79","0.5657048764038864","0.306","0.15400211535637265","0.15199788464362735","1","3.0709855053506487","47.29411736840723","49.63489712624213","""wood-grass""","17.518255143687888"
"45","21","[96.7905606425968 196.7905606425968 0]","""""","9.9","77.89672683869988","64","true","3","""done""","0.003544896404737763","150.89023152853042","21.9421894394794","40.63063681417909","37.42717374634151","""Clay loam""","""D""","""woods-grass combination or tree farm | lightly or only occasionally grazed | good""","79","0.5600222818585368","0.306","0.15930587026536566","0.14669412973463433","1","3.0709855053506487","47.29411736840723","49.63489712624213","""wood-grass""","17.518255143687888"
"46","21","[99.94816944078084 199.94816944078084 0]","""""","9.9","79.1330358061633","64","true","2","""done""","0.002364662728699396","144.68144934964158","19.773956803893395","41.29995913781154","38.92608405829506","""Silty clay loam""","""D""","""woods-grass combination or tree farm | lightly or only occasionally grazed | good""","79","0.5667673782623277","0.2365","0.08351044695516074","0.15298955304483924","0.8277788490043759","4.46554699695929","46.02194743691256","49.51250556612814","""wood-grass""","17.524374721693594"
"47","21","[104.11533261582724 204.11533261582724 0]","""""","9.9","80.76461892220863","64","true","1","""done""","0.0011830311456955123","150.34945839655785","21.26192870877552","38.953958576694944","39.78411271452955","""Clay loam""","""D""","""woods-grass combination or tree farm | lightly or only occasionally grazed | good""","79","0.5706285072153829","0.306","0.14940672659897591","0.15659327340102408","1","5.854940353061892","44.75493979863351","49.39011984830461","""wood-grass""","17.530494007584768"
"48","21","[108.0580661391524 208.0580661391524 0]","""""","9.9","82.30833035790293","64","false","0","""done""","0","154.12575314069036","18.014261706561985","39.29722984558576","42.68850844785226","""Clay""","""D""","""woods-grass combination or tree farm | lightly or only occasionally grazed | good""","79","0.5836982880153352","0.357","0.18820826451902053","0.16879173548097945","0.6151184784108779","7.2375519172233","43.49470664368795","49.26774143908875","""wood-grass""","17.53661292804556"
"49","21","[109.7022897237025 209.7022897237025 0]","""""","9.9","82.95209863067416","2","false","0","""done""","0","175.23891955192923","24.863779617369435","40.67905146151628","34.457168921114295","""Clay loam""","""D""","""woods-grass combination or tree farm | lightly or only occasionally grazed | good""","79","0.5466572601450144","0.306","0.17177989053131998","0.13422010946868002","1","7.2375519172233","43.49470664368795","49.26774143908875","""wood-grass""","17.53661292804556"
"0","20","[96.22584599149428 196.22584599149428 0]","""""","9.9","77.67562225233769","32","false","0","""done""","0","163.39607896861693","24.89165305135593","39.70859065947813","35.39975628916593","""Clay loam""","""D""","""woods-grass combination or tree farm | lightly or only occasionally grazed | good""","79","0.5508989033012467","0.306","0.1678210235855031","0.1381789764144969","1","7.2375519172233","43.49470664368795","49.26774143908875","""wood-grass""","17.53661292804556"
"1","20","[90.86527910755211 190.8652791075521 0]","""20""","9.9","75.57678185351546","2","false","0","""done""","0","190.78330263676162","14.97071962437108","43.848956827752474","41.18032354787645","""Silty clay""","""D""","""woods-grass combination or tree farm | lightly or only occasionally grazed | good""","79","0.576911455965444","0.3485","0.1860426410989189","0.16245735890108107","0.7356672702803067","7.2375519172233","43.49470664368795","49.26774143908875","""wood-grass""","17.53661292804556"
"2","20","[85.58091361779219 185.5809136177922 0]","""""","9.9","73.50777683740904","4","true","2","""done""","0.002364662728699396","140.13041969393018","17.4261981890878","45.55329719499635","37.02050461591585","""Silty clay loam""","""D""","""woods-grass combination or tree farm | lightly or only occasionally grazed | good""","79","0.5581922707716214","0.2365","0.09151388061315344","0.14498611938684655","0.8546627054747833","4.46554699695929","46.02194743691256","49.51250556612814","""wood-grass""","17.524374721693594"
"3","20","[84.0646226489497 184.0646226489497 0]","""""","9.9","72.9140984428144","4","true","2","""done""","0.002364662728699396","164.2923500878786","22.40836988608559","40.28053293536094","37.31109717855348","""Clay loam""","""D""","""woods-grass combination or tree farm | lightly or only occasionally grazed | good""","79","0.5594999373034907","0.306","0.15979339185007538","0.14620660814992462","1","4.46554699695929","46.02194743691256","49.51250556612814","""wood-grass""","17.524374721693594"
"4","20","[80.46526206493269 180.4652620649327 0]","""""","9.9","71.50482894441619","4","false","0","""done""","0","142.88104320561644","25.91251119297162","38.81888971573121","35.268599091297176","""Clay loam""","""D""","""woods-grass combination or tree farm | lightly or only occasionally grazed | good""","79","0.5503086959108373","0.306","0.16837188381655188","0.1376281161834481","1","7.2375519172233","43.49470664368795","49.26774143908875","""wood-grass""","17.53661292804556"
"5","20","[78.65229076392745 178.65229076392745 0]","""""","9.9","70.79499032271114","4","true","5","""done""","0.005901176649031781","128.70180417349283","24.171362339388256","41.94654284956736","33.88209481104438","""Clay loam""","""D""","""woods-grass combination or tree farm | lightly or only occasionally grazed | good""","79","0.5440694266496997","0.306","0.1741952017936136","0.13180479820638638","1","0.2729377906510422","49.84737030260629","49.87969190674267","""wood-grass""","17.506015404662865"
"6","20","[74.78325678472024 174.78325678472024 0]","""""","9.9","69.28013471214105","2","false","0","""done""","0","202.84012568911638","23.201754083331792","37.99557041260673","38.80267550406148","""Clay loam""","""D""","""woods-grass combination or tree farm | lightly or only occasionally grazed | good""","79","0.5662120397682766","0.306","0.1535287628829418","0.1524712371170582","0.8660871848336712","7.2375519172233","43.49470664368795","49.26774143908875","""wood-grass""","17.53661292804556"
"7","20","[70.66098671890427 170.66098671890427 0]","""""","9.9","67.66612874293887","4","true","9","""done""","0.010597034888850443","147.0843268091949","27.058986757236784","35.513545856237","37.42746738652622","""Clay loam""","""D""","""woods | used and managed but not planted | good""","77","0.560023603239368","0.306","0.1593046369765899","0.1466953630234101","1","0","49.63071296516659","50.36928703483341","""woodland""","17.48153564825833"
"8","20","[67.10742295332216 167.10742295332216 0]","""""","9.9","66.27479022362358","2","false","0","""done""","0","181.14907635934705","26.78195200667729","41.681352966202226","31.536695027120476","""Clay loam""","""D""","""woods-grass combination or tree farm | lightly or only occasionally grazed | good""","79","0.5335151276220421","0.306","0.18404588088609397","0.12195411911390601","0.9697937022924827","7.2375519172233","43.49470664368795","49.26774143908875","""wood-grass""","17.53661292804556"
"9","20","[61.91449465082064 161.91449465082064 0]","""""","9.9","64.24158591045169","4","true","1","""done""","0.0011830311456955123","178.9427375300831","23.7187739706266","41.83694032707832","34.44428570229509","""Clay loam""","""D""","""woods-grass combination or tree farm | lightly or only occasionally grazed | good""","79","0.5465992856603279","0.306","0.17183400005036065","0.13416599994963935","0.9817511224777185","5.854940353061892","44.75493979863351","49.39011984830461","""wood-grass""","17.530494007584768"
"10","20","[58.11754768473779 158.1175476847378 0]","""""","9.9","62.75495476543746","2","true","12","""done""","0.014104365902709914","152.2558646029805","25.854544475578706","35.8362618653583","38.309193659063006","""Clay loam""","""D""","""woods | used and managed but not planted | good""","77","0.5639913714657835","0.306","0.1556013866319354","0.1503986133680646","1","0","49.26355795494361","50.73644204505639","""woodland""","17.46317789774718"
"11","20","[53.105427032038165 153.10542703203816 0]","""""","9.9","60.79254266660341","2","true","13","""done""","0.01527071114425227","112.4968807295725","21.325032792820164","37.7775419341745","40.89742527300533","""Clay""","""D""","""woods | used and managed but not planted | good""","77","0.575638413728524","0.357","0.19573081385337762","0.16126918614662236","0.8427397999037152","0","49.14118864617969","50.85881135382031","""woodland""","17.457059432308984"
"12","20","[48.29327844629702 148.29327844629702 0]","""""","9.9","58.90842628944492","4","true","16","""done""","0.018761474459957017","171.89694095451856","24.057170141828085","39.40960545074264","36.53322440742928","""Clay loam""","""D""","""woods | used and managed but not planted | good""","77","0.5559995098334317","0.306","0.16306045748879702","0.14293954251120297","1","0","48.77414832075861","51.22585167924139","""woodland""","17.438707416037932"
"13","20","[44.49592157026251 144.4959215702625 0]","""""","9.9","57.42163465103792","2","false","0","""done""","0","183.9027676360685","21.761524475382913","41.82200142051114","36.41647410410596","""Clay loam""","""D""","""woods-grass combination or tree farm | lightly or only occasionally grazed | good""","79","0.5554741334684767","0.306","0.163550808762755","0.142449191237245","0.9552723740245636","7.2375519172233","43.49470664368795","49.26774143908875","""wood-grass""","17.53661292804556"
"14","20","[39.10050739187545 139.10050739187545 0]","""""","9.9","55.309150376305894","2","true","1","""done""","0.0011830311456955123","154.59515834907472","26.81093875126457","40.94375380376058","32.24530744497485","""Clay loam""","""D""","""woods-grass combination or tree farm | lightly or only occasionally grazed | good""","79","0.5367038835023868","0.306","0.18106970873110562","0.12493029126889436","1","5.854940353061892","44.75493979863351","49.39011984830461","""wood-grass""","17.530494007584768"
"15","20","[34.526031257071395 134.5260312570714 0]","""""","9.9","53.51809067627014","4","true","5","""done""","0.005901176649031781","136.80858288935946","25.408059765582376","40.15761280445783","34.4343274299598","""Clay loam""","""D""","""woods-grass combination or tree farm | lightly or only occasionally grazed | good""","79","0.5465544734348191","0.306","0.17187582479416885","0.13412417520583114","1","0.2729377906510422","49.84737030260629","49.87969190674267","""wood-grass""","17.506015404662865"
"16","20","[30.76845713523656 130.76845713523656 0]","""""","9.9","52.04687531057804","2","false","0","""done""","0","148.52947351464786","28.451156604412223","36.53506707702916","35.01377631855862","""Clay loam""","""D""","""woods-grass combination or tree farm | lightly or only occasionally grazed | good""","79","0.5491619934335138","0.306","0.1694421394620538","0.1365578605379462","1","7.2375519172233","43.49470664368795","49.26774143908875","""wood-grass""","17.53661292804556"
"17","20","[25.689756269213547 125.68975626921355 0]","""""","9.9","50.05839484164231","4","true","51","""done""","0.05858414239423182","191.59254243746287","20.02970778880735","42.05705939389681","37.91323281729584","""Clay loam""","""D""","""woods | used and managed but not planted | good""","77","0.5622095476778313","0.306","0.15726442216735748","0.14873557783264252","0.9169314796620389","0","44.51208258832723","55.48791741167277","""woodland""","17.22560412941636"
"18","20","[22.10381853181059 122.10381853181059 0]","""""","9.9","48.65438083456631","4","true","4","""done""","0.004723733827578291","151.45963806790994","22.61997908180562","39.60648366161107","37.77353725658332","""Clay loam""","""D""","""woods-grass combination or tree farm | lightly or only occasionally grazed | good""","79","0.5615809176546249","0.306","0.15785114352235008","0.14814885647764992","1","1.672896220173925","48.569810717776754","49.75729306204932","""wood-grass""","17.512135346897534"
"19","20","[19.209741094723455 119.20974109472346 0]","""""","9.9","47.52125316844689","4","false","0","""done""","0","182.35263261728772","22.46236986283424","40.62988122256729","36.90774891459848","""Clay loam""","""D""","""woods-grass combination or tree farm | lightly or only occasionally grazed | good""","79","0.5576848701156931","0.306","0.1614874545586864","0.1445125454413136","0.9633929102526154","7.2375519172233","43.49470664368795","49.26774143908875","""wood-grass""","17.53661292804556"
"20","20","[16.580052517729683 116.58005251772968 0]","""""","9.9","46.49164254307642","2","false","0","""done""","0","176.47065608212424","28.50267815540401","37.736041914701936","33.76127992989406","""Clay loam""","""D""","""woods-grass combination or tree farm | lightly or only occasionally grazed | good""","79","0.5435257596845233","0.306","0.17470262429444497","0.13129737570555503","0.9955039400297794","7.2375519172233","43.49470664368795","49.26774143908875","""wood-grass""","17.53661292804556"
"21","20","[10.114633894766698 110.1146338947667 0]","""""","9.9","43.96021590575162","2","true","75","""done""","0.08495301102853992","159.93395372224154","22.757350353741295","42.19785042507573","35.04479922118297","""Clay loam""","""D""","""woods | used and managed but not planted | good""","77","0.5493015964953234","0.306","0.16931184327103155","0.13668815672896845","1","0","41.63174661342555","58.36825338657445","""woodland""","17.081587330671276"
"22","20","[7.0895022155138605 107.08950221551386 0]","""""","9.9","42.775776140772216","8","true","76","""done""","0.08603554011626813","156.23141446821688","21.239904053468035","43.48866024904606","35.2714356974859","""Clay loam""","""D""","""woods | used and managed but not planted | good""","77","0.5503214606386866","0.306","0.16835997007055925","0.13764002992944074","1","0","41.512823625274905","58.487176374725095","""woodland""","17.075641181263748"
"23","20","[6.863756518958525 106.86375651895852 0]","""""","9.9","42.68738918505492","16","true","1121","""done""","0.7347182972729301","194.16299906726238","18.679325975852755","43.95428863709181","37.36638538705543","""Silty clay loam""","""D""","""woods | used and managed but not planted | good""","77","0.5597487342417494","0.2365","0.0900611813743672","0.1464388186256328","0.6168232062250039","0","0.42391395062112736","99.57608604937887","""woodland""","15.021195697531057"
"24","20","[8.935542888718416 108.93554288871842 0]","""""","9.9","43.49856252263737","32","true","2","""done""","0.002364662728699396","154.33663167108307","27.135736120344998","36.91035375035412","35.95391012930089","""Clay loam""","""D""","""woods-grass combination or tree farm | lightly or only occasionally grazed | good""","79","0.5533925955818539","0.306","0.1654935774569363","0.1405064225430637","1","4.46554699695929","46.02194743691256","49.51250556612814","""wood-grass""","17.524374721693594"
"25","20","[12.697920012896446 112.69792001289645 0]","""""","9.9","44.971658423648186","64","true","25","""done""","0.02915969334938906","177.8773795562775","24.51281286141099","39.018324797618725","36.46886234097029","""Clay loam""","""D""","""woods | used and managed but not planted | good""","77","0.5557098805343663","0.306","0.1633307781679248","0.1426692218320752","0.9876311078318614","0","47.67397808568956","52.32602191431044","""woodland""","17.38369890428448"
"26","20","[17.870574642918555 117.87057464291856 0]","""""","9.9","46.99692491909417","32","false","0","""done""","0","189.58096662887456","22.575635942335463","39.80200139831775","37.6223626593468","""Clay loam""","""D""","""woods-grass combination or tree farm | lightly or only occasionally grazed | good""","79","0.5609006319670606","0.306","0.15848607683074345","0.14751392316925654","0.9266607115328311","7.2375519172233","43.49470664368795","49.26774143908875","""wood-grass""","17.53661292804556"
"27","20","[19.395646554515082 119.39564655451508 0]","""""","9.9","47.59404134511177","64","true","2","""done""","0.002364662728699396","153.16256290478694","21.025392205014523","38.626872503974205","40.34773529101128","""Clay""","""D""","""woods-grass combination or tree farm | lightly or only occasionally grazed | good""","79","0.5731648088095508","0.357","0.1980395117777526","0.15896048822224737","0.6189867612411766","4.46554699695929","46.02194743691256","49.51250556612814","""wood-grass""","17.524374721693594"
"28","20","[24.151075386765314 124.15107538676531 0]","""""","9.9","49.455950050467","32","true","1","""done""","0.0011830311456955123","199.07974457770314","19.64869242371262","37.19811056453965","43.15319701174774","""Clay""","""D""","""woods-grass combination or tree farm | lightly or only occasionally grazed | good""","79","0.5857893865528648","0.357","0.18625657255065947","0.1707434274493405","0.47621921033170855","5.854940353061892","44.75493979863351","49.39011984830461","""wood-grass""","17.530494007584768"
"29","20","[28.79489320668111 128.7948932066811 0]","""""","9.9","51.274159328744354","64","true","47","""done""","0.05411603832751577","162.93604150871786","26.131288879993004","41.424699573075","32.44401154693199","""Clay loam""","""D""","""woods | used and managed but not planted | good""","77","0.5375980519611939","0.306","0.18023515150288566","0.12576484849711433","1","0","44.99629141036655","55.00370858963345","""woodland""","17.249814570518325"
"30","20","[32.30330768355054 132.30330768355054 0]","""""","9.9","52.64782039842048","64","true","1","""done""","0.0011830311456955123","160.33748018039194","25.321090562675273","37.9897924464684","36.68911699085633","""Clay loam""","""D""","""woods-grass combination or tree farm | lightly or only occasionally grazed | good""","79","0.5567010264588534","0.306","0.16240570863840345","0.14359429136159654","1","5.854940353061892","44.75493979863351","49.39011984830461","""wood-grass""","17.530494007584768"
"31","20","[37.29193132743339 137.2919313274334 0]","""""","9.9","54.60103263604137","32","false","0","""done""","0","162.36945250956666","21.54367109947999","38.50339885036289","39.95293005015712","""Clay loam""","""D""","""woods-grass combination or tree farm | lightly or only occasionally grazed | good""","79","0.571388185225707","0.306","0.1486976937893401","0.15730230621065988","1","7.2375519172233","43.49470664368795","49.26774143908875","""wood-grass""","17.53661292804556"
"32","20","[41.039372826146774 141.03937282614677 0]","""""","9.9","56.06828074244659","64","true","21","""done""","0.02455193633400432","171.02850926676857","25.127281318479273","40.34621802032008","34.52650066120066","""Clay loam""","""D""","""woods | used and managed but not planted | good""","77","0.5469692529754029","0.306","0.17148869722295726","0.13451130277704273","1","0","48.162727607139544","51.837272392860456","""woodland""","17.40813638035698"
"33","20","[45.213343976915496 145.2133439769155 0]","""""","9.9","57.70252940763804","32","true","1","""done""","0.0011830311456955123","186.64029243881726","25.26129744689956","42.32903294283525","32.40966961026519","""Clay loam""","""D""","""woods-grass combination or tree farm | lightly or only occasionally grazed | good""","79","0.5374435132461933","0.306","0.1803793876368862","0.12562061236311378","0.9412610274760674","5.854940353061892","44.75493979863351","49.39011984830461","""wood-grass""","17.530494007584768"
"34","20","[49.77121110871019 149.7712111087102 0]","""""","9.9","59.487086130049406","32","false","0","""done""","0","171.72627034029586","26.405023504685087","37.986270455701764","35.608706039613146","""Clay loam""","""D""","""woods-grass combination or tree farm | lightly or only occasionally grazed | good""","79","0.5518391771782591","0.306","0.1669434346336248","0.1390565653663752","1","7.2375519172233","43.49470664368795","49.26774143908875","""wood-grass""","17.53661292804556"
"35","20","[53.146031896311854 153.14603189631185 0]","""""","9.9","60.80844082278192","64","true","66","""done""","0.07515236840970685","166.39726360617982","22.032471957679412","39.717249174770025","38.25027886755056","""Clay loam""","""D""","""woods | used and managed but not planted | good""","77","0.5637262549039775","0.306","0.15584882875628764","0.15015117124371236","1","0","42.70628254959651","57.29371745040349","""woodland""","17.135314127479823"
"36","20","[57.156731648418486 157.15673164841849 0]","""""","9.9","62.378763299772885","32","true","20","""done""","0.023396584075973448","168.73424925683435","26.43064654455029","39.65514178102345","33.91421167442627","""Clay loam""","""D""","""woods | used and managed but not planted | good""","77","0.5442139525349182","0.306","0.17406031096740968","0.13193968903259032","1","0","48.284973609580675","51.715026390419325","""woodland""","17.414248680479034"
"37","20","[62.489997072633116 162.48999707263312 0]","""""","9.9","64.4669142681928","32","true","19","""done""","0.022239863381334102","168.6505557204269","22.163806518806453","39.04850013155404","38.78769334963951","""Clay loam""","""D""","""woods | used and managed but not planted | good""","77","0.5661446200733777","0.306","0.15359168793151406","0.15240831206848593","1","0","48.407240143221166","51.592759856778834","""woodland""","17.42036200716106"
"38","20","[66.67816998251425 166.67816998251425 0]","""""","9.9","66.1067233948811","32","true","18","""done""","0.02108177262926547","202.64569761434544","22.04073613411579","39.3879640761645","38.571299789719696","""Clay loam""","""D""","""woods | used and managed but not planted | good""","77","0.5651708490537386","0.306","0.1545005408831773","0.1514994591168227","0.866918150730867","0","48.52952574745245","51.47047425254755","""woodland""","17.426476287372623"
"39","20","[71.52804628170321 171.5280462817032 0]","""""","9.9","68.00561142788379","32","true","2","""done""","0.002364662728699396","179.65629893942707","26.339432084990673","37.54978911719802","36.11077879781132","""Clay loam""","""D""","""woods-grass combination or tree farm | lightly or only occasionally grazed | good""","79","0.554098504590151","0.306","0.16483472904919247","0.14116527095080753","0.977851789592004","4.46554699695929","46.02194743691256","49.51250556612814","""wood-grass""","17.524374721693594"
"40","20","[76.17749551877225 176.17749551877225 0]","""""","9.9","69.82602559345753","32","true","1","""done""","0.0011830311456955123","202.29734739475103","23.19859401285074","36.63581506791254","40.16559091923671","""Clay""","""D""","""woods-grass combination or tree farm | lightly or only occasionally grazed | good""","79","0.5723451591365651","0.357","0.1988045181392058","0.15819548186079418","0.4686447942929969","5.854940353061892","44.75493979863351","49.39011984830461","""wood-grass""","17.530494007584768"
"41","20","[82.28155344429541 182.2815534442954 0]","""""","9.9","72.21596748733006","32","false","0","""done""","0","193.4041392774267","21.639227496947477","42.306434249779706","36.0543382532728","""Clay loam""","""D""","""woods-grass combination or tree farm | lightly or only occasionally grazed | good""","79","0.5538445221397276","0.306","0.16507177933625425","0.14092822066374575","0.9083426760447786","7.2375519172233","43.49470664368795","49.26774143908875","""wood-grass""","17.53661292804556"
"42","20","[86.03461819194112 186.03461819194112 0]","""""","9.9","73.68541728290124","64","true","1","""done""","0.0011830311456955123","165.98388579779743","22.742081370521078","39.472193533364354","37.78572509611457","""Clay loam""","""D""","""woods-grass combination or tree farm | lightly or only occasionally grazed | good""","79","0.5616357629325155","0.306","0.15779995459631882","0.14820004540368117","1","5.854940353061892","44.75493979863351","49.39011984830461","""wood-grass""","17.530494007584768"
"43","20","[89.6800300682936 189.6800300682936 0]","""""","9.9","75.11271739538643","64","true","8","""done""","0.009425153993882662","156.75786727269403","21.507823968877293","43.7309596949784","34.7612163361443","""Clay loam""","""D""","""woods | used and managed but not planted | good""","77","0.5480254735126493","0.306","0.17050289138819394","0.13549710861180606","1","0","49.753108775600275","50.246891224399725","""woodland""","17.487655438780013"
"44","20","[97.57072327631738 197.57072327631738 0]","""""","9.9","78.20218648294185","32","false","0","""done""","0","152.8719097852591","19.373390843613183","43.19116188577431","37.4354472706125","""Silty clay loam""","""D""","""woods-grass combination or tree farm | lightly or only occasionally grazed | good""","79","0.5600595127177562","0.2365","0.0897711214634275","0.1467288785365725","0.78342871351032","7.2375519172233","43.49470664368795","49.26774143908875","""wood-grass""","17.53661292804556"
"45","20","[98.83044926641452 198.83044926641452 0]","""""","9.9","78.6954111468076","64","true","2","""done""","0.002364662728699396","136.30914044691207","26.704269084232024","36.75636046282942","36.53937045293855","""Clay loam""","""D""","""woods-grass combination or tree farm | lightly or only occasionally grazed | good""","79","0.5560271670382235","0.306","0.1630346440976581","0.14296535590234188","1","4.46554699695929","46.02194743691256","49.51250556612814","""wood-grass""","17.524374721693594"
"46","20","[102.44544646475205 202.44544646475205 0]","""""","9.9","80.11080290028579","64","true","2","""done""","0.002364662728699396","163.49436170533923","24.433564507505235","39.80519368779562","35.76124180469914","""Clay loam""","""D""","""woods-grass combination or tree farm | lightly or only occasionally grazed | good""","79","0.5525255881211462","0.306","0.16630278442026364","0.13969721557973636","1","4.46554699695929","46.02194743691256","49.51250556612814","""wood-grass""","17.524374721693594"
"47","20","[106.41746238074452 206.41746238074452 0]","""""","9.9","81.66597936757748","64","true","1","""done""","0.0011830311456955123","166.3819331257667","26.324564036018444","37.014154891073616","36.66128107290794","""Clay loam""","""D""","""woods-grass combination or tree farm | lightly or only occasionally grazed | good""","79","0.5565757648280857","0.306","0.16252261949378666","0.14347738050621334","1","5.854940353061892","44.75493979863351","49.39011984830461","""wood-grass""","17.530494007584768"
"48","20","[109.23642480907051 209.2364248090705 0]","""""","9.9","82.76969700704132","64","false","0","""done""","0","148.6719622559241","20.516866813328868","41.416150038725775","38.06698314794535","""Clay loam""","""D""","""woods-grass combination or tree farm | lightly or only occasionally grazed | good""","79","0.5629014241657541","0.306","0.15661867077862954","0.14938132922137046","1","7.2375519172233","43.49470664368795","49.26774143908875","""wood-grass""","17.53661292804556"
"49","20","[111.6847440528208 211.6847440528208 0]","""""","9.9","83.72829550030703","2","false","0","""done""","0","170.29866621481878","22.828895789589165","41.763993958992664","35.407110251418175","""Clay loam""","""D""","""woods-grass combination or tree farm | lightly or only occasionally grazed | good""","79","0.5509319961313818","0.306","0.16779013694404368","0.1382098630559563","1","7.2375519172233","43.49470664368795","49.26774143908875","""wood-grass""","17.53661292804556"
"0","19","[92.11341118365016 192.11341118365016 0]","""""","9.9","76.06546711406648","32","false","0","""done""","0","154.07138820737592","23.559564037961795","39.83875360501881","36.60168235701939","""Clay loam""","""D""","""woods-grass combination or tree farm | lightly or only occasionally grazed | good""","79","0.5563075706065872","0.306","0.16277293410051857","0.14322706589948142","1","7.2375519172233","43.49470664368795","49.26774143908875","""wood-grass""","17.53661292804556"
"1","19","[85.92932058460661 185.92932058460661 0]","""""","9.9","73.64418976406643","4","false","0","""done""","0","165.08524472230664","23.18834854175332","38.87302834962242","37.938623108624256","""Clay loam""","""D""","""woods-grass combination or tree farm | lightly or only occasionally grazed | good""","79","0.5623238039888092","0.306","0.15715778294377813","0.14884221705622186","1","7.2375519172233","43.49470664368795","49.26774143908875","""wood-grass""","17.53661292804556"
"2","19","[84.09477559452057 184.09477559452057 0]","""""","9.9","72.92590432485595","4","false","0","""done""","0","163.94144908235796","20.851359833060872","41.86930707971393","37.279333087225204","""Clay loam""","""D""","""woods-grass combination or tree farm | lightly or only occasionally grazed | good""","79","0.5593569988925134","0.306","0.15992680103365414","0.14607319896634585","1","7.2375519172233","43.49470664368795","49.26774143908875","""wood-grass""","17.53661292804556"
"3","19","[81.79335339386785 181.79335339386785 0]","""""","9.9","72.02482091445289","2","true","3","""done""","0.003544896404737763","152.3370643576298","22.938429933235895","39.21473104467706","37.84683902208704","""Clay loam""","""D""","""woods-grass combination or tree farm | lightly or only occasionally grazed | good""","79","0.5619107755993917","0.306","0.15754327610723445","0.14845672389276554","1","3.0709855053506487","47.29411736840723","49.63489712624213","""wood-grass""","17.518255143687888"
"4","19","[77.64097547186736 177.64097547186736 0]","""""","9.9","70.39902671720503","4","true","7","""done""","0.008251885085253763","117.48932519981403","22.412694593173228","43.183806728261736","34.40349867856504","""Clay loam""","""D""","""woods | used and managed but not planted | good""","77","0.5464157440535427","0.306","0.17200530555002683","0.13399469444997317","1","0","49.87550754506712","50.12449245493288","""woodland""","17.493775377253357"
"5","19","[75.83453754903348 175.83453754903348 0]","""""","9.9","69.69174613056303","2","true","1","""done""","0.0011830311456955123","151.64689522820984","26.204852890298717","38.65398697671118","35.141160132990095","""Clay loam""","""D""","""woods-grass combination or tree farm | lightly or only occasionally grazed | good""","79","0.5497352205984554","0.306","0.16890712744144162","0.13709287255855837","1","5.854940353061892","44.75493979863351","49.39011984830461","""wood-grass""","17.530494007584768"
"6","19","[71.26768812420022 171.26768812420022 0]","""""","9.9","67.90367254138896","4","true","8","""done""","0.009425153993882662","174.77281108877315","20.210170350018778","42.528193416961145","37.26163623302009","""Clay loam""","""D""","""woods | used and managed but not planted | good""","77","0.5592773630485904","0.306","0.16000112782131562","0.14599887217868437","1","0","49.753108775600275","50.246891224399725","""woodland""","17.487655438780013"
"7","19","[69.16781969722672 169.16781969722672 0]","""""","9.9","67.08150414350075","2","false","0","""done""","0","150.46182731900421","22.25872353006066","40.44874534819588","37.29253112174345","""Clay loam""","""D""","""woods-grass combination or tree farm | lightly or only occasionally grazed | good""","79","0.5594163900478455","0.306","0.1598713692886775","0.14612863071132248","1","7.2375519172233","43.49470664368795","49.26774143908875","""wood-grass""","17.53661292804556"
"8","19","[64.49018350294753 164.49018350294753 0]","""""","9.9","65.25005384578029","2","true","11","""done""","0.012936639204113476","170.94029269481308","29.530099078167382","37.26730098486881","33.20259993696381","""Clay loam""","""D""","""woods | used and managed but not planted | good""","77","0.5410116997163371","0.306","0.17704908026475202","0.12895091973524797","1","0","49.385936088390636","50.614063911609364","""woodland""","17.469296804419532"
"9","19","[60.52947780367825 160.52947780367825 0]","""""","9.9","63.69930570487497","2","true","12","""done""","0.014104365902709914","138.6886350859687","19.662799498563206","39.640975726567355","40.69622477486945","""Clay""","""D""","""woods | used and managed but not planted | good""","77","0.5747330114869125","0.357","0.19657585594554833","0.16042414405445166","0.6835859239444172","0","49.26355795494361","50.73644204505639","""woodland""","17.46317789774718"
"10","19","[55.950335443763294 155.9503354437633 0]","""""","9.9","61.90641902236055","4","true","15","""done""","0.017599263791468034","139.03392419098174","24.580280642493495","40.98412953673206","34.435589820774446","""Clay loam""","""D""","""woods | used and managed but not planted | good""","77","0.546560154193485","0.306","0.17187052275274733","0.13412947724725266","1","0","48.89648236433116","51.10351763566884","""woodland""","17.44482411821656"
"11","19","[52.422026131438685 152.42202613143868 0]","""""","9.9","60.52496846226573","2","false","0","""done""","0","179.36912858690624","22.836219885269177","40.37891307319829","36.78486704153252","""Clay loam""","""D""","""woods-grass combination or tree farm | lightly or only occasionally grazed | good""","79","0.5571319016868963","0.306","0.1620035584255634","0.14399644157443658","0.9794173323659614","7.2375519172233","43.49470664368795","49.26774143908875","""wood-grass""","17.53661292804556"
"12","19","[46.39274005275797 146.39274005275797 0]","""""","9.9","58.16430223573308","2","true","1","""done""","0.0011830311456955123","157.07734559215587","24.505848433343107","40.88054346630135","34.613608100355535","""Clay loam""","""D""","""woods-grass combination or tree farm | lightly or only occasionally grazed | good""","79","0.5473612364515998","0.306","0.17112284597850677","0.13487715402149322","1","5.854940353061892","44.75493979863351","49.39011984830461","""wood-grass""","17.530494007584768"
"13","19","[41.500683308508826 141.50068330850883 0]","""""","9.9","56.24889915421979","2","true","19","""done""","0.022239863381334102","154.027735996923","22.029063158855084","41.30511641797398","36.665820423170935","""Clay loam""","""D""","""woods | used and managed but not planted | good""","77","0.5565961919042692","0.306","0.1625035542226821","0.1434964457773179","1","0","48.407240143221166","51.592759856778834","""woodland""","17.42036200716106"
"14","19","[37.330567588494205 137.3305675884942 0]","""""","9.9","54.616160018523395","4","true","20","""done""","0.023396584075973448","145.7884981452422","23.685665976862868","43.0454687733257","33.26886524981143","""Clay loam""","""D""","""woods | used and managed but not planted | good""","77","0.5413098936241514","0.306","0.17677076595079202","0.12922923404920797","1","0","48.284973609580675","51.715026390419325","""woodland""","17.414248680479034"
"15","19","[33.28205866202461 133.2820586620246 0]","""""","9.9","53.031033991027954","2","false","0","""done""","0","189.66385684531136","22.56970044949666","37.957057109922296","39.47324244058103","""Clay loam""","""D""","""woods-grass combination or tree farm | lightly or only occasionally grazed | good""","79","0.5692295909826146","0.306","0.15071238174955967","0.15528761825044032","0.926255726058951","7.2375519172233","43.49470664368795","49.26774143908875","""wood-grass""","17.53661292804556"
"16","19","[27.850206200288014 127.85020620028801 0]","""""","9.9","50.90428291526284","4","true","7","""done""","0.008251885085253763","154.1110572896316","21.20261510960121","41.486365578722314","37.31101931167648","""Clay loam""","""D""","""woods | used and managed but not planted | good""","77","0.5594995869025442","0.306","0.15979371889095878","0.14620628110904121","1","0","49.87550754506712","50.12449245493288","""woodland""","17.493775377253357"
"17","19","[24.713747493902062 124.71374749390206 0]","""""","9.9","49.67625491286629","2","false","0","""done""","0","165.186232672226","20.38965360000115","44.072692441273546","35.537653958725286","""Clay loam""","""D""","""woods-grass combination or tree farm | lightly or only occasionally grazed | good""","79","0.5515194428142638","0.306","0.16724185337335382","0.13875814662664618","1","7.2375519172233","43.49470664368795","49.26774143908875","""wood-grass""","17.53661292804556"
"18","19","[20.32511227983929 120.32511227983929 0]","""""","9.9","47.95795812030859","4","true","53","""done""","0.060810273384918734","177.56420733116255","28.30111148384919","38.36413600544842","33.33475251070238","""Clay loam""","""D""","""woods | used and managed but not planted | good""","77","0.5416063862981607","0.306","0.17649403945505002","0.12950596054494998","0.9893730052349545","0","44.27036246987136","55.72963753012864","""woodland""","17.213518123493568"
"19","19","[16.666309654486554 116.66630965448655 0]","""""","9.9","46.525415083785575","2","true","5","""done""","0.005901176649031781","131.8498093468297","25.704016361110853","37.35158394090525","36.944399697983904","""Clay loam""","""D""","""woods-grass combination or tree farm | lightly or only occasionally grazed | good""","79","0.5578497986409275","0.306","0.16133352126846762","0.14466647873153238","1","0.2729377906510422","49.84737030260629","49.87969190674267","""wood-grass""","17.506015404662865"
"20","19","[12.772860710503977 112.77286071050398 0]","""""","9.9","45.00100020168397","4","true","7","""done""","0.008251885085253763","173.51861192096086","22.116897531182477","40.28429616862019","37.59880630019733","""Clay loam""","""D""","""woods | used and managed but not planted | good""","77","0.560794628350888","0.306","0.15858501353917123","0.14741498646082876","1","0","49.87550754506712","50.12449245493288","""woodland""","17.493775377253357"
"21","19","[10.965163972744463 110.96516397274446 0]","""""","9.9","44.29322674709017","2","false","0","""done""","0","134.31356428569592","25.604037692478066","39.673150858478046","34.722811449043895","""Clay loam""","""D""","""woods-grass combination or tree farm | lightly or only occasionally grazed | good""","79","0.5478526515206975","0.306","0.17066419191401566","0.13533580808598433","1","7.2375519172233","43.49470664368795","49.26774143908875","""wood-grass""","17.53661292804556"
"22","19","[6.834096092830578 106.83409609283058 0]","""""","9.9","42.675776140772214","8","true","1271","""done""","0.777876714323321","239.81047971567898","22.76283799801949","36.751551944929446","40.485610057051076","""Clay""","""D""","""woods | used and managed but not planted | good""","77","0.5737852452567298","0.357","0.1974604377603855","0.1595395622396145","0.39533551189353455","0","0.20383993337543416","99.79616006662457","""woodland""","15.010191996668773"
"23","19","[7.978932884899635 107.97893288489963 0]","""""","9.9","43.124017858723796","32","true","70","""done""","0.07952110245240551","146.37368066500662","24.666983649670776","40.5447761646458","34.788240185683414","""Clay loam""","""D""","""woods | used and managed but not planted | good""","77","0.5481470808355753","0.306","0.17038939122012967","0.13561060877987033","1","0","42.227797640810195","57.772202359189805","""woodland""","17.111389882040513"
"24","19","[11.818066085919156 111.81806608591916 0]","""""","9.9","44.627166319178016","32","false","0","""done""","0","157.80769250935657","23.664096267767206","38.83505623790146","37.50084749433134","""Clay loam""","""D""","""woods-grass combination or tree farm | lightly or only occasionally grazed | good""","79","0.560353813724491","0.306","0.1589964405238084","0.1470035594761916","1","7.2375519172233","43.49470664368795","49.26774143908875","""wood-grass""","17.53661292804556"
"25","19","[14.953826661538457 114.95382666153846 0]","""""","9.9","45.85492098013729","64","true","1","""done""","0.0011830311456955123","184.25376202711422","24.49103527493962","41.803816429504344","33.705148295556036","""Clay loam""","""D""","""woods-grass combination or tree farm | lightly or only occasionally grazed | good""","79","0.5432731673300022","0.306","0.17493837715866467","0.13106162284133532","0.9534526269457809","5.854940353061892","44.75493979863351","49.39011984830461","""wood-grass""","17.530494007584768"
"26","19","[18.52991055740543 118.52991055740543 0]","""""","9.9","47.25507688019829","64","true","23","""done""","0.026858542013937226","179.040735616303","26.645880387651456","39.31599477822558","34.03812483412297","""Clay loam""","""D""","""woods | used and managed but not planted | good""","77","0.5447715617535533","0.306","0.17353987569668355","0.13246012430331644","0.9812137602354561","0","47.918303033307154","52.081696966692846","""woodland""","17.395915151665356"
"27","19","[21.248184412930556 121.24818441293056 0]","""""","9.9","48.31937159129101","32","true","21","""done""","0.02455193633400432","145.57599930118397","26.40095911805453","36.13172613050199","37.46731475144349","""Clay loam""","""D""","""woods | used and managed but not planted | good""","77","0.5602029163814957","0.306","0.15913727804393735","0.14686272195606265","1","0","48.162727607139544","51.837272392860456","""woodland""","17.40813638035698"
"28","19","[28.286946335169404 128.2869463351694 0]","""""","9.9","51.07528121800243","32","false","0","""done""","0","148.35687782285726","20.18787506358247","41.09230555861102","38.71981937780651","""Clay loam""","""D""","""woods-grass combination or tree farm | lightly or only occasionally grazed | good""","79","0.5658391872001293","0.306","0.15387675861321268","0.15212324138678732","1","7.2375519172233","43.49470664368795","49.26774143908875","""wood-grass""","17.53661292804556"
"29","19","[30.66626886766909 130.6662688676691 0]","""""","9.9","52.00686520177803","64","false","0","""done""","0","137.89163886638164","27.85422265645943","34.296415100335686","37.84936224320489","""Clay loam""","""D""","""woods-grass combination or tree farm | lightly or only occasionally grazed | good""","79","0.5619221300944219","0.306","0.1575326785785395","0.1484673214214605","1","7.2375519172233","43.49470664368795","49.26774143908875","""wood-grass""","17.53661292804556"
"30","19","[34.01288988102712 134.01288988102712 0]","""""","9.9","53.31717874406851","64","true","46","""done""","0.052995702748759976","148.21307808878385","22.51615183141023","39.72431944161782","37.75952872697195","""Clay loam""","""D""","""woods | used and managed but not planted | good""","77","0.5615178792713738","0.306","0.15790997934671783","0.14809002065328217","1","0","45.11749555837925","54.88250444162075","""woodland""","17.25587477791896"
"31","19","[38.91089196073813 138.91089196073813 0]","""""","9.9","55.23490962234696","32","true","4","""done""","0.004723733827578291","161.38689403037742","22.121427601167433","39.47789813288837","38.4006742659442","""Clay loam""","""D""","""woods-grass combination or tree farm | lightly or only occasionally grazed | good""","79","0.5644030341967489","0.306","0.15521716808303437","0.15078283191696562","1","1.672896220173925","48.569810717776754","49.75729306204932","""wood-grass""","17.512135346897534"
"32","19","[42.83785368134747 142.83785368134747 0]","""""","9.9","56.772445872203846","32","false","0","""done""","0","158.5847247487","22.458194661285443","41.62856891472611","35.913236423988444","""Clay loam""","""D""","""woods-grass combination or tree farm | lightly or only occasionally grazed | good""","79","0.553209563907948","0.306","0.16566440701924856","0.14033559298075143","1","7.2375519172233","43.49470664368795","49.26774143908875","""wood-grass""","17.53661292804556"
"33","19","[46.20618498110551 146.2061849811055 0]","""""","9.9","58.091259714397836","64","true","18","""done""","0.02108177262926547","148.2108404876279","25.09296956946646","43.84270941036865","31.06432102016489","""Clay loam""","""D""","""woods | used and managed but not planted | good""","77","0.531389444590742","0.306","0.18602985171530745","0.11997014828469253","1","0","48.52952574745245","51.47047425254755","""woodland""","17.426476287372623"
"34","19","[50.721868344088875 150.72186834408888 0]","""""","9.9","59.859300086939385","32","true","15","""done""","0.017599263791468034","170.33668528261188","21.58931342025544","39.31935877739403","39.09132780235054","""Clay loam""","""D""","""woods | used and managed but not planted | good""","77","0.5675109751105775","0.306","0.15231642323012773","0.15368357676987227","1","0","48.89648236433116","51.10351763566884","""woodland""","17.44482411821656"
"35","19","[54.93410570388053 154.93410570388053 0]","""""","9.9","61.50853124692027","32","false","0","""done""","0","176.75571745991155","22.577522117754295","40.16762597295663","37.25485190928907","""Clay loam""","""D""","""woods-grass combination or tree farm | lightly or only occasionally grazed | good""","79","0.5592468335918008","0.306","0.16002962198098591","0.14597037801901408","0.9938984489666575","7.2375519172233","43.49470664368795","49.26774143908875","""wood-grass""","17.53661292804556"
"36","19","[57.99725775642807 157.99725775642807 0]","""""","9.9","62.70785725381717","64","true","44","""done""","0.0507510491343911","151.05034022610025","24.466988436581815","43.064172433559285","32.46883912985889","""Clay loam""","""D""","""woods | used and managed but not planted | good""","77","0.537709776084365","0.306","0.18013087565459265","0.12586912434540734","1","0","45.3600763247618","54.6399236752382","""woodland""","17.26800381623809"
"37","19","[61.73173121384718 161.73173121384718 0]","""""","9.9","64.1700279403242","32","true","1","""done""","0.0011830311456955123","170.47199153944666","21.91040131305423","41.04113954914018","37.048459137805594","""Clay loam""","""D""","""woods-grass combination or tree farm | lightly or only occasionally grazed | good""","79","0.5583180661201251","0.306","0.1608964716212165","0.1451035283787835","1","5.854940353061892","44.75493979863351","49.39011984830461","""wood-grass""","17.530494007584768"
"38","19","[68.78990907324845 168.78990907324845 0]","""""","9.9","66.93353955282925","32","false","0","""done""","0","141.4191131910373","25.745857610845665","32.60208273336812","41.65205965578622","""Clay""","""D""","""woods-grass combination or tree farm | lightly or only occasionally grazed | good""","79","0.579034268451038","0.357","0.1925613494456979","0.1644386505543021","0.6703874505828857","7.2375519172233","43.49470664368795","49.26774143908875","""wood-grass""","17.53661292804556"
"39","19","[72.25061452713959 172.2506145271396 0]","""""","9.9","68.28852095168264","64","true","14","""done""","0.01643567656304723","143.51456603763316","19.963209558611197","40.73833940636684","39.29845103502196","""Silty clay loam""","""D""","""woods | used and managed but not planted | good""","77","0.5684430296575989","0.2365","0.08194650565290776","0.15455349434709223","0.8345093248829252","0","49.01882962762967","50.98117037237033","""woodland""","17.450941481381484"
"40","19","[77.95903222897124 177.95903222897124 0]","""""","9.9","70.52355652634289","32","true","11","""done""","0.012936639204113476","154.83119112026213","22.99536024347291","39.95109795395987","37.053541802567224","""Clay loam""","""D""","""woods | used and managed but not planted | good""","77","0.5583409381115525","0.306","0.16087512442921767","0.14512487557078232","1","0","49.385936088390636","50.614063911609364","""woodland""","17.469296804419532"
"41","19","[83.16645625594754 183.16645625594754 0]","""""","9.9","72.56243639823768","32","true","10","""done""","0.011767529412220479","161.9812432690199","25.494097582202826","36.28545975665832","38.22044266113885","""Clay loam""","""D""","""woods | used and managed but not planted | good""","77","0.5635919919751248","0.306","0.15597414082321687","0.15002585917678313","1","0","49.508321580567106","50.491678419432894","""woodland""","17.475416079028356"
"42","19","[88.85370960831955 188.85370960831955 0]","""""","9.9","74.78918542548186","32","true","8","""done""","0.009425153993882662","169.46929315830337","26.714851372129946","41.79978930196657","31.485359325903495","""Clay loam""","""D""","""woods | used and managed but not planted | good""","77","0.5332841169665657","0.306","0.1842614908312053","0.12173850916879468","1","0","49.753108775600275","50.246891224399725","""woodland""","17.487655438780013"
"43","19","[93.34876173315774 193.34876173315774 0]","""""","9.9","76.54914798143531","64","false","0","""done""","0","150.32359198063494","24.424803601843863","42.01518428113752","33.56001211701862","""Clay loam""","""D""","""woods-grass combination or tree farm | lightly or only occasionally grazed | good""","79","0.5426200545265838","0.306","0.17554794910852178","0.1304520508914782","1","7.2375519172233","43.49470664368795","49.26774143908875","""wood-grass""","17.53661292804556"
"44","19","[99.70754600905039 199.7075460090504 0]","""""","9.9","79.03882372181604","64","true","6","""done""","0.00707722651895526","155.17139053473568","23.015440671043912","41.622130310264254","35.36242901869182","""Clay loam""","""D""","""woods | used and managed but not planted | good""","77","0.5507309305841132","0.306","0.16797779812149438","0.1380222018785056","1","0","49.997907806624276","50.002092193375724","""woodland""","17.499895390331215"
"45","19","[105.52862038581975 205.52862038581975 0]","""""","9.9","81.31796813527549","128","false","0","""done""","0","155.91597793394658","21.902726308034012","39.95583858429911","38.14143510766687","""Clay loam""","""D""","""woods-grass combination or tree farm | lightly or only occasionally grazed | good""","79","0.563236457984501","0.306","0.15630597254779915","0.14969402745220084","1","7.2375519172233","43.49470664368795","49.26774143908875","""wood-grass""","17.53661292804556"
"46","19","[107.03870775094919 207.0387077509492 0]","""""","9.9","81.90921761248637","64","false","0","""done""","0","138.24386019876147","24.54809218863966","36.938555774009345","38.51335203735099","""Clay loam""","""D""","""woods-grass combination or tree farm | lightly or only occasionally grazed | good""","79","0.5649100841680794","0.306","0.15474392144312585","0.15125607855687415","1","7.2375519172233","43.49470664368795","49.26774143908875","""wood-grass""","17.53661292804556"
"47","19","[108.81115993612221 208.8111599361222 0]","""""","9.9","82.60319165138245","64","true","1","""done""","0.0011830311456955123","156.96593086717732","24.86860673087068","45.08107130409731","30.050321965032015","""Clay loam""","""D""","""woods-grass combination or tree farm | lightly or only occasionally grazed | good""","79","0.5268264488426441","0.306","0.19028864774686555","0.11571135225313446","1","5.854940353061892","44.75493979863351","49.39011984830461","""wood-grass""","17.530494007584768"
"48","19","[111.86319623595136 211.86319623595136 0]","""""","9.9","83.79816547102493","64","false","0","""done""","0","172.08872197685693","26.057392162602277","38.187845872687575","35.75476196471015","""Clay loam""","""D""","""woods-grass combination or tree farm | lightly or only occasionally grazed | good""","79","0.5524964288411957","0.306","0.16632999974821738","0.1396700002517826","1","7.2375519172233","43.49470664368795","49.26774143908875","""wood-grass""","17.53661292804556"
"49","19","[115.09574560572867 215.09574560572867 0]","""""","9.9","85.06381616718537","2","false","0","""done""","0","152.14859170046768","26.242911350266557","40.57449320959692","33.182595440136524","""Clay loam""","""D""","""woods-grass combination or tree farm | lightly or only occasionally grazed | good""","79","0.5409216794806143","0.306","0.1771330991514266","0.12886690084857338","1","7.2375519172233","43.49470664368795","49.26774143908875","""wood-grass""","17.53661292804556"
"0","18","[88.40251828474976 188.40251828474976 0]","""""","9.9","74.61252900126243","32","false","0","""done""","0","131.3700553093364","28.355504437992078","40.24464186075337","31.399853701254553","""Clay loam""","""D""","""woods-grass combination or tree farm | lightly or only occasionally grazed | good""","79","0.5328993416556455","0.306","0.18462061445473088","0.12137938554526913","1","7.2375519172233","43.49470664368795","49.26774143908875","""wood-grass""","17.53661292804556"
"1","18","[85.88764457661841 185.8876445766184 0]","""""","9.9","73.62787221946321","2","false","0","""done""","0","174.99376957732116","27.89947361103989","38.677258893837354","33.42326749512276","""Clay loam""","""D""","""woods-grass combination or tree farm | lightly or only occasionally grazed | good""","79","0.5420047037280524","0.306","0.17612227652048443","0.12987772347951557","1","7.2375519172233","43.49470664368795","49.26774143908875","""wood-grass""","17.53661292804556"
"2","18","[82.35073527833077 182.35073527833077 0]","""""","9.9","72.24305447855352","2","true","2","""done""","0.002364662728699396","117.85403249982917","23.497291905139207","38.04017370272512","38.46253439213568","""Clay loam""","""D""","""woods-grass combination or tree farm | lightly or only occasionally grazed | good""","79","0.5646814047646105","0.306","0.15495735555303017","0.15104264444696983","1","4.46554699695929","46.02194743691256","49.51250556612814","""wood-grass""","17.524374721693594"
"3","18","[78.71171275863622 178.71171275863622 0]","""""","9.9","70.81825601191409","4","true","4","""done""","0.004723733827578291","177.8661928133767","22.52923499849893","40.09637792351772","37.37438707798335","""Clay loam""","""D""","""woods-grass combination or tree farm | lightly or only occasionally grazed | good""","79","0.5597847418509251","0.306","0.15952757427246994","0.14647242572753005","0.9876932240502915","1.672896220173925","48.569810717776754","49.75729306204932","""wood-grass""","17.512135346897534"
"4","18","[77.2121328458802 177.2121328458802 0]","""""","9.9","70.23112055212106","4","false","0","""done""","0","161.35850231128396","20.83726840808094","39.77715009067228","39.38558150124678","""Clay loam""","""D""","""woods-grass combination or tree farm | lightly or only occasionally grazed | good""","79","0.5688351167556105","0.306","0.15108055769476353","0.15491944230523647","1","7.2375519172233","43.49470664368795","49.26774143908875","""wood-grass""","17.53661292804556"
"5","18","[73.93694654071388 173.93694654071388 0]","""""","9.9","68.94877607628882","2","true","8","""done""","0.009425153993882662","158.277389701725","26.900834704436853","41.4382811700889","31.66088412547424","""Clay loam""","""D""","""woods | used and managed but not planted | good""","77","0.534073978564634","0.306","0.18352428667300819","0.1224757133269918","1","0","49.753108775600275","50.246891224399725","""woodland""","17.487655438780013"
"6","18","[70.43629589434588 170.43629589434588 0]","""""","9.9","67.57815480472712","4","true","9","""done""","0.010597034888850443","144.30575409750372","27.76096390764133","40.9513791512432","31.287656941115458","""Clay loam""","""D""","""woods | used and managed but not planted | good""","77","0.5323944562350196","0.306","0.18509184084731506","0.12090815915268492","1","0","49.63071296516659","50.36928703483341","""woodland""","17.48153564825833"
"7","18","[67.51906740349966 167.51906740349966 0]","""""","9.9","66.43596273031714","4","true","9","""done""","0.010597034888850443","169.12102354386408","23.901954820461878","36.71917177589912","39.378873403639","""Clay loam""","""D""","""woods | used and managed but not planted | good""","77","0.5688049303163755","0.306","0.15110873170471623","0.15489126829528377","1","0","49.63071296516659","50.36928703483341","""woodland""","17.48153564825833"
"8","18","[63.8840806042727 163.8840806042727 0]","""""","9.9","65.01274438259782","2","false","0","""done""","0","177.69369461252464","24.9556210130165","40.70048421696429","34.34389477001921","""Clay loam""","""D""","""woods-grass combination or tree farm | lightly or only occasionally grazed | good""","79","0.5461475264650865","0.306","0.17225564196591933","0.13374435803408066","0.9886520386245169","7.2375519172233","43.49470664368795","49.26774143908875","""wood-grass""","17.53661292804556"
"9","18","[59.38373486229068 159.38373486229068 0]","""""","9.9","63.25070919929772","4","true","1","""done""","0.0011830311456955123","176.56865999759103","23.751642380506148","43.34407597048372","32.90428164901012","""Clay loam""","""D""","""woods-grass combination or tree farm | lightly or only occasionally grazed | good""","79","0.5396692674205456","0.306","0.1783020170741575","0.1276979829258425","0.9949513884955101","5.854940353061892","44.75493979863351","49.39011984830461","""wood-grass""","17.530494007584768"
"10","18","[54.72193781200505 154.72193781200505 0]","""""","9.9","61.42546045376682","4","false","0","""done""","0","138.53216172740218","21.31126442851834","39.87747328889543","38.81126228258622","""Clay loam""","""D""","""woods-grass combination or tree farm | lightly or only occasionally grazed | good""","79","0.5662506802716379","0.306","0.1534926984131379","0.1525073015868621","1","7.2375519172233","43.49470664368795","49.26774143908875","""wood-grass""","17.53661292804556"
"11","18","[50.496520296417714 150.4965202964177 0]","""""","9.9","59.771068823998746","2","true","16","""done""","0.018761474459957017","170.34374262277544","21.282071580712483","42.0762531940901","36.64167522519742","""Clay loam""","""D""","""woods | used and managed but not planted | good""","77","0.5564875385133884","0.306","0.16260496405417085","0.14339503594582914","1","0","48.77414832075861","51.22585167924139","""woodland""","17.438707416037932"
"12","18","[45.559223229859526 145.55922322985953 0]","""""","9.9","57.83795265016262","4","true","17","""done""","0.01992231019702717","196.82993046635028","25.39886749161628","36.87460902805893","37.7265234803248","""Clay loam""","""D""","""woods | used and managed but not planted | good""","77","0.5613693556614616","0.306","0.15804860138263585","0.14795139861736414","0.8925331275236533","0","48.65182896075311","51.34817103924689","""woodland""","17.432591448037655"
"13","18","[40.64577664156684 140.64577664156684 0]","""""","9.9","55.91417473259653","4","false","0","""done""","0","139.1398684629215","24.911498553582305","37.32792642567144","37.760575020746245","""Clay loam""","""D""","""woods-grass combination or tree farm | lightly or only occasionally grazed | good""","79","0.561522587593358","0.306","0.1579055849128658","0.1480944150871342","1","7.2375519172233","43.49470664368795","49.26774143908875","""wood-grass""","17.53661292804556"
"14","18","[36.472930820850536 136.47293082085054 0]","""""","9.9","54.28036667158504","2","false","0","""done""","0","161.7910042928216","22.66578623949601","41.975593287503","35.35862047300098","""Clay loam""","""D""","""woods-grass combination or tree farm | lightly or only occasionally grazed | good""","79","0.5507137921285044","0.306","0.1679937940133959","0.1380062059866041","1","7.2375519172233","43.49470664368795","49.26774143908875","""wood-grass""","17.53661292804556"
"15","18","[30.974812333957686 130.9748123339577 0]","""""","9.9","52.12767024084563","2","true","22","""done""","0.02570592177432951","183.49621937050892","24.030564025852275","37.42308016176671","38.546355812381","""Clay loam""","""D""","""woods | used and managed but not planted | good""","77","0.5650586011557145","0.306","0.15460530558799981","0.15139469441200018","0.9573888444789902","0","48.040503595523745","51.959496404476255","""woodland""","17.40202517977619"
"16","18","[26.33929518854022 126.33929518854022 0]","""""","9.9","50.312710952980076","2","true","23","""done""","0.026858542013937226","165.05169568082079","23.224092895716897","41.1830537083961","35.59285339588701","""Clay loam""","""D""","""woods | used and managed but not planted | good""","77","0.5517678402814915","0.306","0.16701001573727456","0.13898998426272544","1","0","47.918303033307154","52.081696966692846","""woodland""","17.395915151665356"
"17","18","[22.97763583878387 122.97763583878387 0]","""""","9.9","48.996509401334016","2","true","32","""done""","0.0371709559960024","132.7023908482962","22.33018560215652","44.274031896940954","33.39578250090252","""Clay loam""","""D""","""woods | used and managed but not planted | good""","77","0.5418810212540613","0.306","0.17623771349620942","0.12976228650379057","1","0","46.8197932509978","53.1802067490022","""woodland""","17.34098966254989"
"18","18","[18.974556091335998 118.974556091336 0]","""""","9.9","47.42917040985183","2","true","33","""done""","0.03831001274303936","140.33313498722578","20.421998466661876","44.7838337676187","34.79416776571942","""Clay loam""","""D""","""woods | used and managed but not planted | good""","77","0.5481737549457374","0.306","0.17036449538397844","0.13563550461602156","1","0","46.697907123351655","53.302092876648345","""woodland""","17.334895356167586"
"19","18","[15.005666965416879 115.00566696541688 0]","""""","9.9","45.87521818497082","4","true","88","""done""","0.09892642928054085","178.95885263002236","22.65822530966903","39.40359630093493","37.938178389396036","""Clay loam""","""D""","""woods | used and managed but not planted | good""","77","0.5623218027522822","0.306","0.15715965076453667","0.14884034923546333","0.9816627165831694","0","40.093821791421824","59.906178208578176","""woodland""","17.00469108957109"
"20","18","[14.0645764518041 114.0645764518041 0]","""""","9.9","45.50674991814709","2","false","0","""done""","0","186.46352037701956","27.321332328104667","39.795637253699866","32.883030418195474","""Clay loam""","""D""","""woods-grass combination or tree farm | lightly or only occasionally grazed | good""","79","0.5395736368818796","0.306","0.178391272243579","0.127608727756421","0.9421533663752812","7.2375519172233","43.49470664368795","49.26774143908875","""wood-grass""","17.53661292804556"
"21","18","[8.548972536101104 108.5489725361011 0]","""""","9.9","43.347207359904374","8","true","9","""done""","0.010597034888850443","158.0130088780962","24.272887045662078","36.21735724225316","39.509755712084775","""Clay loam""","""D""","""woods | used and managed but not planted | good""","77","0.5693939007043815","0.306","0.15055902600924395","0.15544097399075604","1","0","49.63071296516659","50.36928703483341","""woodland""","17.48153564825833"
"22","18","[6.823766488549651 106.82376648854965 0]","""""","9.9","42.671731756803496","16","true","1275","""done""","0.7789259656017646","189.24676496608893","20.190761136810213","43.86218258649456","35.94705627669523","""Clay loam""","""D""","""woods | used and managed but not planted | good""","77","0.5533617532451285","0.306","0.16552236363788006","0.14047763636211993","0.9282971545689269","0","0.19989465347059365","99.8001053465294","""woodland""","15.00999473267353"
"23","18","[10.118312284633717 110.11831228463372 0]","""""","9.9","43.96165611784535","32","true","2","""done""","0.002364662728699396","155.47023614334827","21.422680787742284","43.149511482554786","35.42780772970293","""Clay loam""","""D""","""woods-grass combination or tree farm | lightly or only occasionally grazed | good""","79","0.5510251347836632","0.306","0.16770320753524773","0.13829679246475227","1","4.46554699695929","46.02194743691256","49.51250556612814","""wood-grass""","17.524374721693594"
"24","18","[13.676349843860265 113.67634984386027 0]","""""","9.9","45.354746276313776","64","true","68","""done""","0.07733932113385433","154.83401851655992","23.254722092899392","38.208960608915135","38.53631729818547","""Clay loam""","""D""","""woods | used and managed but not planted | good""","77","0.5650134278418346","0.306","0.15464746734762103","0.15135253265237897","1","0","42.46686361993349","57.53313638006651","""woodland""","17.123343180996677"
"25","18","[18.599104509178616 118.59910450917862 0]","""""","9.9","47.28216861591952","32","false","0","""done""","0","143.5366478978887","25.23562094490889","38.27605831701515","36.48832073807596","""Clay loam""","""D""","""woods-grass combination or tree farm | lightly or only occasionally grazed | good""","79","0.5557974433213418","0.306","0.16324905290008096","0.14275094709991903","1","7.2375519172233","43.49470664368795","49.26774143908875","""wood-grass""","17.53661292804556"
"26","18","[22.117997797172265 122.11799779717226 0]","""""","9.9","48.65993248901089","64","false","0","""done""","0","170.88188372133155","20.318375307211266","40.407401201218","39.27422349157074","""Clay loam""","""D""","""woods-grass combination or tree farm | lightly or only occasionally grazed | good""","79","0.5683340057120683","0.306","0.15154826133540292","0.15445173866459708","1","7.2375519172233","43.49470664368795","49.26774143908875","""wood-grass""","17.53661292804556"
"27","18","[24.539510142863264 124.53951014286326 0]","""""","9.9","49.60803518923231","64","false","0","""done""","0","131.50649101987545","18.754518631407258","35.43512788287181","45.810353485720924","""Clay""","""D""","""woods-grass combination or tree farm | lightly or only occasionally grazed | good""","79","0.5977465906857442","0.357","0.17509651535997212","0.18190348464002787","0.7209195380439695","7.2375519172233","43.49470664368795","49.26774143908875","""wood-grass""","17.53661292804556"
"28","18","[26.959979630062918 126.95997963006292 0]","""""","9.9","50.55572957563557","64","true","19","""done""","0.022239863381334102","144.00174569581483","24.10047166345249","41.42389871636004","34.47562962018748","""Clay loam""","""D""","""woods | used and managed but not planted | good""","77","0.5467403332908437","0.306","0.17170235559521257","0.13429764440478742","1","0","48.407240143221166","51.592759856778834","""woodland""","17.42036200716106"
"29","18","[31.508690446565737 131.50869044656574 0]","""""","9.9","52.336701295778525","32","true","17","""done""","0.01992231019702717","191.2799549317798","23.97215241432638","39.63971949592345","36.388128089750175","""Clay loam""","""D""","""woods | used and managed but not planted | good""","77","0.5553465764038757","0.306","0.16366986202304928","0.1423301379769507","0.918429918556026","0","48.65182896075311","51.34817103924689","""woodland""","17.432591448037655"
"30","18","[36.5394910752415 136.5394910752415 0]","""""","9.9","54.30642722710019","32","true","10","""done""","0.011767529412220479","125.21617481195656","27.61634255791143","39.08453048600941","33.299126956079164","""Clay loam""","""D""","""woods | used and managed but not planted | good""","77","0.5414460713023562","0.306","0.17664366678446752","0.12935633321553247","1","0","49.508321580567106","50.491678419432894","""woodland""","17.475416079028356"
"31","18","[41.3258545506356 141.3258545506356 0]","""""","9.9","56.18044787512103","64","true","40","""done""","0.046245768005522936","193.1988101229033","22.624452735907877","42.00344206657898","35.37210519751316","""Clay loam""","""D""","""woods | used and managed but not planted | good""","77","0.5507744733888091","0.306","0.16793715817044474","0.13806284182955525","0.9093080506947112","0","45.84588808748224","54.15411191251776","""woodland""","17.29229440437411"
"32","18","[44.16514980712117 144.16514980712117 0]","""""","9.9","57.29212649372897","64","true","2","""done""","0.002364662728699396","186.43208079967096","24.39448778724603","39.15797101166339","36.44754120109059","""Clay loam""","""D""","""woods-grass combination or tree farm | lightly or only occasionally grazed | good""","79","0.5556139354049077","0.306","0.16342032695541955","0.14257967304458044","0.9423122494575779","4.46554699695929","46.02194743691256","49.51250556612814","""wood-grass""","17.524374721693594"
"33","18","[48.47522077485473 148.47522077485473 0]","""""","9.9","58.97966276829133","32","true","1","""done""","0.0011830311456955123","154.480909435782","24.66672011652989","37.62902599083807","37.70425389263204","""Clay loam""","""D""","""woods-grass combination or tree farm | lightly or only occasionally grazed | good""","79","0.5612691425168441","0.306","0.15814213365094545","0.14785786634905454","1","5.854940353061892","44.75493979863351","49.39011984830461","""wood-grass""","17.530494007584768"
"34","18","[52.43055955975058 152.43055955975058 0]","""""","9.9","60.52830958354436","64","true","1","""done""","0.0011830311456955123","149.94809879683507","25.151313626845518","41.169512957062715","33.679173416091764","""Clay loam""","""D""","""woods-grass combination or tree farm | lightly or only occasionally grazed | good""","79","0.5431562803724129","0.306","0.1750474716524146","0.1309525283475854","1","5.854940353061892","44.75493979863351","49.39011984830461","""wood-grass""","17.530494007584768"
"35","18","[56.25232040692123 156.25232040692123 0]","""""","9.9","62.024656189107105","64","true","13","""done""","0.01527071114425227","148.8205388147052","18.64678889633067","39.907186361324506","41.446024742344825","""Clay""","""D""","""woods | used and managed but not planted | good""","77","0.5781071113405517","0.357","0.19342669608215174","0.16357330391784825","0.6370464689277429","0","49.14118864617969","50.85881135382031","""woodland""","17.457059432308984"
"36","18","[59.80185393742093 159.80185393742093 0]","""""","9.9","63.414416737213216","32","true","10","""done""","0.011767529412220479","181.07206567112388","26.259446137774965","39.23724648022626","34.50330738199877","""Clay loam""","""D""","""woods | used and managed but not planted | good""","77","0.5468648832189945","0.306","0.17158610899560517","0.13441389100439483","0.9702061595103932","0","49.508321580567106","50.491678419432894","""woodland""","17.475416079028356"
"37","18","[63.42711899312553 163.42711899312553 0]","""""","9.9","64.83382869868768","64","true","41","""done""","0.04737408896731132","127.0951776299469","24.34314506497571","38.194003721683075","37.46285121334121","""Clay loam""","""D""","""woods | used and managed but not planted | good""","77","0.5601828304600355","0.306","0.15915602490396694","0.14684397509603306","1","0","45.72435741805315","54.27564258194685","""woodland""","17.286217870902657"
"38","18","[68.6606641488248 168.6606641488248 0]","""""","9.9","66.882935862101","32","true","1","""done""","0.0011830311456955123","160.8388925620315","22.70805019864554","37.26382953827792","40.02812026307654","""Clay""","""D""","""woods-grass combination or tree farm | lightly or only occasionally grazed | good""","79","0.5717265411838444","0.357","0.19938189489507854","0.15761810510492144","0.5894444884919107","5.854940353061892","44.75493979863351","49.39011984830461","""wood-grass""","17.530494007584768"
"39","18","[75.59353491114211 175.59353491114211 0]","""""","9.9","69.59738557437926","32","false","0","""done""","0","149.23390893678766","20.58685907785371","42.516911598273374","36.8962293238729","""Clay loam""","""D""","""woods-grass combination or tree farm | lightly or only occasionally grazed | good""","79","0.5576330319574281","0.306","0.16153583683973383","0.14446416316026617","1","7.2375519172233","43.49470664368795","49.26774143908875","""wood-grass""","17.53661292804556"
"40","18","[79.99349547885063 179.99349547885063 0]","""""","9.9","71.32011661993245","64","true","1","""done""","0.0011830311456955123","171.18892804761794","21.232531170011416","41.73030302146021","37.037165808528364","""Clay loam""","""D""","""woods-grass combination or tree farm | lightly or only occasionally grazed | good""","79","0.5582672461383776","0.306","0.16094390360418087","0.14505609639581912","1","5.854940353061892","44.75493979863351","49.39011984830461","""wood-grass""","17.530494007584768"
"41","18","[87.51855992145812 187.51855992145812 0]","""""","9.9","74.26642987333048","32","false","0","""done""","0","191.16546204315796","24.757224538353643","39.55365763808747","35.68911782355888","""Clay loam""","""D""","""woods-grass combination or tree farm | lightly or only occasionally grazed | good""","79","0.552201030206015","0.306","0.16660570514105272","0.13939429485894728","0.9189799849396096","7.2375519172233","43.49470664368795","49.26774143908875","""wood-grass""","17.53661292804556"
"42","18","[91.71808387344277 191.71808387344277 0]","""""","9.9","75.91068331090071","64","false","0","""done""","0","164.83076099308605","24.17716593839416","41.624514229592634","34.19831983201322","""Clay loam""","""D""","""woods-grass combination or tree farm | lightly or only occasionally grazed | good""","79","0.5454924392440594","0.306","0.1728670567055445","0.1331329432944555","1","7.2375519172233","43.49470664368795","49.26774143908875","""wood-grass""","17.53661292804556"
"43","18","[95.83582987942737 195.83582987942737 0]","""""","9.9","77.52291796006412","64","true","7","""done""","0.008251885085253763","149.75383009097743","23.380951728278323","35.57113412882366","41.04791414289802","""Clay""","""D""","""woods | used and managed but not planted | good""","77","0.5763156136430411","0.357","0.1950987605998283","0.16190123940017168","0.6330762872524621","0","49.87550754506712","50.12449245493288","""woodland""","17.493775377253357"
"44","18","[102.67216203140697 202.67216203140697 0]","""""","9.9","80.19956959243595","32","false","0","""done""","0","127.69344162787198","23.67349777509605","41.838162168004594","34.488340056899354","""Clay loam""","""D""","""woods-grass combination or tree farm | lightly or only occasionally grazed | good""","79","0.546797530256047","0.306","0.17164897176102273","0.13435102823897727","1","7.2375519172233","43.49470664368795","49.26774143908875","""wood-grass""","17.53661292804556"
"45","18","[103.78674381767692 203.78674381767692 0]","""""","9.9","80.63596546836885","64","true","5","""done""","0.005901176649031781","152.56173969981313","21.547348002051876","39.25332928906738","39.19932270888075","""Clay loam""","""D""","""woods-grass combination or tree farm | lightly or only occasionally grazed | good""","79","0.5679969521899634","0.306","0.15186284462270086","0.15413715537729913","1","0.2729377906510422","49.84737030260629","49.87969190674267","""wood-grass""","17.506015404662865"
"46","18","[107.29019117641582 207.29019117641582 0]","""""","9.9","82.00768174593178","32","true","4","""done""","0.004723733827578291","160.64075916646027","23.071039669056894","37.34113775328687","39.58782257765623","""Clay loam""","""D""","""woods-grass combination or tree farm | lightly or only occasionally grazed | good""","79","0.5697452015994531","0.306","0.15023114517384384","0.15576885482615616","1","1.672896220173925","48.569810717776754","49.75729306204932","""wood-grass""","17.512135346897534"
"47","18","[111.86929321383991 211.8692932138399 0]","""""","9.9","83.80055264084862","32","false","0","""done""","0","175.49512847132755","25.60825300828398","41.96222453426761","32.4295224574484","""Clay loam""","""D""","""woods-grass combination or tree farm | lightly or only occasionally grazed | good""","79","0.5375328510585178","0.306","0.18029600567871673","0.12570399432128326","1","7.2375519172233","43.49470664368795","49.26774143908875","""wood-grass""","17.53661292804556"
"48","18","[114.48705628865335 214.48705628865335 0]","""""","9.9","84.82549403509219","64","false","0","""done""","0","181.42625587997895","24.982590577238085","40.456305172169664","34.56110425059225","""Clay loam""","""D""","""woods-grass combination or tree farm | lightly or only occasionally grazed | good""","79","0.5471249691276652","0.306","0.17134336214751256","0.13465663785248744","0.9683120702530105","7.2375519172233","43.49470664368795","49.26774143908875","""wood-grass""","17.53661292804556"
"49","18","[118.41217455455228 218.41217455455228 0]","""""","9.9","86.36230851105773","2","false","0","""done""","0","179.4002239069373","20.453309524345006","40.837010722997675","38.70967975265732","""Clay loam""","""D""","""woods-grass combination or tree farm | lightly or only occasionally grazed | good""","79","0.5657935588869579","0.306","0.15391934503883925","0.15208065496116074","0.9792475706191217","7.2375519172233","43.49470664368795","49.26774143908875","""wood-grass""","17.53661292804556"
"0","17","[89.12722946038943 189.12722946038943 0]","""""","9.9","74.89627755357822","32","false","0","""done""","0","165.32468719736073","22.979620258972123","38.50686995660259","38.51350978442529","""Clay loam""","""D""","""woods-grass combination or tree farm | lightly or only occasionally grazed | good""","79","0.5649107940299138","0.306","0.1547432589054138","0.1512567410945862","1","7.2375519172233","43.49470664368795","49.26774143908875","""wood-grass""","17.53661292804556"
"1","17","[84.61755832119022 184.61755832119022 0]","""""","9.9","73.13059116680685","8","false","0","""done""","0","117.2974122316617","25.801291509537908","38.81757234177532","35.38113614868678","""Clay loam""","""D""","""woods-grass combination or tree farm | lightly or only occasionally grazed | good""","79","0.5508151126690906","0.306","0.16789922817551556","0.13810077182448444","1","7.2375519172233","43.49470664368795","49.26774143908875","""wood-grass""","17.53661292804556"
"2","17","[82.00545258052279 182.00545258052279 0]","""""","9.9","72.10786480722517","2","false","0","""done""","0","180.69632157582558","24.038216348675444","36.725275789255726","39.23650786206883","""Clay loam""","""D""","""woods-grass combination or tree farm | lightly or only occasionally grazed | good""","79","0.5681642853793097","0.306","0.15170666697931096","0.15429333302068904","0.9722236285572389","7.2375519172233","43.49470664368795","49.26774143908875","""wood-grass""","17.53661292804556"
"3","17","[77.78914605781767 177.78914605781767 0]","""""","9.9","70.45704043449327","4","true","1","""done""","0.0011830311456955123","125.77631916249676","23.34178053730209","38.818971473050055","37.83924798964786","""Clay loam""","""D""","""woods-grass combination or tree farm | lightly or only occasionally grazed | good""","79","0.5618766159534154","0.306","0.157575158443479","0.148424841556521","1","5.854940353061892","44.75493979863351","49.39011984830461","""wood-grass""","17.530494007584768"
"4","17","[75.64135405574578 175.64135405574578 0]","""""","9.9","69.61610836148446","4","true","5","""done""","0.005901176649031781","150.69162542561602","25.05537076568677","38.00319663788323","36.94143259642999","""Clay loam""","""D""","""woods-grass combination or tree farm | lightly or only occasionally grazed | good""","79","0.557836446683935","0.306","0.16134598309499407","0.14465401690500593","1","0.2729377906510422","49.84737030260629","49.87969190674267","""wood-grass""","17.506015404662865"
"5","17","[72.36478911291303 172.36478911291303 0]","""""","9.9","68.33322410310828","4","true","1","""done""","0.0011830311456955123","122.00588048494004","22.05155832280999","42.3972960749604","35.55114560222962","""Clay loam""","""D""","""woods-grass combination or tree farm | lightly or only occasionally grazed | good""","79","0.5515801552100332","0.306","0.16718518847063563","0.13881481152936437","1","5.854940353061892","44.75493979863351","49.39011984830461","""wood-grass""","17.530494007584768"
"6","17","[70.3293615156021 170.3293615156021 0]","""""","9.9","67.53628643539426","2","false","0","""done""","0","159.51213138951925","18.843886803775078","42.736222666739685","38.41989052948523","""Silty clay loam""","""D""","""woods-grass combination or tree farm | lightly or only occasionally grazed | good""","79","0.5644895073826836","0.2365","0.08563645977616205","0.15086354022383794","0.7508158945132141","7.2375519172233","43.49470664368795","49.26774143908875","""wood-grass""","17.53661292804556"
"7","17","[66.25120011927373 166.25120011927373 0]","""""","9.9","65.93955047876038","2","true","11","""done""","0.012936639204113476","160.8088116786255","23.085144720578395","40.38480615952804","36.53004911989357","""Clay loam""","""D""","""woods | used and managed but not planted | good""","77","0.5559852210395211","0.306","0.16307379369644703","0.14292620630355296","1","0","49.385936088390636","50.614063911609364","""woodland""","17.469296804419532"
"8","17","[61.241182608067305 161.2411826080673 0]","""""","9.9","63.97796182983859","4","true","22","""done""","0.02570592177432951","225.0409193121396","23.457525394180806","42.35175503774938","34.19071956806981","""Clay loam""","""D""","""woods | used and managed but not planted | good""","77","0.5454582380563141","0.306","0.17289897781410682","0.13310102218589318","0.7806457330798777","0","48.040503595523745","51.959496404476255","""woodland""","17.40202517977619"
"9","17","[57.8031521916877 157.8031521916877 0]","""""","9.9","62.63185846306731","4","false","0","""done""","0","164.4081647110936","24.639650486049167","43.572395549655845","31.787953964295","""Clay loam""","""D""","""woods-grass combination or tree farm | lightly or only occasionally grazed | good""","79","0.5346457928393274","0.306","0.18299059334996098","0.123009406650039","1","7.2375519172233","43.49470664368795","49.26774143908875","""wood-grass""","17.53661292804556"
"10","17","[52.555826368591994 152.555826368592 0]","""""","9.9","60.57735570958291","4","true","2","""done""","0.002364662728699396","153.76782289674304","24.444691374032725","37.6741943107441","37.88111431522318","""Clay loam""","""D""","""woods-grass combination or tree farm | lightly or only occasionally grazed | good""","79","0.5620650144185043","0.306","0.15739931987606265","0.14860068012393735","1","4.46554699695929","46.02194743691256","49.51250556612814","""wood-grass""","17.524374721693594"
"11","17","[48.41540498836531 148.4154049883653 0]","""""","9.9","58.956242896496164","4","true","1","""done""","0.0011830311456955123","158.17996262529928","19.741235818623604","42.93832201931623","37.32044216206016","""Silty clay loam""","""D""","""woods-grass combination or tree farm | lightly or only occasionally grazed | good""","79","0.5595419897292707","0.2365","0.09025414291934733","0.14624585708065266","0.7571391573699623","5.854940353061892","44.75493979863351","49.39011984830461","""wood-grass""","17.530494007584768"
"12","17","[43.8541800285532 143.8541800285532 0]","""""","9.9","57.17037147262731","2","false","0","""done""","0","147.8577272883839","25.553690325367082","39.70811404758417","34.73819562704876","""Clay loam""","""D""","""woods-grass combination or tree farm | lightly or only occasionally grazed | good""","79","0.5479218803217194","0.306","0.17059957836639522","0.13540042163360477","1","7.2375519172233","43.49470664368795","49.26774143908875","""wood-grass""","17.53661292804556"
"13","17","[37.99900628662411 137.9990062866241 0]","""""","9.9","54.87787602247324","4","true","19","""done""","0.022239863381334102","198.49247498314386","25.169241051897128","41.79746317825509","33.033295769847776","""Clay loam""","""D""","""woods | used and managed but not planted | good""","77","0.540249830964315","0.306","0.17776015776663937","0.12823984223336063","0.8850573979911","0","48.407240143221166","51.592759856778834","""woodland""","17.42036200716106"
"14","17","[34.21640851179279 134.2164085117928 0]","""""","9.9","53.39686306354665","4","true","1","""done""","0.0011830311456955123","150.5888518668916","20.84858444374264","42.09888105026762","37.052534505989726","""Clay loam""","""D""","""woods-grass combination or tree farm | lightly or only occasionally grazed | good""","79","0.5583364052769537","0.306","0.16087935507484316","0.14512064492515683","1","5.854940353061892","44.75493979863351","49.39011984830461","""wood-grass""","17.530494007584768"
"15","17","[29.713575287977733 129.71357528797773 0]","""""","9.9","51.63385394829576","4","false","0","""done""","0","168.72539691786454","24.79544408413565","33.59090425731613","41.61365165854822","""Clay""","""D""","""woods-grass combination or tree farm | lightly or only occasionally grazed | good""","79","0.578861432463467","0.357","0.19272266303409746","0.16427733696590252","0.5618928773478208","7.2375519172233","43.49470664368795","49.26774143908875","""wood-grass""","17.53661292804556"
"16","17","[25.048183310985237 125.04818331098524 0]","""""","9.9","49.80719766927699","4","false","0","""done""","0","176.49163198317484","28.978450190387544","40.36525407977959","30.65629572983285","""Clay loam""","""D""","""woods-grass combination or tree farm | lightly or only occasionally grazed | good""","79","0.5295533307842478","0.306","0.18774355793470204","0.11825644206529796","0.9953856251164495","7.2375519172233","43.49470664368795","49.26774143908875","""wood-grass""","17.53661292804556"
"17","17","[21.709827081253763 121.70982708125376 0]","""""","9.9","48.500120064927124","2","false","0","""done""","0","142.48951587183544","22.988491919331054","43.87366534942436","33.13784273124458","""Clay loam""","""D""","""woods-grass combination or tree farm | lightly or only occasionally grazed | good""","79","0.5407202922906006","0.306","0.17732106052877278","0.12867893947122722","1","7.2375519172233","43.49470664368795","49.26774143908875","""wood-grass""","17.53661292804556"
"18","17","[17.431843749747898 117.4318437497479 0]","""""","9.9","46.8251471682081","4","true","1","""done""","0.0011830311456955123","153.83130246616545","24.952141336545953","41.76721316535708","33.28064549809697","""Clay loam""","""D""","""woods-grass combination or tree farm | lightly or only occasionally grazed | good""","79","0.5413629047414363","0.306","0.1767212889079927","0.12927871109200728","1","5.854940353061892","44.75493979863351","49.39011984830461","""wood-grass""","17.530494007584768"
"19","17","[14.281862521715908 114.28186252171591 0]","""""","9.9","45.59182464839592","4","false","0","""done""","0","142.01632103835612","29.607829501404073","37.15406530714595","33.238105191449996","""Clay loam""","""D""","""woods-grass combination or tree farm | lightly or only occasionally grazed | good""","79","0.5411714733615249","0.306","0.17689995819591003","0.12910004180408996","1","7.2375519172233","43.49470664368795","49.26774143908875","""wood-grass""","17.53661292804556"
"20","17","[10.651437518087732 110.65143751808773 0]","""""","9.9","44.170392395524615","2","true","89","""done""","0.09999242737926506","139.46619400540095","20.159644639137245","42.9058146301054","36.93454073075736","""Clay loam""","""D""","""woods | used and managed but not planted | good""","77","0.5578054332884081","0.306","0.1613749289308191","0.1446250710691809","1","0","39.97628309571094","60.02371690428906","""woodland""","16.99881415478555"
"21","17","[6.447122575946935 106.44712257594693 0]","""""","9.9","42.52426312580682","8","true","1380","""done""","0.8047646337056499","217.21624899877062","17.737926134446283","45.302144337542494","36.95992952801122","""Silty clay loam""","""D""","""woods | used and managed but not planted | good""","77","0.5579196828760504","0.2365","0.09176829598235287","0.14473170401764712","0.5513595054097866","0","0.11964297708431104","99.88035702291569","""woodland""","15.005982148854216"
"22","17","[8.154204703294596 108.1542047032946 0]","""""","9.9","43.19264261076716","32","true","3","""done""","0.003544896404737763","200.1855629676796","26.506931649220697","40.25119438972907","33.241873961050224","""Clay loam""","""D""","""woods-grass combination or tree farm | lightly or only occasionally grazed | good""","79","0.5411884328247261","0.306","0.17688412936358908","0.12911587063641092","0.8775719428766114","3.0709855053506487","47.29411736840723","49.63489712624213","""wood-grass""","17.518255143687888"
"23","17","[12.080977133098344 112.08097713309834 0]","""""","9.9","44.73010474697178","32","true","1","""done""","0.0011830311456955123","122.47282510341341","21.701618136214705","39.939567895836326","38.358813967948954","""Clay loam""","""D""","""woods-grass combination or tree farm | lightly or only occasionally grazed | good""","79","0.5642146628557703","0.306","0.1553929813346144","0.1506070186653856","1","5.854940353061892","44.75493979863351","49.39011984830461","""wood-grass""","17.530494007584768"
"24","17","[15.968339589947732 115.96833958994773 0]","""""","9.9","46.252136566729675","64","true","1","""done""","0.0011830311456955123","157.4017666784581","27.26111764085284","37.34239358584628","35.396488773300874","""Clay loam""","""D""","""woods-grass combination or tree farm | lightly or only occasionally grazed | good""","79","0.5508841994798539","0.306","0.16783474715213634","0.13816525284786366","1","5.854940353061892","44.75493979863351","49.39011984830461","""wood-grass""","17.530494007584768"
"25","17","[18.26805700741471 118.26805700741471 0]","""""","9.9","47.152552497759956","64","true","66","""done""","0.07515236840970685","169.66573224955448","21.431688966646757","41.48291295092309","37.085398082430146","""Clay loam""","""D""","""woods | used and managed but not planted | good""","77","0.5584842913709356","0.306","0.1607413280537934","0.1452586719462066","1","0","42.70628254959651","57.29371745040349","""woodland""","17.135314127479823"
"26","17","[22.31308774611641 122.31308774611641 0]","""""","9.9","48.73631669894859","32","true","57","""done""","0.0652467556670443","139.52195224327428","22.411765117113386","45.01016928486884","32.57806559801779","""Clay loam""","""D""","""woods | used and managed but not planted | good""","77","0.5382012951910801","0.306","0.1796721244883253","0.12632787551167468","1","0","43.78774657032658","56.21225342967342","""woodland""","17.18938732851633"
"27","17","[25.83460721784391 125.83460721784391 0]","""""","9.9","50.11510881040257","32","true","56","""done""","0.06413960367016314","185.52523497847105","23.31965859829689","39.92601052434531","36.754330877357795","""Clay loam""","""D""","""woods | used and managed but not planted | good""","77","0.5569944889481101","0.306","0.16213181031509727","0.14386818968490273","0.946918263975146","0","43.908294036370556","56.091705963629444","""woodland""","17.195414701818528"
"28","17","[29.556675732657993 129.556675732658 0]","""""","9.9","51.572422548894934","32","true","4","""done""","0.004723733827578291","163.1312554231963","23.986750077613536","42.852087225842425","33.16116269654404","""Clay loam""","""D""","""woods-grass combination or tree farm | lightly or only occasionally grazed | good""","79","0.5408252321344482","0.306","0.17722311667451504","0.12877688332548495","1","1.672896220173925","48.569810717776754","49.75729306204932","""wood-grass""","17.512135346897534"
"29","17","[34.75177107594277 134.75177107594277 0]","""""","9.9","53.6064753306785","64","false","0","""done""","0","161.12490533446322","25.935335308276663","34.40779336568103","39.65687132604229","""Clay loam""","""D""","""woods-grass combination or tree farm | lightly or only occasionally grazed | good""","79","0.5700559209671903","0.306","0.14994114043062237","0.15605885956937762","1","7.2375519172233","43.49470664368795","49.26774143908875","""wood-grass""","17.53661292804556"
"30","17","[39.519356718118075 139.51935671811808 0]","""""","9.9","55.47314383184338","64","true","5","""done""","0.005901176649031781","163.889935711054","22.67331868644523","36.02229032820478","41.30439098534999","""Clay""","""D""","""woods-grass combination or tree farm | lightly or only occasionally grazed | good""","79","0.577469759434075","0.357","0.19402155786153005","0.16297844213846993","0.5784711449455869","0.2729377906510422","49.84737030260629","49.87969190674267","""wood-grass""","17.506015404662865"
"31","17","[43.59485142460022 143.59485142460022 0]","""""","9.9","57.068835690623146","64","true","9","""done""","0.010597034888850443","174.0844052906608","23.89184645395089","40.74723224562584","35.36092130042328","""Clay loam""","""D""","""woods | used and managed but not planted | good""","77","0.5507241458519048","0.306","0.16798413053822225","0.13801586946177774","1","0","49.63071296516659","50.36928703483341","""woodland""","17.48153564825833"
"32","17","[45.72568606178072 145.72568606178072 0]","""""","9.9","57.903128390733116","64","true","39","""done""","0.045116110623868","162.88591178279833","29.56905874772931","37.33646295537873","33.09447829689196","""Clay loam""","""D""","""woods | used and managed but not planted | good""","77","0.5405251523360138","0.306","0.1775031911530538","0.1284968088469462","1","0","45.967468202186566","54.032531797813434","""woodland""","17.298373410109328"
"33","17","[50.58599611955387 150.58599611955387 0]","""""","9.9","59.80610158758176","32","true","36","""done""","0.041719104121338835","181.06410262282006","27.541685671900265","35.2738211018369","37.184493226262845","""Clay loam""","""D""","""woods | used and managed but not planted | good""","77","0.5589302195181828","0.306","0.16032512844969607","0.14567487155030392","0.9702488283685543","0","46.33249092768993","53.66750907231007","""woodland""","17.316624546384496"
"34","17","[55.1381075373684 155.1381075373684 0]","""""","9.9","61.58840475635091","64","false","0","""done""","0","166.1953730445769","26.378453062539357","42.668280099713336","30.95326683774731","""Clay loam""","""D""","""woods-grass combination or tree farm | lightly or only occasionally grazed | good""","79","0.5308897007698629","0.306","0.18649627928146129","0.1195037207185387","1","7.2375519172233","43.49470664368795","49.26774143908875","""wood-grass""","17.53661292804556"
"35","17","[59.13826481448251 159.1382648144825 0]","""""","9.9","63.15459950340268","64","false","0","""done""","0","144.17678927814023","23.650889501775467","39.38196715639032","36.96714334183421","""Clay loam""","""D""","""woods-grass combination or tree farm | lightly or only occasionally grazed | good""","79","0.557952145038254","0.306","0.16123799796429633","0.14476200203570366","1","7.2375519172233","43.49470664368795","49.26774143908875","""wood-grass""","17.53661292804556"
"36","17","[63.18667850995513 163.18667850995513 0]","""""","9.9","64.73968824479239","64","true","1","""done""","0.0011830311456955123","160.1057831091689","24.273910648044772","37.40499205599097","38.32109729596427","""Clay loam""","""D""","""woods-grass combination or tree farm | lightly or only occasionally grazed | good""","79","0.5640449378318392","0.306","0.15555139135695006","0.15044860864304993","1","5.854940353061892","44.75493979863351","49.39011984830461","""wood-grass""","17.530494007584768"
"37","17","[67.52819596796104 167.52819596796104 0]","""""","9.9","66.43953686721156","64","true","9","""done""","0.010597034888850443","145.91910713777966","23.51990570922506","37.98828601973834","38.491808271036604","""Clay loam""","""D""","""woods | used and managed but not planted | good""","77","0.5648131372196648","0.306","0.15483440526164627","0.15116559473835373","1","0","49.63071296516659","50.36928703483341","""woodland""","17.48153564825833"
"38","17","[70.64757733017109 170.6475773301711 0]","""""","9.9","67.66087852082504","64","true","38","""done""","0.043985115239447814","141.1273293272375","27.41267318300485","41.933520946306594","30.65380587068856","""Clay loam""","""D""","""woods | used and managed but not planted | good""","77","0.5295421264180985","0.306","0.18775401534310804","0.11824598465689194","1","0","46.08909633427316","53.91090366572684","""woodland""","17.30445481671366"
"39","17","[77.18599875776317 177.18599875776317 0]","""""","9.9","70.22088818656832","32","true","32","""done""","0.0371709559960024","170.6878872661554","20.41119066898203","41.2003141613807","38.388495169637245","""Clay loam""","""D""","""woods | used and managed but not planted | good""","77","0.5643482282633676","0.306","0.15526832028752358","0.15073167971247642","1","0","46.8197932509978","53.1802067490022","""woodland""","17.34098966254989"
"40","17","[82.05932906155954 182.05932906155954 0]","""""","9.9","72.12895924320452","32","true","31","""done""","0.036030550113287374","158.68493549191317","22.3179644235835","38.87409745118612","38.80793812523038","""Clay loam""","""D""","""woods | used and managed but not planted | good""","77","0.5662357215635367","0.306","0.15350665987403242","0.15249334012596757","1","0","46.94171734069237","53.05828265930763","""woodland""","17.347085867034618"
"41","17","[88.46522395201887 188.46522395201887 0]","""""","9.9","74.63708035759264","32","true","11","""done""","0.012936639204113476","159.83906466015122","22.104515918550494","41.69054383186199","36.20494024958752","""Clay loam""","""D""","""woods | used and managed but not planted | good""","77","0.5545222311231438","0.306","0.16443925095173242","0.14156074904826757","1","0","49.385936088390636","50.614063911609364","""woodland""","17.469296804419532"
"42","17","[93.26862186573476 193.26862186573476 0]","""""","9.9","76.51777055532624","32","true","10","""done""","0.011767529412220479","169.07765906325696","21.828838147849563","40.17552769574245","37.99563415640798","""Clay loam""","""D""","""woods | used and managed but not planted | good""","77","0.5625803537038359","0.306","0.15691833654308648","0.1490816634569135","1","0","49.508321580567106","50.491678419432894","""woodland""","17.475416079028356"
"43","17","[100.76211560203888 200.76211560203888 0]","""""","9.9","79.45172282615593","32","false","0","""done""","0","165.77229803526512","24.804479180248578","38.65309282250162","36.5424279972498","""Clay loam""","""D""","""woods-grass combination or tree farm | lightly or only occasionally grazed | good""","79","0.5560409259876241","0.306","0.16302180241155084","0.14297819758844915","1","7.2375519172233","43.49470664368795","49.26774143908875","""wood-grass""","17.53661292804556"
"44","17","[103.13253822494778 203.13253822494778 0]","""""","9.9","80.37982219903134","64","true","5","""done""","0.005901176649031781","151.94693631071323","24.115509494645718","41.35372531681515","34.530765188539135","""Clay loam""","""D""","""woods-grass combination or tree farm | lightly or only occasionally grazed | good""","79","0.5469884433484261","0.306","0.17147078620813563","0.13452921379186436","1","0.2729377906510422","49.84737030260629","49.87969190674267","""wood-grass""","17.506015404662865"
"45","17","[105.44202881462664 205.44202881462664 0]","""""","9.9","81.28406465235058","32","true","4","""done""","0.004723733827578291","158.22313464644552","24.10269735811609","41.37826037227826","34.519042269605656","""Clay loam""","""D""","""woods-grass combination or tree farm | lightly or only occasionally grazed | good""","79","0.5469356902132254","0.306","0.17152002246765627","0.13447997753234373","1","1.672896220173925","48.569810717776754","49.75729306204932","""wood-grass""","17.512135346897534"
"46","17","[109.53416563083857 209.53416563083857 0]","""""","9.9","82.88627245113796","32","true","2","""done""","0.002364662728699396","180.45781492051822","20.902305799602146","44.643936020113216","34.45375818028464","""Clay loam""","""D""","""woods-grass combination or tree farm | lightly or only occasionally grazed | good""","79","0.5466419118112809","0.306","0.17179421564280453","0.13420578435719546","0.9735085926135758","4.46554699695929","46.02194743691256","49.51250556612814","""wood-grass""","17.524374721693594"
"47","17","[113.4704375928361 213.4704375928361 0]","""""","9.9","84.42745397045447","64","true","2","""done""","0.002364662728699396","154.50413084491183","30.02937787865354","38.92277008043688","31.04785204090958","""Clay loam""","""D""","""woods-grass combination or tree farm | lightly or only occasionally grazed | good""","79","0.531315334184093","0.306","0.18609902142817975","0.11990097857182024","1","4.46554699695929","46.02194743691256","49.51250556612814","""wood-grass""","17.524374721693594"
"48","17","[118.17689218715844 218.17689218715844 0]","""""","9.9","86.27018763121274","32","false","0","""done""","0","142.7274266612225","19.64233560700832","39.78847381677297","40.56919057621872","""Clay""","""D""","""woods-grass combination or tree farm | lightly or only occasionally grazed | good""","79","0.5741613575929843","0.357","0.19710939957988136","0.15989060042011863","0.6642423322103495","7.2375519172233","43.49470664368795","49.26774143908875","""wood-grass""","17.53661292804556"
"49","17","[120.3066013710125 220.3066013710125 0]","""""","9.9","87.10403967887684","2","false","0","""done""","0","175.505463191225","20.669385166208006","38.57140673219766","40.75920810159434","""Clay""","""D""","""woods-grass combination or tree farm | lightly or only occasionally grazed | good""","79","0.5750164364571745","0.357","0.19631132597330378","0.1606886740266962","0.5401860263035514","7.2375519172233","43.49470664368795","49.26774143908875","""wood-grass""","17.53661292804556"
"0","16","[88.08119592240473 188.08119592240473 0]","""""","9.9","74.48672059895429","32","false","0","""done""","0","126.98220634418826","21.9584761792487","40.89853741521984","37.142986405531445","""Clay loam""","""D""","""woods-grass combination or tree farm | lightly or only occasionally grazed | good""","79","0.5587434388248915","0.306","0.16049945709676794","0.14550054290323206","1","7.2375519172233","43.49470664368795","49.26774143908875","""wood-grass""","17.53661292804556"
"1","16","[81.60840083310876 181.60840083310876 0]","""""","9.9","71.95240582948313","4","true","1","""done""","0.0011830311456955123","177.2224093058945","23.566676377729806","42.500393495543044","33.932930126727136","""Clay loam""","""D""","""woods-grass combination or tree farm | lightly or only occasionally grazed | good""","79","0.5442981855702721","0.306","0.17398169346774603","0.13201830653225397","0.9912811484588688","5.854940353061892","44.75493979863351","49.39011984830461","""wood-grass""","17.530494007584768"
"2","16","[80.37762784091089 180.3776278409109 0]","""""","9.9","71.47051722819688","2","false","0","""done""","0","131.92354228635105","26.313848704611015","40.21539142026925","33.47075987511974","""Clay loam""","""D""","""woods-grass combination or tree farm | lightly or only occasionally grazed | good""","79","0.5422184194380388","0.306","0.1759228085244971","0.1300771914755029","1","7.2375519172233","43.49470664368795","49.26774143908875","""wood-grass""","17.53661292804556"
"3","16","[77.35003955143799 177.350039551438 0]","""""","9.9","70.28511561853097","2","true","1","""done""","0.0011830311456955123","145.45294095375667","22.557768186875446","44.590511944657045","32.85171986846752","""Clay loam""","""D""","""woods-grass combination or tree farm | lightly or only occasionally grazed | good""","79","0.5394327394081038","0.306","0.17852277655243642","0.12747722344756357","1","5.854940353061892","44.75493979863351","49.39011984830461","""wood-grass""","17.530494007584768"
"4","16","[74.28318647454654 174.28318647454654 0]","""""","9.9","69.08434053738908","2","true","4","""done""","0.004723733827578291","155.14724926416756","22.103138829161225","41.234077197959415","36.66278397287937","""Clay loam""","""D""","""woods-grass combination or tree farm | lightly or only occasionally grazed | good""","79","0.5565825278779571","0.306","0.16251630731390668","0.14348369268609332","1","1.672896220173925","48.569810717776754","49.75729306204932","""wood-grass""","17.512135346897534"
"5","16","[69.7162195746692 169.7162195746692 0]","""""","9.9","67.29622095282427","4","true","11","""done""","0.012936639204113476","177.10259947553126","24.379240185391588","41.50296972619876","34.11779008840967","""Clay loam""","""D""","""woods | used and managed but not planted | good""","77","0.5451300553978435","0.306","0.1732052816286794","0.1327947183713206","0.9919517497182001","0","49.385936088390636","50.614063911609364","""woodland""","17.469296804419532"
"6","16","[67.3898093810837 167.3898093810837 0]","""""","9.9","66.38535391128886","4","true","2","""done""","0.002364662728699396","152.90168895357675","21.338250859998663","41.48047491381768","37.181274226183646","""Clay loam""","""D""","""woods-grass combination or tree farm | lightly or only occasionally grazed | good""","79","0.5589157340178263","0.306","0.1603386482500287","0.1456613517499713","1","4.46554699695929","46.02194743691256","49.51250556612814","""wood-grass""","17.524374721693594"
"7","16","[64.87453106897183 164.87453106897183 0]","""""","9.9","65.4005387135612","4","false","0","""done""","0","130.81805535213041","22.965722108491395","44.30507028452849","32.72920760698011","""Clay loam""","""D""","""woods-grass combination or tree farm | lightly or only occasionally grazed | good""","79","0.5388814342314105","0.306","0.17903732805068354","0.12696267194931646","1","7.2375519172233","43.49470664368795","49.26774143908875","""wood-grass""","17.53661292804556"
"8","16","[60.164084293169594 160.1640842931696 0]","""""","9.9","63.556241980846025","2","false","0","""done""","0","146.87783764799352","22.28373134146997","38.54339387227999","39.172874786250034","""Clay loam""","""D""","""woods-grass combination or tree farm | lightly or only occasionally grazed | good""","79","0.5678779365381251","0.306","0.15197392589774986","0.15402607410225014","1","7.2375519172233","43.49470664368795","49.26774143908875","""wood-grass""","17.53661292804556"
"9","16","[54.80271008379884 154.80271008379884 0]","""""","9.9","61.457085487241045","2","true","24","""done""","0.02800979866790232","130.0751981978122","24.417772214565087","41.81849907860473","33.76372870683017","""Clay loam""","""D""","""woods | used and managed but not planted | good""","77","0.5435367791807357","0.306","0.1746923394313133","0.1313076605686867","1","0","47.796127377941986","52.203872622058014","""woodland""","17.389806368897098"
"10","16","[49.91746375758922 149.91746375758922 0]","""""","9.9","59.54434891112236","2","true","26","""done""","0.030308227669653354","211.3158457547102","27.470787452400177","35.386166562796305","37.14304598480352","""Clay loam""","""D""","""woods | used and managed but not planted | good""","77","0.5587437069316159","0.306","0.1604992068638252","0.14550079313617478","0.8313490775003984","0","47.551856611550924","52.448143388449076","""woodland""","17.377592830577544"
"11","16","[46.477239143068914 146.4772391430689 0]","""""","9.9","58.19738644272984","4","true","30","""done""","0.03488879349693452","155.2915095278233","23.96409719733001","38.90332943856034","37.13257336410966","""Clay loam""","""D""","""woods | used and managed but not planted | good""","77","0.5586965801384934","0.306","0.16054319187073943","0.14545680812926057","1","0","47.063677948182715","52.936322051817285","""woodland""","17.353183897409135"
"12","16","[41.65353393384194 141.65353393384194 0]","""""","9.9","56.30874526273405","2","true","2","""done""","0.002364662728699396","118.56861704463228","23.576455390981824","40.694241337391446","35.729303271626726","""Clay loam""","""D""","""woods-grass combination or tree farm | lightly or only occasionally grazed | good""","79","0.5523818647223202","0.306","0.16643692625916776","0.13956307374083224","1","4.46554699695929","46.02194743691256","49.51250556612814","""wood-grass""","17.524374721693594"
"13","16","[36.6175454339878 136.6175454339878 0]","""""","9.9","54.336988107131674","4","true","3","""done""","0.003544896404737763","140.57129859617754","24.048500996203767","40.92855798692295","35.02294101687327","""Clay loam""","""D""","""woods-grass combination or tree farm | lightly or only occasionally grazed | good""","79","0.5492032345759297","0.306","0.16940364772913227","0.13659635227086772","1","3.0709855053506487","47.29411736840723","49.63489712624213","""wood-grass""","17.518255143687888"
"14","16","[32.48518717324308 132.48518717324308 0]","""""","9.9","52.71903227375913","2","true","20","""done""","0.023396584075973448","183.77600350347763","23.946582200487313","38.6092472590695","37.444170540443196","""Clay loam""","""D""","""woods | used and managed but not planted | good""","77","0.5600987674319944","0.306","0.1592344837301386","0.1467655162698614","0.955931297233104","0","48.284973609580675","51.715026390419325","""woodland""","17.414248680479034"
"15","16","[27.5853489765515 127.5853489765515 0]","""""","9.9","50.80058249455486","4","true","23","""done""","0.026858542013937226","198.04448157816526","23.86619798573975","40.24158762208656","35.89221439217368","""Clay loam""","""D""","""woods | used and managed but not planted | good""","77","0.5531149647647815","0.306","0.16575269955287056","0.14024730044712944","0.887059472849071","0","47.918303033307154","52.081696966692846","""woodland""","17.395915151665356"
"16","16","[23.05440137831046 123.05440137831046 0]","""""","9.9","49.02656566573367","4","true","1","""done""","0.0011830311456955123","154.7978079104156","20.711256533115634","39.34182966573124","39.94691380115311","""Clay loam""","""D""","""woods-grass combination or tree farm | lightly or only occasionally grazed | good""","79","0.5713611121051889","0.306","0.14872296203515695","0.15727703796484305","1","5.854940353061892","44.75493979863351","49.39011984830461","""wood-grass""","17.530494007584768"
"17","16","[18.784944047676305 118.7849440476763 0]","""""","9.9","47.35493098220317","4","true","1","""done""","0.0011830311456955123","167.61033158591533","23.76571593622696","40.07851584759777","36.15576821617526","""Clay loam""","""D""","""woods-grass combination or tree farm | lightly or only occasionally grazed | good""","79","0.5543009569727887","0.306","0.1646457734920639","0.14135422650793608","1","5.854940353061892","44.75493979863351","49.39011984830461","""wood-grass""","17.530494007584768"
"18","16","[15.957114684897306 115.9571146848973 0]","""""","9.9","46.24774164270339","2","false","0","""done""","0","137.21319820157444","20.550464294366314","40.144343513796684","39.305192191836994","""Clay loam""","""D""","""woods-grass combination or tree farm | lightly or only occasionally grazed | good""","79","0.5684733648632665","0.306","0.15141819279428465","0.15458180720571535","1","7.2375519172233","43.49470664368795","49.26774143908875","""wood-grass""","17.53661292804556"
"19","16","[11.337099029622706 111.3370990296227 0]","""""","9.9","44.438851704303694","4","true","3","""done""","0.003544896404737763","158.70031258597697","25.26410983693001","39.929060146716076","34.80683001635393","""Clay loam""","""D""","""woods-grass combination or tree farm | lightly or only occasionally grazed | good""","79","0.5482307350735927","0.306","0.17031131393131352","0.13568868606868648","1","3.0709855053506487","47.29411736840723","49.63489712624213","""wood-grass""","17.518255143687888"
"20","16","[8.81683367993297 108.81683367993297 0]","""""","9.9","43.45208391533607","8","true","1","""done""","0.0011830311456955123","136.0325111531458","28.651933311243774","37.430564782677195","33.91750190607903","""Clay loam""","""D""","""woods-grass combination or tree farm | lightly or only occasionally grazed | good""","79","0.5442287585773556","0.306","0.1740464919944681","0.1319535080055319","1","5.854940353061892","44.75493979863351","49.39011984830461","""wood-grass""","17.530494007584768"
"21","16","[6.434275096205326 106.43427509620533 0]","""""","9.9","42.519232909770245","16","true","1494","""done""","0.8294104380735466","216.46789478302122","18.87901205517017","39.99373400066435","41.12725394416549","""Clay""","""D""","""woods | used and managed but not planted | good""","77","0.5766726427487447","0.357","0.19476553343450495","0.16223446656549503","0.4379660958538973","0","0.06850300634866358","99.93149699365134","""woodland""","15.003425150317433"
"22","16","[10.460556959823492 110.46055695982349 0]","""""","9.9","44.09565630217695","32","false","0","""done""","0","152.76897264351928","19.865175017448628","41.40265418618705","38.732170796364315","""Silty clay loam""","""D""","""woods-grass combination or tree farm | lightly or only occasionally grazed | good""","79","0.5658947685836394","0.2365","0.08432488265526988","0.1521751173447301","0.783956594997838","7.2375519172233","43.49470664368795","49.26774143908875","""wood-grass""","17.53661292804556"
"23","16","[15.378718401207507 115.37871840120751 0]","""""","9.9","46.02128024169498","64","false","0","""done""","0","173.3636049326963","20.48340131142491","40.16438305139476","39.35221563718033","""Clay loam""","""D""","""woods-grass combination or tree farm | lightly or only occasionally grazed | good""","79","0.5686849703673115","0.306","0.15122069432384264","0.15477930567615736","1","7.2375519172233","43.49470664368795","49.26774143908875","""wood-grass""","17.53661292804556"
"24","16","[19.172025990836786 119.17202599083679 0]","""""","9.9","47.506486449665665","64","false","0","""done""","0","170.24150225043553","20.832902399866988","40.33664527570428","38.83045232442873","""Clay loam""","""D""","""woods-grass combination or tree farm | lightly or only occasionally grazed | good""","79","0.5663370354599293","0.306","0.15341210023739937","0.15258789976260062","1","7.2375519172233","43.49470664368795","49.26774143908875","""wood-grass""","17.53661292804556"
"25","16","[20.81238949528324 120.81238949528324 0]","""""","9.9","48.1487433725667","64","false","0","""done""","0","156.1248997663591","23.73289125924845","37.45931383005587","38.80779491069567","""Clay loam""","""D""","""woods-grass combination or tree farm | lightly or only occasionally grazed | good""","79","0.5662350770981305","0.306","0.1535072613750782","0.1524927386249218","1","7.2375519172233","43.49470664368795","49.26774143908875","""wood-grass""","17.53661292804556"
"26","16","[23.53749584844266 123.53749584844266 0]","""""","9.9","49.21571323395046","64","true","7","""done""","0.008251885085253763","158.42356872453115","21.382072807817735","39.00918219890332","39.608744993278954","""Clay loam""","""D""","""woods | used and managed but not planted | good""","77","0.5698393524697553","0.306","0.15014327102822841","0.15585672897177158","1","0","49.87550754506712","50.12449245493288","""woodland""","17.493775377253357"
"27","16","[27.946738457594734 127.94673845759473 0]","""""","9.9","50.942078507746125","32","true","5","""done""","0.005901176649031781","154.4578932958225","24.509277830514087","38.396417809674524","37.09430435981138","""Clay loam""","""D""","""woods-grass combination or tree farm | lightly or only occasionally grazed | good""","79","0.5585243696191512","0.306","0.16070392168879222","0.14529607831120778","1","0.2729377906510422","49.84737030260629","49.87969190674267","""wood-grass""","17.506015404662865"
"28","16","[32.00764246371733 132.00764246371733 0]","""""","9.9","52.53205762158217","64","true","50","""done""","0.057469098982547706","174.55642707101666","21.056340568386055","42.74947817639868","36.19418125521526","""Clay loam""","""D""","""woods | used and managed but not planted | good""","77","0.5544738156484686","0.306","0.1644844387280959","0.1415155612719041","1","0","44.633040819534074","55.366959180465926","""woodland""","17.231652040976705"
"29","16","[36.891479008617296 136.8914790086173 0]","""""","9.9","54.444242221383746","64","true","3","""done""","0.003544896404737763","163.91847678790788","23.359735397542952","42.74762729136371","33.892637311093345","""Clay loam""","""D""","""woods-grass combination or tree farm | lightly or only occasionally grazed | good""","79","0.5441168678999201","0.306","0.17415092329340795","0.13184907670659204","1","3.0709855053506487","47.29411736840723","49.63489712624213","""wood-grass""","17.518255143687888"
"30","16","[42.16164736258594 142.16164736258594 0]","""""","9.9","56.50768858617744","32","true","1","""done""","0.0011830311456955123","137.92964824653924","22.782447868022913","42.31258074467389","34.90497138730319","""Clay loam""","""D""","""woods-grass combination or tree farm | lightly or only occasionally grazed | good""","79","0.5486723712428644","0.306","0.16989912017332662","0.13610087982667338","1","5.854940353061892","44.75493979863351","49.39011984830461","""wood-grass""","17.530494007584768"
"31","16","[45.73126779357767 145.73126779357767 0]","""""","9.9","57.905313824558384","64","true","4","""done""","0.004723733827578291","140.58379012456714","23.746943176893215","41.13915176990851","35.11390505319828","""Clay loam""","""D""","""woods-grass combination or tree farm | lightly or only occasionally grazed | good""","79","0.5496125727393922","0.306","0.16902159877656722","0.13697840122343277","1","1.672896220173925","48.569810717776754","49.75729306204932","""wood-grass""","17.512135346897534"
"32","16","[49.68025099656933 149.68025099656933 0]","""""","9.9","59.45147221790617","64","true","8","""done""","0.009425153993882662","176.21264500390575","25.851794152543924","38.55309692092609","35.59510892652998","""Clay loam""","""D""","""woods | used and managed but not planted | good""","77","0.5517779901693849","0.306","0.1670005425085741","0.1389994574914259","0.9969615598557127","0","49.753108775600275","50.246891224399725","""woodland""","17.487655438780013"
"33","16","[54.05620809232187 154.05620809232187 0]","""""","9.9","61.164805105066065","64","true","1","""done""","0.0011830311456955123","136.7739391407293","16.228735312716136","42.85074430209798","40.92052038518588","""Silty clay""","""D""","""woods-grass combination or tree farm | lightly or only occasionally grazed | good""","79","0.5757423417333365","0.3485","0.1871338143822193","0.16136618561778068","1","5.854940353061892","44.75493979863351","49.39011984830461","""wood-grass""","17.530494007584768"
"34","16","[56.525084101710405 156.5250841017104 0]","""""","9.9","62.1314522564541","64","true","35","""done""","0.040584085212469256","139.11033127701774","23.758103055395008","39.156854955622194","37.085041988982795","""Clay loam""","""D""","""woods | used and managed but not planted | good""","77","0.5584826889504226","0.306","0.16074282364627226","0.14525717635372773","1","0","46.454254522102936","53.545745477897064","""woodland""","17.322712726105145"
"35","16","[60.67905443088074 160.67905443088074 0]","""""","9.9","63.7578699341233","32","true","26","""done""","0.030308227669653354","167.74589752466832","20.952681622329045","40.15115540123652","38.89616297643442","""Clay loam""","""D""","""woods | used and managed but not planted | good""","77","0.5666327333939549","0.306","0.15313611549897546","0.15286388450102453","1","0","47.551856611550924","52.448143388449076","""woodland""","17.377592830577544"
"36","16","[66.32441952925905 166.32441952925905 0]","""""","9.9","65.96821831538703","32","true","24","""done""","0.02800979866790232","142.63351870120727","25.102833478226398","39.75101760525138","35.146148916522236","""Clay loam""","""D""","""woods | used and managed but not planted | good""","77","0.5497576701243501","0.306","0.16888617455060662","0.13711382544939338","1","0","47.796127377941986","52.203872622058014","""woodland""","17.389806368897098"
"37","16","[71.00990430574379 171.0099043057438 0]","""""","9.9","67.80274159433561","64","false","0","""done""","0","185.17702368332417","23.52563782799801","38.73200280758058","37.7423593644214","""Clay loam""","""D""","""woods-grass combination or tree farm | lightly or only occasionally grazed | good""","79","0.5614406171398962","0.306","0.15798209066943014","0.14801790933056985","0.9486988716798085","7.2375519172233","43.49470664368795","49.26774143908875","""wood-grass""","17.53661292804556"
"38","16","[73.93661197251959 173.9366119725196 0]","""""","9.9","68.94864508170232","64","true","8","""done""","0.009425153993882662","164.87071348448973","28.027730653779653","38.785473063459776","33.18679628276057","""Clay loam""","""D""","""woods | used and managed but not planted | good""","77","0.5409405832724226","0.306","0.17711545561240563","0.12888454438759436","1","0","49.753108775600275","50.246891224399725","""woodland""","17.487655438780013"
"39","16","[78.37978842738866 178.37978842738866 0]","""""","9.9","70.68829658582031","64","true","4","""done""","0.004723733827578291","157.06433916707616","24.421538438158517","37.36073889280122","38.217722669040256","""Clay loam""","""D""","""woods-grass combination or tree farm | lightly or only occasionally grazed | good""","79","0.5635797520106811","0.306","0.15598556479003095","0.15001443520996904","1","1.672896220173925","48.569810717776754","49.75729306204932","""wood-grass""","17.512135346897534"
"40","16","[85.14557616568575 185.14557616568575 0]","""""","9.9","73.33732773167391","32","false","0","""done""","0","180.65910181352066","20.84653239660871","42.009504958291004","37.143962645100295","""Clay loam""","""D""","""woods-grass combination or tree farm | lightly or only occasionally grazed | good""","79","0.5587478319029513","0.306","0.16049535689057878","0.1455046431094212","0.9724239280826924","7.2375519172233","43.49470664368795","49.26774143908875","""wood-grass""","17.53661292804556"
"41","16","[89.83123781941225 189.83123781941225 0]","""""","9.9","75.17192026395124","64","true","18","""done""","0.02108177262926547","156.24006925202295","22.564946418891246","41.19627988828174","36.23877369282701","""Clay loam""","""D""","""woods | used and managed but not planted | good""","77","0.5546744816177216","0.306","0.16429715049012658","0.1417028495098734","1","0","48.52952574745245","51.47047425254755","""woodland""","17.426476287372623"
"42","16","[95.72349134958117 195.72349134958117 0]","""""","9.9","77.47893368565988","32","false","0","""done""","0","172.48074784514566","23.10404556311338","39.69565811747524","37.200296319411365","""Clay loam""","""D""","""woods-grass combination or tree farm | lightly or only occasionally grazed | good""","79","0.5590013334373511","0.306","0.1602587554584723","0.1457412445415277","1","7.2375519172233","43.49470664368795","49.26774143908875","""wood-grass""","17.53661292804556"
"43","16","[100.43065561756146 200.43065561756146 0]","""""","9.9","79.32194520728166","64","true","8","""done""","0.009425153993882662","196.095497530533","24.27644568327753","40.19889303034035","35.52466128638213","""Clay loam""","""D""","""woods | used and managed but not planted | good""","77","0.5514609757887196","0.306","0.16729642259719507","0.13870357740280492","0.8958759157743591","0","49.753108775600275","50.246891224399725","""woodland""","17.487655438780013"
"44","16","[104.59629329809087 204.59629329809087 0]","""""","9.9","80.9529310414369","32","true","7","""done""","0.008251885085253763","162.18459096862634","27.216715647778408","37.44112464392528","35.34215970829631","""Clay loam""","""D""","""woods | used and managed but not planted | good""","77","0.5506397186873334","0.306","0.16806292922515553","0.13793707077484446","1","0","49.87550754506712","50.12449245493288","""woodland""","17.493775377253357"
"45","16","[108.69320712260668 208.69320712260668 0]","""""","9.9","82.55700919801119","32","false","0","""done""","0","151.85758866296237","19.78160617306492","39.67684977911129","40.5415440478238","""Clay""","""D""","""woods-grass combination or tree farm | lightly or only occasionally grazed | good""","79","0.5740369482152071","0.357","0.19722551499914004","0.15977448500085994","0.6243059671271789","7.2375519172233","43.49470664368795","49.26774143908875","""wood-grass""","17.53661292804556"
"46","16","[112.82301188818326 212.82301188818326 0]","""""","9.9","84.17396525301456","64","false","0","""done""","0","166.71749853211065","24.50580097646762","38.237699841108025","37.25649918242436","""Clay loam""","""D""","""woods-grass combination or tree farm | lightly or only occasionally grazed | good""","79","0.5592542463209096","0.306","0.1600227034338177","0.1459772965661823","1","7.2375519172233","43.49470664368795","49.26774143908875","""wood-grass""","17.53661292804556"
"47","16","[115.52405029361708 215.52405029361708 0]","""""","9.9","85.23151171159468","64","true","1","""done""","0.0011830311456955123","158.28686869160612","19.696785899302064","38.40877854904178","41.89443555165615","""Clay""","""D""","""woods-grass combination or tree farm | lightly or only occasionally grazed | good""","79","0.5801249599824527","0.357","0.19154337068304417","0.16545662931695582","0.5989479704759586","5.854940353061892","44.75493979863351","49.39011984830461","""wood-grass""","17.530494007584768"
"48","16","[118.04945219892329 218.0494521989233 0]","""""","9.9","86.22029063309213","64","false","0","""done""","0","182.0601289578056","23.386338991725726","38.90285868885303","37.710802319421255","""Clay loam""","""D""","""woods-grass combination or tree farm | lightly or only occasionally grazed | good""","79","0.5612986104373956","0.306","0.15811463025843076","0.14788536974156924","0.9649407282915301","7.2375519172233","43.49470664368795","49.26774143908875","""wood-grass""","17.53661292804556"
"49","16","[120.72287280791525 220.72287280791525 0]","""""","9.9","87.2670238049148","2","false","0","""done""","0","182.40765220249565","23.493075141229852","37.95350082884094","38.55342402992922","""Clay loam""","""D""","""woods-grass combination or tree farm | lightly or only occasionally grazed | good""","79","0.5650904081346815","0.306","0.1545756190742973","0.1514243809257027","0.9631023222335585","7.2375519172233","43.49470664368795","49.26774143908875","""wood-grass""","17.53661292804556"
"0","15","[87.47039368276089 187.47039368276089 0]","""""","9.9","74.2475711873322","32","false","0","""done""","0","156.50830222857056","22.013042502106675","40.80673615908674","37.18022133880659","""Clay loam""","""D""","""woods-grass combination or tree farm | lightly or only occasionally grazed | good""","79","0.5589109960246297","0.306","0.16034307037701234","0.14565692962298765","1","7.2375519172233","43.49470664368795","49.26774143908875","""wood-grass""","17.53661292804556"
"1","15","[81.68942515610507 181.68942515610507 0]","""15""","9.9","71.9841295493944","2","false","0","""done""","0","138.12263941292713","26.2820828533096","41.07611709171967","32.64180005497074","""Clay loam""","""D""","""woods-grass combination or tree farm | lightly or only occasionally grazed | good""","79","0.5384881002473683","0.306","0.1794044397691229","0.1265955602308771","1","7.2375519172233","43.49470664368795","49.26774143908875","""wood-grass""","17.53661292804556"
"2","15","[79.19830776547707 179.19830776547707 0]","""""","9.9","71.00877415679203","2","true","3","""done""","0.003544896404737763","146.97961579248036","26.403021367499857","41.593794057049514","32.00318457545063","""Clay loam""","""D""","""woods-grass combination or tree farm | lightly or only occasionally grazed | good""","79","0.5356143305895278","0.306","0.18208662478310733","0.12391337521689265","1","3.0709855053506487","47.29411736840723","49.63489712624213","""wood-grass""","17.518255143687888"
"3","15","[76.11345272193489 176.1134527219349 0]","""""","9.9","69.8009507063857","2","true","4","""done""","0.004723733827578291","141.9480851393639","24.00489981025116","40.75572509830785","35.23937509144099","""Clay loam""","""D""","""woods-grass combination or tree farm | lightly or only occasionally grazed | good""","79","0.5501771879114845","0.306","0.16849462461594786","0.13750537538405214","1","1.672896220173925","48.569810717776754","49.75729306204932","""wood-grass""","17.512135346897534"
"4","15","[73.27650007107448 173.27650007107448 0]","""""","9.9","68.69018929586994","2","true","5","""done""","0.005901176649031781","173.5087185613481","21.28028669746199","37.99938592185122","40.72032738068679","""Clay""","""D""","""woods-grass combination or tree farm | lightly or only occasionally grazed | good""","79","0.5748414732130905","0.357","0.19647462500111548","0.1605253749988845","0.5464025066977328","0.2729377906510422","49.84737030260629","49.87969190674267","""wood-grass""","17.506015404662865"
"5","15","[69.88023781768294 169.88023781768294 0]","""""","9.9","67.36043955545234","2","true","6","""done""","0.00707722651895526","166.6894648166041","24.33637191060176","39.195133695821696","36.46849439357655","""Clay loam""","""D""","""woods | used and managed but not planted | good""","77","0.5557082247710945","0.306","0.16333232354697852","0.14266767645302147","1","0","49.997907806624276","50.002092193375724","""woodland""","17.499895390331215"
"6","15","[65.82852119752766 165.82852119752766 0]","""""","9.9","65.77405760908856","4","true","19","""done""","0.022239863381334102","132.85932585086545","25.461629726155532","40.362929365288394","34.17544090855608","""Clay loam""","""D""","""woods | used and managed but not planted | good""","77","0.5453894840885023","0.306","0.1729631481840645","0.1330368518159355","1","0","48.407240143221166","51.592759856778834","""woodland""","17.42036200716106"
"7","15","[62.05574854630643 162.05574854630643 0]","""""","9.9","64.2968915131529","2","true","3","""done""","0.003544896404737763","157.96617669680896","29.036912822686553","36.209792478931774","34.753294698381666","""Clay loam""","""D""","""woods-grass combination or tree farm | lightly or only occasionally grazed | good""","79","0.5479898261427175","0.306","0.17053616226679702","0.13546383773320297","1","3.0709855053506487","47.29411736840723","49.63489712624213","""wood-grass""","17.518255143687888"
"8","15","[56.2398163395431 156.2398163395431 0]","""""","9.9","62.0197604304437","4","true","5","""done""","0.005901176649031781","159.66171303635755","26.16987745154239","37.36249265987869","36.46762988857893","""Clay loam""","""D""","""woods-grass combination or tree farm | lightly or only occasionally grazed | good""","79","0.5557043344986051","0.306","0.16333595446796853","0.14266404553203146","1","0.2729377906510422","49.84737030260629","49.87969190674267","""wood-grass""","17.506015404662865"
"9","15","[52.65622813616349 152.6562281361635 0]","""""","9.9","60.61666634415842","2","false","0","""done""","0","149.620132269524","22.055319145128628","43.99970084736942","33.94498000750195","""Clay loam""","""D""","""woods-grass combination or tree farm | lightly or only occasionally grazed | good""","79","0.5443524100337588","0.306","0.17393108396849183","0.13206891603150817","1","7.2375519172233","43.49470664368795","49.26774143908875","""wood-grass""","17.53661292804556"
"10","15","[48.536790881202364 148.53679088120236 0]","""""","9.9","59.00376951471573","4","true","1","""done""","0.0011830311456955123","136.15486774945992","22.880405398821797","39.86275409258454","37.25684050859367","""Clay loam""","""D""","""woods-grass combination or tree farm | lightly or only occasionally grazed | good""","79","0.5592557822886715","0.306","0.1600212698639066","0.1459787301360934","1","5.854940353061892","44.75493979863351","49.39011984830461","""wood-grass""","17.530494007584768"
"11","15","[45.476493642521234 145.47649364252123 0]","""""","9.9","57.80556126248987","2","false","0","""done""","0","151.88116693766966","23.74248652176343","37.42854583006739","38.828967648169176","""Clay loam""","""D""","""woods-grass combination or tree farm | lightly or only occasionally grazed | good""","79","0.5663303544167613","0.306","0.15341833587768947","0.15258166412231053","1","7.2375519172233","43.49470664368795","49.26774143908875","""wood-grass""","17.53661292804556"
"12","15","[39.390958025295674 139.39095802529567 0]","""""","9.9","55.42287146895973","4","true","32","""done""","0.0371709559960024","161.22440334487354","24.89002337603941","39.99835807176213","35.111618552198465","""Clay loam""","""D""","""woods | used and managed but not planted | good""","77","0.549602283484893","0.306","0.16903120208076647","0.13696879791923353","1","0","46.8197932509978","53.1802067490022","""woodland""","17.34098966254989"
"13","15","[35.04515909582116 135.04515909582116 0]","""""","9.9","53.72134650792205","2","false","0","""done""","0","138.46370532532072","26.85231834081646","39.08732149766118","34.06036016152237","""Clay loam""","""D""","""woods-grass combination or tree farm | lightly or only occasionally grazed | good""","79","0.5448716207268507","0.306","0.17344648732160606","0.13255351267839394","1","7.2375519172233","43.49470664368795","49.26774143908875","""wood-grass""","17.53661292804556"
"14","15","[29.181163451460122 129.18116345146012 0]","""""","9.9","51.425396989267476","4","true","5","""done""","0.005901176649031781","147.99702633084624","24.318220623613094","41.71783754418141","33.9639418322055","""Clay loam""","""D""","""woods-grass combination or tree farm | lightly or only occasionally grazed | good""","79","0.5444377382449248","0.306","0.17385144430473692","0.13214855569526307","1","0.2729377906510422","49.84737030260629","49.87969190674267","""wood-grass""","17.506015404662865"
"15","15","[25.7191583305045 125.7191583305045 0]","""""","9.9","50.069906727489865","2","false","0","""done""","0","153.12649462034977","19.174141795581466","42.765765745123424","38.0600924592951","""Silty clay loam""","""D""","""woods-grass combination or tree farm | lightly or only occasionally grazed | good""","79","0.562870416066828","0.2365","0.08714761167096058","0.1493523883290394","0.7821262016861654","7.2375519172233","43.49470664368795","49.26774143908875","""wood-grass""","17.53661292804556"
"16","15","[20.87092270795108 120.87092270795108 0]","""""","9.9","48.17166107401132","4","true","25","""done""","0.02915969334938906","160.77742523681198","24.011148455581413","41.14683069626063","34.84202084815796","""Clay loam""","""D""","""woods | used and managed but not planted | good""","77","0.5483890938167109","0.306","0.17016351243773659","0.1358364875622634","1","0","47.67397808568956","52.32602191431044","""woodland""","17.38369890428448"
"17","15","[16.79069990051579 116.79069990051579 0]","""""","9.9","46.574118006300665","4","true","2","""done""","0.002364662728699396","161.5795320324512","22.15291536936737","37.840228392991015","40.00685623764162","""Clay""","""D""","""woods-grass combination or tree farm | lightly or only occasionally grazed | good""","79","0.5716308530693873","0.357","0.1994712038019052","0.1575287961980948","0.5867426249061765","4.46554699695929","46.02194743691256","49.51250556612814","""wood-grass""","17.524374721693594"
"18","15","[14.383529073691534 114.38352907369153 0]","""""","9.9","45.631630488172796","4","true","2","""done""","0.002364662728699396","157.73364966738427","26.860203853890276","35.85181981705142","37.287976329058324","""Clay loam""","""D""","""woods-grass combination or tree farm | lightly or only occasionally grazed | good""","79","0.5593958934807625","0.306","0.15989049941795505","0.14610950058204494","1","4.46554699695929","46.02194743691256","49.51250556612814","""wood-grass""","17.524374721693594"
"19","15","[10.33475613812243 110.33475613812243 0]","""""","9.9","44.04640109232551","2","false","0","""done""","0","130.2740484873321","24.81845300242048","40.74655065728114","34.434996340298376","""Clay loam""","""D""","""woods-grass combination or tree farm | lightly or only occasionally grazed | good""","79","0.5465574835313427","0.306","0.17187301537074684","0.13412698462925315","1","7.2375519172233","43.49470664368795","49.26774143908875","""wood-grass""","17.53661292804556"
"20","15","[6.178868973522043 106.17886897352204 0]","""""","9.9","42.419232909770244","8","true","1503","""done""","0.8312181816129549","223.4025448259302","21.123677572000734","37.368248655017375","41.508073772981895","""Clay""","""D""","""woods | used and managed but not planted | good""","77","0.5783863319784185","0.357","0.19316609015347605","0.16383390984652393","0.42437116743545716","0","0.06555195118829715","99.9344480488117","""woodland""","15.003277597559416"
"21","15","[8.29529746609927 108.29529746609927 0]","""""","9.9","43.24788512465929","32","false","0","""done""","0","139.0249795985051","23.66224230505506","43.913557081693746","32.424200613251195","""Clay loam""","""D""","""woods-grass combination or tree farm | lightly or only occasionally grazed | good""","79","0.5375089027596304","0.306","0.180318357424345","0.125681642575655","1","7.2375519172233","43.49470664368795","49.26774143908875","""wood-grass""","17.53661292804556"
"22","15","[11.831162124779723 111.83116212477972 0]","""""","9.9","44.632293854384685","64","true","111","""done""","0.1231279516373579","162.30256920786488","27.883063538980835","36.55038265967639","35.56655380134277","""Clay loam""","""D""","""woods | used and managed but not planted | good""","77","0.5516494921060424","0.306","0.16712047403436037","0.13887952596563963","1","0","37.421745801209006","62.578254198790994","""woodland""","16.87108729006045"
"23","15","[15.175236687639597 115.1752366876396 0]","""""","9.9","45.941610376528814","32","true","110","""done""","0.12208935600237103","185.53915270773382","22.895003072945006","37.522083358729844","39.58291356832517","""Clay loam""","""D""","""woods | used and managed but not planted | good""","77","0.5697231110574632","0.306","0.1502517630130343","0.1557482369869657","0.9468472334037563","0","37.53647062650168","62.46352937349832","""woodland""","16.876823531325083"
"24","15","[18.41819802437668 118.41819802437668 0]","""""","9.9","47.211337704388754","32","true","109","""done""","0.12104953022109899","183.27608210926593","25.879383590199733","40.025789643426265","34.09482676637399","""Clay loam""","""D""","""woods | used and managed but not planted | good""","77","0.5450267204486829","0.306","0.17330172758122925","0.13269827241877075","0.9585387869905424","0","37.65133555107938","62.34866444892062","""woodland""","16.88256677755397"
"25","15","[21.322942418487116 121.32294241848712 0]","""""","9.9","48.348641839306666","32","true","8","""done""","0.009425153993882662","177.60739610951464","22.255264799276613","36.8259123621336","40.91882283858979","""Clay""","""D""","""woods | used and managed but not planted | good""","77","0.575734702773654","0.357","0.19564094407792287","0.1613590559220771","0.5337930786247994","0","49.753108775600275","50.246891224399725","""woodland""","17.487655438780013"
"26","15","[26.735836647400646 126.73583664740065 0]","""""","9.9","50.46797013576489","32","false","0","""done""","0","177.69092463386698","24.06617574733149","41.38328162317296","34.55054262949554","""Clay loam""","""D""","""woods-grass combination or tree farm | lightly or only occasionally grazed | good""","79","0.5470774418327299","0.306","0.17138772095611876","0.13461227904388123","0.988667450469846","7.2375519172233","43.49470664368795","49.26774143908875","""wood-grass""","17.53661292804556"
"27","15","[30.355116531210285 130.35511653121029 0]","""""","9.9","51.885038703184385","64","false","0","""done""","0","172.15556544875224","23.382261085859863","39.33927397912293","37.27846493501721","""Clay loam""","""D""","""woods-grass combination or tree farm | lightly or only occasionally grazed | good""","79","0.5593530922075775","0.306","0.1599304472729277","0.14606955272707228","1","7.2375519172233","43.49470664368795","49.26774143908875","""wood-grass""","17.53661292804556"
"28","15","[35.0150844725224 135.0150844725224 0]","""""","9.9","53.70957129165753","64","true","4","""done""","0.004723733827578291","142.2988063416377","27.66930159600188","40.95545507438189","31.375243329616225","""Clay loam""","""D""","""woods-grass combination or tree farm | lightly or only occasionally grazed | good""","79","0.532788594983273","0.306","0.18472397801561186","0.12127602198438815","1","1.672896220173925","48.569810717776754","49.75729306204932","""wood-grass""","17.512135346897534"
"29","15","[39.70222507305772 139.70222507305772 0]","""""","9.9","55.54474288084755","64","true","49","""done""","0.05635273487735715","159.80671683268832","22.58758486940395","38.91780828538936","38.49460684520669","""Clay loam""","""D""","""woods | used and managed but not planted | good""","77","0.5648257308034301","0.306","0.15482265125013192","0.15117734874986807","1","0","44.75406263509017","55.24593736490983","""woodland""","17.237703131754508"
"30","15","[44.57802801317672 144.57802801317672 0]","""""","9.9","57.453782056922954","64","false","0","""done""","0","164.41248799604426","25.992801908937885","38.509167402556415","35.4980306885057","""Clay loam""","""D""","""woods-grass combination or tree farm | lightly or only occasionally grazed | good""","79","0.5513411380982757","0.306","0.16740827110827608","0.13859172889172391","1","7.2375519172233","43.49470664368795","49.26774143908875","""wood-grass""","17.53661292804556"
"31","15","[48.41441953319986 148.41441953319986 0]","""""","9.9","58.95585705799116","64","false","0","""done""","0","154.2009620126262","25.614664179092888","38.60560889110694","35.779726929800184","""Clay loam""","""D""","""woods-grass combination or tree farm | lightly or only occasionally grazed | good""","79","0.5526087711841008","0.306","0.16622514689483925","0.13977485310516075","1","7.2375519172233","43.49470664368795","49.26774143908875","""wood-grass""","17.53661292804556"
"32","15","[53.38698091261756 153.38698091261756 0]","""""","9.9","60.902780384329745","64","true","3","""done""","0.003544896404737763","153.80981027223004","22.06148411723296","41.63906530274023","36.299450580026814","""Clay loam""","""D""","""woods-grass combination or tree farm | lightly or only occasionally grazed | good""","79","0.5549475276101207","0.306","0.16404230756388738","0.14195769243611261","1","3.0709855053506487","47.29411736840723","49.63489712624213","""wood-grass""","17.518255143687888"
"33","15","[57.09943041840705 157.09943041840705 0]","""""","9.9","62.35632796055336","64","true","7","""done""","0.008251885085253763","143.14180795911972","21.364743290229395","38.31213391538883","40.32312279438178","""Clay""","""D""","""woods | used and managed but not planted | good""","77","0.573054052574718","0.357","0.19814288426359652","0.15885711573640346","0.6623194167207098","0","49.87550754506712","50.12449245493288","""woodland""","17.493775377253357"
"34","15","[61.06019405404592 161.06019405404592 0]","""""","9.9","63.90709878547618","64","false","0","""done""","0","172.52960565117792","25.77821524194701","41.05877384403621","33.16301091401677","""Clay loam""","""D""","""woods-grass combination or tree farm | lightly or only occasionally grazed | good""","79","0.5408335491130755","0.306","0.17721535416112957","0.12878464583887042","1","7.2375519172233","43.49470664368795","49.26774143908875","""wood-grass""","17.53661292804556"
"35","15","[65.09139643912965 165.09139643912965 0]","""""","9.9","65.48544872585043","64","true","7","""done""","0.008251885085253763","162.84169369309345","23.944499891606405","38.263722896115375","37.79177721227822","""Clay loam""","""D""","""woods | used and managed but not planted | good""","77","0.5616629974552519","0.306","0.1577745357084315","0.1482254642915685","1","0","49.87550754506712","50.12449245493288","""woodland""","17.493775377253357"
"36","15","[69.73498394917812 169.73498394917812 0]","""""","9.9","67.30356783014726","64","false","0","""done""","0","195.7441397672111","22.004611568231955","40.02247525884395","37.972913172924095","""Clay loam""","""D""","""woods-grass combination or tree farm | lightly or only occasionally grazed | good""","79","0.5624781092781584","0.306","0.1570137646737188","0.1489862353262812","0.8974839994613332","7.2375519172233","43.49470664368795","49.26774143908875","""wood-grass""","17.53661292804556"
"37","15","[71.95709833813689 171.9570983381369 0]","""""","9.9","68.17359959195993","64","true","23","""done""","0.026858542013937226","165.38537694612418","24.98274050839045","40.341656674693965","34.67560281691559","""Clay loam""","""D""","""woods | used and managed but not planted | good""","77","0.5476402126761202","0.306","0.17086246816895453","0.13513753183104546","1","0","47.918303033307154","52.081696966692846","""woodland""","17.395915151665356"
"38","15","[79.53809926132857 179.53809926132857 0]","""""","9.9","71.14181383974156","32","true","1","""done""","0.0011830311456955123","166.12906080774178","26.953610877086675","37.988965813839506","35.057423309073805","""Clay loam""","""D""","""woods-grass combination or tree farm | lightly or only occasionally grazed | good""","79","0.5493584048908321","0.306","0.16925882210189003","0.13674117789810997","1","5.854940353061892","44.75493979863351","49.39011984830461","""wood-grass""","17.530494007584768"
"39","15","[82.65507784469156 182.65507784469156 0]","""""","9.9","72.36221472544321","64","true","7","""done""","0.008251885085253763","181.08107787140852","23.057477241542227","42.153807140510565","34.788715617947204","""Clay loam""","""D""","""woods | used and managed but not planted | good""","77","0.5481492202807624","0.306","0.17038739440462175","0.13561260559537824","0.9701578734479859","0","49.87550754506712","50.12449245493288","""woodland""","17.493775377253357"
"40","15","[87.06032310881344 187.06032310881344 0]","""""","9.9","74.0870149055801","64","true","2","""done""","0.002364662728699396","172.32235945236351","22.270981232488495","42.47297120273797","35.25604756477353","""Clay loam""","""D""","""woods-grass combination or tree farm | lightly or only occasionally grazed | good""","79","0.550252214041481","0.306","0.1684246002279512","0.1375753997720488","1","4.46554699695929","46.02194743691256","49.51250556612814","""wood-grass""","17.524374721693594"
"41","15","[92.04440465288462 192.04440465288462 0]","""""","9.9","76.03844875990936","32","true","1","""done""","0.0011830311456955123","161.8155540164168","17.100139049398123","43.64634569991889","39.253515250682995","""Silty clay loam""","""D""","""woods-grass combination or tree farm | lightly or only occasionally grazed | good""","79","0.5682408186280734","0.2365","0.08213523594713143","0.15436476405286856","0.7401281313339055","5.854940353061892","44.75493979863351","49.39011984830461","""wood-grass""","17.530494007584768"
"42","15","[97.21339691568869 197.2133969156887 0]","""""","9.9","78.0622813166621","64","true","16","""done""","0.018761474459957017","161.92136051538327","24.508910040571344","40.45746395874226","35.0336260006864","""Clay loam""","""D""","""woods | used and managed but not planted | good""","77","0.5492513170030888","0.306","0.16935877079711714","0.13664122920288285","1","0","48.77414832075861","51.22585167924139","""woodland""","17.438707416037932"
"43","15","[101.61626104457434 201.61626104457434 0]","""""","9.9","79.78614920308138","32","true","5","""done""","0.005901176649031781","178.15366883255476","27.107604038230953","38.16504981215926","34.727346149609794","""Clay loam""","""D""","""woods-grass combination or tree farm | lightly or only occasionally grazed | good""","79","0.547873057673244","0.306","0.17064514617163887","0.13535485382836113","0.9860994420188589","0.2729377906510422","49.84737030260629","49.87969190674267","""wood-grass""","17.506015404662865"
"44","15","[106.25567937836217 206.25567937836217 0]","""""","9.9","81.60263593607212","32","true","4","""done""","0.004723733827578291","168.7882852982178","21.29739361699814","38.959436791816685","39.74316959118518","""Clay loam""","""D""","""woods-grass combination or tree farm | lightly or only occasionally grazed | good""","79","0.5704442631603333","0.306","0.14957868771702226","0.15642131228297773","1","1.672896220173925","48.569810717776754","49.75729306204932","""wood-grass""","17.512135346897534"
"45","15","[110.1679613430938 210.1679613430938 0]","""""","9.9","83.13442457278508","64","true","5","""done""","0.005901176649031781","168.32480958763807","24.10544706897511","38.230253145510034","37.66429978551485","""Clay loam""","""D""","""woods-grass combination or tree farm | lightly or only occasionally grazed | good""","79","0.5610893490348168","0.306","0.15830994090083764","0.14769005909916236","1","0.2729377906510422","49.84737030260629","49.87969190674267","""wood-grass""","17.506015404662865"
"46","15","[114.10104957674412 214.10104957674412 0]","""""","9.9","84.67435955646111","32","true","3","""done""","0.003544896404737763","198.78978928276405","27.558358633161397","35.92071679085115","36.520924575987436","""Clay loam""","""D""","""woods-grass combination or tree farm | lightly or only occasionally grazed | good""","79","0.5559441605919435","0.306","0.16311211678085277","0.14288788321914722","0.8837336870431846","3.0709855053506487","47.29411736840723","49.63489712624213","""wood-grass""","17.518255143687888"
"47","15","[117.36617438872949 217.3661743887295 0]","""""","9.9","85.95276462274622","32","true","1","""done""","0.0011830311456955123","168.75791372719556","25.32545575174708","39.10012164064307","35.57442260760985","""Clay loam""","""D""","""woods-grass combination or tree farm | lightly or only occasionally grazed | good""","79","0.5516849017342443","0.306","0.16708742504803867","0.13891257495196133","1","5.854940353061892","44.75493979863351","49.39011984830461","""wood-grass""","17.530494007584768"
"48","15","[120.11877982100035 220.11877982100035 0]","""""","9.9","87.03050128910024","64","false","0","""done""","0","132.63346889765396","25.560759974699764","37.1175752925197","37.32166473278053","""Clay loam""","""D""","""woods-grass combination or tree farm | lightly or only occasionally grazed | good""","79","0.5595474912975124","0.306","0.15974900812232176","0.14625099187767823","1","7.2375519172233","43.49470664368795","49.26774143908875","""wood-grass""","17.53661292804556"
"49","15","[124.07242773847119 224.0724277384712 0]","""""","9.9","88.5784860734641","2","false","0","""done""","0","169.49145517860157","24.17340890694941","40.250379977214635","35.57621111583595","""Clay loam""","""D""","""woods-grass combination or tree farm | lightly or only occasionally grazed | good""","79","0.5516929500212617","0.306","0.167079913313489","0.13892008668651099","1","7.2375519172233","43.49470664368795","49.26774143908875","""wood-grass""","17.53661292804556"
"0","14","[84.83032827976109 184.8303282797611 0]","""""","9.9","73.21389768911553","32","false","0","""done""","0","152.73392228264447","25.333038060720373","39.53951407439872","35.127447864880914","""Clay loam""","""D""","""woods-grass combination or tree farm | lightly or only occasionally grazed | good""","79","0.5496735153919641","0.306","0.16896471896750018","0.13703528103249982","1","7.2375519172233","43.49470664368795","49.26774143908875","""wood-grass""","17.53661292804556"
"1","14","[82.18697984706239 182.1869798470624 0]","""""","9.9","72.17893877547327","4","false","0","""done""","0","168.7513270392465","22.802189170502892","42.19673966480467","35.00107116469243","""Clay loam""","""D""","""woods-grass combination or tree farm | lightly or only occasionally grazed | good""","79","0.549104820241116","0.306","0.16949550110829179","0.1365044988917082","1","7.2375519172233","43.49470664368795","49.26774143908875","""wood-grass""","17.53661292804556"
"2","14","[78.84797612780818 178.84797612780818 0]","""""","9.9","70.87160765741905","2","false","0","""done""","0","187.1518983291905","21.434664375523152","39.960975988075056","38.604359636401774","""Clay loam""","""D""","""woods-grass combination or tree farm | lightly or only occasionally grazed | good""","79","0.565319618363808","0.306","0.15436168952711257","0.15163831047288742","0.9386879588065287","7.2375519172233","43.49470664368795","49.26774143908875","""wood-grass""","17.53661292804556"
"3","14","[75.53872842969912 175.53872842969912 0]","""""","9.9","69.57592701227934","4","true","1","""done""","0.0011830311456955123","184.8960550567245","25.84733806382109","40.4193689071999","33.73329302897902","""Clay loam""","""D""","""woods-grass combination or tree farm | lightly or only occasionally grazed | good""","79","0.5433998186304055","0.306","0.17482016927828814","0.13117983072171185","0.9501405174680368","5.854940353061892","44.75493979863351","49.39011984830461","""wood-grass""","17.530494007584768"
"4","14","[73.01051640565322 173.01051640565322 0]","""""","9.9","68.58604783574093","4","false","0","""done""","0","166.78684619638315","22.143719604774695","41.44566025794822","36.41062013727708","""Clay loam""","""D""","""woods-grass combination or tree farm | lightly or only occasionally grazed | good""","79","0.5554477906177469","0.306","0.16357539542343627","0.14242460457656372","1","7.2375519172233","43.49470664368795","49.26774143908875","""wood-grass""","17.53661292804556"
"5","14","[70.17377958443197 170.17377958443197 0]","""""","9.9","67.47537092971429","2","false","0","""done""","0","192.0236047812711","23.595614812002786","40.72912682921243","35.67525835878477","""Clay loam""","""D""","""woods-grass combination or tree farm | lightly or only occasionally grazed | good""","79","0.5521386626145315","0.306","0.166663914893104","0.139336085106896","0.9148731148418133","7.2375519172233","43.49470664368795","49.26774143908875","""wood-grass""","17.53661292804556"
"6","14","[64.59316936164396 164.59316936164396 0]","""""","9.9","65.29037623806066","4","true","1","""done""","0.0011830311456955123","174.06309897145354","24.757868321555804","38.2591554904012","36.982976188043","""Clay loam""","""D""","""woods-grass combination or tree farm | lightly or only occasionally grazed | good""","79","0.5580233928461935","0.306","0.16117150001021943","0.14482849998978056","1","5.854940353061892","44.75493979863351","49.39011984830461","""wood-grass""","17.530494007584768"
"7","14","[59.45391029692041 159.4539102969204 0]","""""","9.9","63.27818521823276","4","true","20","""done""","0.023396584075973448","158.07613273622266","25.728849791908313","36.64712709692564","37.624023111166046","""Clay loam""","""D""","""woods | used and managed but not planted | good""","77","0.5609081040002473","0.306","0.1584791029331026","0.1475208970668974","1","0","48.284973609580675","51.715026390419325","""woodland""","17.414248680479034"
"8","14","[55.16677306299076 155.16677306299076 0]","""""","9.9","61.599628263963496","4","false","0","""done""","0","141.2285721940105","25.480158721691463","34.39948834811811","40.12035293019043","""Clay""","""D""","""woods-grass combination or tree farm | lightly or only occasionally grazed | good""","79","0.5721415881858569","0.357","0.1989945176932002","0.15800548230679978","0.6712919155310468","7.2375519172233","43.49470664368795","49.26774143908875","""wood-grass""","17.53661292804556"
"9","14","[51.01930950538335 151.01930950538335 0]","""""","9.9","59.97575820398434","4","true","6","""done""","0.00707722651895526","191.94917871557323","23.856560056712848","37.5280473549473","38.61539258833985","""Clay loam""","""D""","""woods | used and managed but not planted | good""","77","0.5653692666475293","0.306","0.15431535112897263","0.15168464887102737","0.9152278462712786","0","49.997907806624276","50.002092193375724","""woodland""","17.499895390331215"
"10","14","[47.23532054988107 147.23532054988107 0]","""""","9.9","58.494200551509934","2","false","0","""done""","0","150.40554811128084","20.602354070491256","46.12029127501306","33.27735465449569","""Clay loam""","""D""","""woods-grass combination or tree farm | lightly or only occasionally grazed | good""","79","0.5413480959452306","0.306","0.17673511045111812","0.12926488954888188","1","7.2375519172233","43.49470664368795","49.26774143908875","""wood-grass""","17.53661292804556"
"11","14","[42.0709725690088 142.0709725690088 0]","""""","9.9","56.47218638575071","4","true","3","""done""","0.003544896404737763","149.54165250078827","22.589679572707748","44.25711957465634","33.15320085263592","""Clay loam""","""D""","""woods-grass combination or tree farm | lightly or only occasionally grazed | good""","79","0.5407894038368617","0.306","0.17725655641892915","0.12874344358107084","1","3.0709855053506487","47.29411736840723","49.63489712624213","""wood-grass""","17.518255143687888"
"12","14","[38.083504266722 138.083504266722 0]","""""","9.9","54.91095979478463","4","false","0","""done""","0","181.09753891832258","23.999051014451204","38.19903201948313","37.80191696606566","""Clay loam""","""D""","""woods-grass combination or tree farm | lightly or only occasionally grazed | good""","79","0.5617086263472955","0.306","0.15773194874252425","0.14826805125747575","0.9700696899510468","7.2375519172233","43.49470664368795","49.26774143908875","""wood-grass""","17.53661292804556"
"13","14","[33.1956177988649 133.1956177988649 0]","""""","9.9","52.99718951531548","2","true","33","""done""","0.03831001274303936","161.00608209161516","25.911077023702802","40.10659091247613","33.982332063821076","""Clay loam""","""D""","""woods | used and managed but not planted | good""","77","0.5445204942871948","0.306","0.17377420533195148","0.1322257946680485","1","0","46.697907123351655","53.302092876648345","""woodland""","17.334895356167586"
"14","14","[28.00004622776504 128.00004622776504 0]","""""","9.9","50.96295027448776","2","true","34","""done""","0.03944772195046786","169.3486019381851","23.343315737616116","40.26423536354409","36.392448898839795","""Clay loam""","""D""","""woods | used and managed but not planted | good""","77","0.5553660200447791","0.306","0.16365171462487288","0.14234828537512711","1","0","46.576060400197704","53.423939599802296","""woodland""","17.328803020009886"
"15","14","[22.777907791999993 122.777907792 0]","""""","9.9","48.91830922168071","4","true","41","""done""","0.04737408896731132","193.35432833505502","20.89121671604283","41.786003621469106","37.32277966248806","""Clay loam""","""D""","""woods | used and managed but not planted | good""","77","0.5595525084811963","0.306","0.15974432541755015","0.14625567458244984","0.9085766785886047","0","45.72435741805315","54.27564258194685","""woodland""","17.286217870902657"
"16","14","[19.244433400333378 119.24443340033338 0]","""""","9.9","47.5348363610679","2","false","0","""done""","0","169.12026383304877","24.534766098965022","40.15314314080297","35.31209076023201","""Clay loam""","""D""","""woods-grass combination or tree farm | lightly or only occasionally grazed | good""","79","0.550504408421044","0.306","0.16818921880702556","0.13781078119297444","1","7.2375519172233","43.49470664368795","49.26774143908875","""wood-grass""","17.53661292804556"
"17","14","[14.689326112188567 114.68932611218857 0]","""""","9.9","45.75136020932605","4","true","27","""done""","0.031455403238044854","152.53152197822837","19.22231174173456","42.607423195530835","38.17026506273461","""Silty clay loam""","""D""","""woods | used and managed but not planted | good""","77","0.5633661927823057","0.2365","0.08668488673651464","0.14981511326348534","0.7851770051309512","0","47.42976440919787","52.57023559080213","""woodland""","17.371488220459895"
"18","14","[13.128651870984854 113.12865187098485 0]","""""","9.9","45.14030428599603","2","true","3","""done""","0.003544896404737763","159.5498217601938","23.02078018420016","38.45617711092173","38.52304270487811","""Clay loam""","""D""","""woods-grass combination or tree farm | lightly or only occasionally grazed | good""","79","0.5649536921719515","0.306","0.15470322063951195","0.15129677936048805","1","3.0709855053506487","47.29411736840723","49.63489712624213","""wood-grass""","17.518255143687888"
"19","14","[6.750030117811363 106.75003011781136 0]","""""","9.9","42.642861512831416","8","true","7","""done""","0.008251885085253763","169.3763993903494","26.392071749885286","37.486754577513366","36.12117367260134","""Clay loam""","""D""","""woods | used and managed but not planted | good""","77","0.5541452815267061","0.306","0.1647910705750744","0.1412089294249256","1","0","49.87550754506712","50.12449245493288","""woodland""","17.493775377253357"
"20","14","[5.92346285083876 105.92346285083876 0]","""""","9.9","42.31923290977024","8","true","1512","""done""","0.8330067684310061","199.56598917266604","20.20296516347711","40.74660135267267","39.05043348385022","""Clay loam""","""D""","""woods | used and managed but not planted | good""","77","0.567326950677326","0.306","0.1524881793678291","0.1535118206321709","0.8802964581174076","0","0.0627279453426155","99.93727205465738","""woodland""","15.00313639726713"
"21","14","[7.478587554093153 107.47858755409315 0]","""""","9.9","42.92811600423813","32","true","7","""done""","0.008251885085253763","148.71713793511907","19.865075011116335","40.25644273329047","39.87848225559319","""Silty clay loam""","""D""","""woods | used and managed but not planted | good""","77","0.5710531701501693","0.2365","0.07951037452650861","0.15698962547349138","0.8053156837054036","0","49.87550754506712","50.12449245493288","""woodland""","17.493775377253357"
"22","14","[12.729130758994074 112.72913075899407 0]","""""","9.9","44.983878469812204","32","true","5","""done""","0.005901176649031781","186.44255887982422","24.72141108814008","38.2728768305465","37.00571208131341","""Clay loam""","""D""","""woods-grass combination or tree farm | lightly or only occasionally grazed | good""","79","0.5581257043659104","0.306","0.16107600925848367","0.14492399074151632","0.9422592914669852","0.2729377906510422","49.84737030260629","49.87969190674267","""wood-grass""","17.506015404662865"
"23","14","[16.541806048778994 116.541806048779 0]","""""","9.9","46.47666777718245","32","true","3","""done""","0.003544896404737763","146.26361054712584","21.483543273788094","38.70194575798196","39.81451096822994","""Clay loam""","""D""","""woods-grass combination or tree farm | lightly or only occasionally grazed | good""","79","0.5707652993570347","0.306","0.14927905393343427","0.15672094606656573","1","3.0709855053506487","47.29411736840723","49.63489712624213","""wood-grass""","17.518255143687888"
"24","14","[19.94548074934673 119.94548074934673 0]","""""","9.9","47.8093197374444","32","false","0","""done""","0","143.02144225313077","21.44423155696387","43.326619622031934","35.22914882100419","""Clay loam""","""D""","""woods-grass combination or tree farm | lightly or only occasionally grazed | good""","79","0.5501311696945188","0.306","0.16853757495178243","0.13746242504821757","1","7.2375519172233","43.49470664368795","49.26774143908875","""wood-grass""","17.53661292804556"
"25","14","[23.44986602129272 123.44986602129272 0]","""""","9.9","49.18140323925287","64","true","99","""done""","0.11058329296130076","142.01730581134964","22.745269583692384","40.905285777013155","36.34944463929447","""Clay loam""","""D""","""woods | used and managed but not planted | good""","77","0.5551725008768251","0.306","0.16383233251496324","0.14216766748503676","1","0","38.80744035507554","61.19255964492446","""woodland""","16.940372017753777"
"26","14","[27.71681294574499 127.71681294574499 0]","""""","9.9","50.852055015186835","64","true","6","""done""","0.00707722651895526","144.94461539975575","24.495969397876436","41.80902274288783","33.69500785923574","""Clay loam""","""D""","""woods | used and managed but not planted | good""","77","0.5432275353665608","0.306","0.1749809669912099","0.1310190330087901","1","0","49.997907806624276","50.002092193375724","""woodland""","17.499895390331215"
"27","14","[32.616961307625985 132.61696130762599 0]","""""","9.9","52.77062623438878","32","true","4","""done""","0.004723733827578291","148.48818416393522","24.5990989097372","45.133442609499504","30.267458480763295","""Clay loam""","""D""","""woods-grass combination or tree farm | lightly or only occasionally grazed | good""","79","0.5278035631634348","0.306","0.18937667438079414","0.11662332561920584","1","1.672896220173925","48.569810717776754","49.75729306204932","""wood-grass""","17.512135346897534"
"28","14","[38.10429663272981 138.1042966327298 0]","""""","9.9","54.919100698295225","32","true","2","""done""","0.002364662728699396","151.8443038869346","19.79522323710748","43.97690049092568","36.22787627196685","""Silty clay loam""","""D""","""woods-grass combination or tree farm | lightly or only occasionally grazed | good""","79","0.5546254432238509","0.2365","0.09484291965773925","0.14165708034226074","0.7887305651195804","4.46554699695929","46.02194743691256","49.51250556612814","""wood-grass""","17.524374721693594"
"29","14","[42.195916087956874 142.19591608795687 0]","""""","9.9","56.52110593303307","64","true","3","""done""","0.003544896404737763","165.82434788935973","23.452972073432832","37.62205229641601","38.92497563015116","""Clay loam""","""D""","""woods-grass combination or tree farm | lightly or only occasionally grazed | good""","79","0.5667623903356802","0.306","0.15301510235336516","0.15298489764663484","1","3.0709855053506487","47.29411736840723","49.63489712624213","""wood-grass""","17.518255143687888"
"30","14","[45.95243521385035 145.95243521385035 0]","""""","9.9","57.99190823269126","64","true","48","""done""","0.05523504851438821","149.7377577809801","21.711616969829635","41.430239083021974","36.85814394714839","""Clay loam""","""D""","""woods | used and managed but not planted | good""","77","0.5574616477621678","0.306","0.16169579542197676","0.14430420457802323","1","0","44.87514663350761","55.12485336649239","""woodland""","17.243757331675383"
"31","14","[50.125607413576574 150.12560741357657 0]","""""","9.9","59.625844081950916","32","true","3","""done""","0.003544896404737763","197.66171941999977","26.928188987404575","40.02469686248013","33.047114150115306","""Clay loam""","""D""","""woods-grass combination or tree farm | lightly or only occasionally grazed | good""","79","0.5403120136755188","0.306","0.17770212056951573","0.12829787943048426","0.8887772197109577","3.0709855053506487","47.29411736840723","49.63489712624213","""wood-grass""","17.518255143687888"
"32","14","[56.02998135834548 156.02998135834548 0]","""""","9.9","61.93760304948779","32","true","1","""done""","0.0011830311456955123","146.26404045484446","25.33605183280147","39.42667195437292","35.237276212825606","""Clay loam""","""D""","""woods-grass combination or tree farm | lightly or only occasionally grazed | good""","79","0.5501677429577152","0.306","0.16850343990613248","0.13749656009386751","1","5.854940353061892","44.75493979863351","49.39011984830461","""wood-grass""","17.530494007584768"
"33","14","[59.952609089100065 159.95260908910006 0]","""""","9.9","63.47344239802953","64","true","2","""done""","0.002364662728699396","181.17097174138863","25.264989458775645","36.48904339410059","38.24596714712377","""Clay loam""","""D""","""woods-grass combination or tree farm | lightly or only occasionally grazed | good""","79","0.563706852162057","0.306","0.15586693798208018","0.15013306201791982","0.9696764980659496","4.46554699695929","46.02194743691256","49.51250556612814","""wood-grass""","17.524374721693594"
"34","14","[62.68525475986763 162.68525475986763 0]","""""","9.9","64.54336415325551","64","true","6","""done""","0.00707722651895526","156.67273756623413","25.090099487011486","36.42676364916084","38.483136863827674","""Clay loam""","""D""","""woods | used and managed but not planted | good""","77","0.5647741158872246","0.306","0.15487082517192377","0.15112917482807622","1","0","49.997907806624276","50.002092193375724","""woodland""","17.499895390331215"
"35","14","[68.32388176950798 168.32388176950798 0]","""""","9.9","66.75107434845418","32","true","3","""done""","0.003544896404737763","194.59178832071777","15.334000797602503","44.853579350974556","39.81241985142294","""Silty clay loam""","""D""","""woods-grass combination or tree farm | lightly or only occasionally grazed | good""","79","0.5707558893314032","0.2365","0.07978783662402367","0.15671216337597632","0.6154640164853256","3.0709855053506487","47.29411736840723","49.63489712624213","""wood-grass""","17.518255143687888"
"36","14","[71.28616356248011 171.2861635624801 0]","""""","9.9","67.91090629055901","64","true","6","""done""","0.00707722651895526","176.41134335506553","25.34281221887715","38.16616473361061","36.49102304751225","""Clay loam""","""D""","""woods | used and managed but not planted | good""","77","0.5558096037138052","0.306","0.16323770320044856","0.14276229679955144","0.9958386467008918","0","49.997907806624276","50.002092193375724","""woodland""","17.499895390331215"
"37","14","[75.55766354774727 175.55766354774727 0]","""""","9.9","69.5833407413823","32","true","4","""done""","0.004723733827578291","153.71933582493097","26.05603593798433","40.84989000453682","33.09407405747885","""Clay loam""","""D""","""woods-grass combination or tree farm | lightly or only occasionally grazed | good""","79","0.5405233332586548","0.306","0.17750488895858885","0.12849511104141115","1","1.672896220173925","48.569810717776754","49.75729306204932","""wood-grass""","17.512135346897534"
"38","14","[82.13988576727627 182.13988576727627 0]","""""","9.9","72.16049987538294","64","true","20","""done""","0.023396584075973448","167.93965657989742","20.387561414889568","40.45817262525757","39.15426595985287","""Clay loam""","""D""","""woods | used and managed but not planted | good""","77","0.5677941968193378","0.306","0.15205208296861794","0.15394791703138205","1","0","48.284973609580675","51.715026390419325","""woodland""","17.414248680479034"
"39","14","[85.67430533604144 185.67430533604144 0]","""""","9.9","73.54434280429663","64","false","0","""done""","0","135.9329345904991","21.640417517003904","43.360025030314134","34.99955745268197","""Clay loam""","""D""","""woods-grass combination or tree farm | lightly or only occasionally grazed | good""","79","0.5490980085370689","0.306","0.16950185869873574","0.13649814130126425","1","7.2375519172233","43.49470664368795","49.26774143908875","""wood-grass""","17.53661292804556"
"40","14","[88.00604773945875 188.00604773945875 0]","""""","9.9","74.4572975835009","64","true","6","""done""","0.00707722651895526","171.55247375740228","25.687119840066167","37.13389529310861","37.17898486682523","""Clay loam""","""D""","""woods | used and managed but not planted | good""","77","0.5589054319007135","0.306","0.16034826355933404","0.14565173644066595","1","0","49.997907806624276","50.002092193375724","""woodland""","17.499895390331215"
"41","14","[94.5739903548002 194.5739903548002 0]","""""","9.9","77.02886577706616","32","false","0","""done""","0","146.27384427589743","22.278158605953013","36.8871385478777","40.83470284616929","""Clay""","""D""","""woods-grass combination or tree farm | lightly or only occasionally grazed | good""","79","0.5753561628077618","0.357","0.19599424804608898","0.161005751953911","0.6481377393555918","7.2375519172233","43.49470664368795","49.26774143908875","""wood-grass""","17.53661292804556"
"42","14","[98.96034109178765 198.96034109178765 0]","""""","9.9","78.74626812079416","64","false","0","""done""","0","153.9632364585284","27.076670101670935","36.5514378735432","36.371892024785865","""Clay loam""","""D""","""woods-grass combination or tree farm | lightly or only occasionally grazed | good""","79","0.5552735141115364","0.306","0.16373805349589937","0.14226194650410062","1","7.2375519172233","43.49470664368795","49.26774143908875","""wood-grass""","17.53661292804556"
"43","14","[102.04473590774845 202.04473590774845 0]","""""","9.9","79.9539113767805","64","true","9","""done""","0.010597034888850443","142.12257082600138","21.71743472521759","40.807660198718224","37.47490507606419","""Clay loam""","""D""","""woods | used and managed but not planted | good""","77","0.5602370728422889","0.306","0.15910539868053042","0.14689460131946958","1","0","49.63071296516659","50.36928703483341","""woodland""","17.48153564825833"
"44","14","[108.23368264236092 208.23368264236092 0]","""""","9.9","82.37709006552602","32","false","0","""done""","0","157.70637815945688","20.570506563449722","42.25972998259499","37.169763453955284","""Clay loam""","""D""","""woods-grass combination or tree farm | lightly or only occasionally grazed | good""","79","0.5588639355427988","0.306","0.1603869934933878","0.14561300650661219","1","7.2375519172233","43.49470664368795","49.26774143908875","""wood-grass""","17.53661292804556"
"45","14","[112.01734646503053 212.01734646503053 0]","""""","9.9","83.85852041767214","64","true","3","""done""","0.003544896404737763","137.32076891866043","23.018564365178996","38.190373506378535","38.791062128442476","""Clay loam""","""D""","""woods-grass combination or tree farm | lightly or only occasionally grazed | good""","79","0.5661597795779911","0.306","0.1535775390605416","0.15242246093945838","1","3.0709855053506487","47.29411736840723","49.63489712624213","""wood-grass""","17.518255143687888"
"46","14","[115.96929267262897 215.96929267262897 0]","""""","9.9","85.40583892596769","64","false","0","""done""","0","186.8081133354621","27.289640063548415","37.632672478226176","35.07768745822541","""Clay loam""","""D""","""woods-grass combination or tree farm | lightly or only occasionally grazed | good""","79","0.5494495935620143","0.306","0.16917371267545328","0.1368262873245467","0.9404154364212279","7.2375519172233","43.49470664368795","49.26774143908875","""wood-grass""","17.53661292804556"
"47","14","[120.17179192469229 220.1717919246923 0]","""""","9.9","87.05125729257227","64","false","0","""done""","0","185.54533734778715","23.8495986328885","36.46349217992487","39.68690918718663","""Clay loam""","""D""","""woods-grass combination or tree farm | lightly or only occasionally grazed | good""","79","0.5701910913423398","0.306","0.14981498141381616","0.15618501858618383","0.9468156728730106","7.2375519172233","43.49470664368795","49.26774143908875","""wood-grass""","17.53661292804556"
"48","14","[122.3225940018738 222.3225940018738 0]","""""","9.9","87.89336791019778","64","false","0","""done""","0","153.49262739606888","24.033346788378825","38.56130946061899","37.405343751002185","""Clay loam""","""D""","""woods-grass combination or tree farm | lightly or only occasionally grazed | good""","79","0.5599240468795098","0.306","0.15939755624579083","0.14660244375420917","1","7.2375519172233","43.49470664368795","49.26774143908875","""wood-grass""","17.53661292804556"
"49","14","[123.121932749801 223.121932749801 0]","""""","9.9","88.20633564156202","2","false","0","""done""","0","168.86188028610806","23.658612855584792","43.58480979944252","32.75657734497269","""Clay loam""","""D""","""woods-grass combination or tree farm | lightly or only occasionally grazed | good""","79","0.5390045980523771","0.306","0.1789223751511147","0.1270776248488853","1","7.2375519172233","43.49470664368795","49.26774143908875","""wood-grass""","17.53661292804556"
"0","13","[83.72696987373021 183.7269698737302 0]","""""","9.9","72.78189614019452","32","false","0","""done""","0","171.81886702944502","22.241140248483738","40.814707999527116","36.944151751989146","""Clay loam""","""D""","""woods-grass combination or tree farm | lightly or only occasionally grazed | good""","79","0.5578486828839512","0.306","0.1613345626416456","0.14466543735835438","1","7.2375519172233","43.49470664368795","49.26774143908875","""wood-grass""","17.53661292804556"
"1","13","[79.93115109369887 179.93115109369887 0]","""""","9.9","71.29570671757898","4","false","0","""done""","0","165.00689411186696","24.984097650332846","37.92826647955773","37.08763587010943","""Clay loam""","""D""","""woods-grass combination or tree farm | lightly or only occasionally grazed | good""","79","0.5584943614154925","0.306","0.1607319293455404","0.1452680706544596","1","7.2375519172233","43.49470664368795","49.26774143908875","""wood-grass""","17.53661292804556"
"2","13","[76.80039887035917 176.80039887035917 0]","""""","9.9","70.06991299327503","4","true","1","""done""","0.0011830311456955123","162.34975412903836","22.099661258975228","35.87592235006754","42.024416390957235","""Clay""","""D""","""woods-grass combination or tree farm | lightly or only occasionally grazed | good""","79","0.5807098737593075","0.357","0.19099745115797961","0.16600254884202037","0.583958991896464","5.854940353061892","44.75493979863351","49.39011984830461","""wood-grass""","17.530494007584768"
"3","13","[74.20307834683402 174.20307834683402 0]","""""","9.9","69.05297553843334","4","false","0","""done""","0","207.18457910858587","20.3687193109956","44.93085114381546","34.70042954518894","""Clay loam""","""D""","""woods-grass combination or tree farm | lightly or only occasionally grazed | good""","79","0.5477519329533502","0.306","0.17075819591020647","0.13524180408979353","0.8479262027379076","7.2375519172233","43.49470664368795","49.26774143908875","""wood-grass""","17.53661292804556"
"4","13","[70.60612485718968 170.60612485718968 0]","""""","9.9","67.6446484976189","4","true","2","""done""","0.002364662728699396","134.73990538052038","23.703727820685693","41.24310009138702","35.05317208792729","""Clay loam""","""D""","""woods-grass combination or tree farm | lightly or only occasionally grazed | good""","79","0.5493392743956728","0.306","0.1692766772307054","0.13672332276929458","1","4.46554699695929","46.02194743691256","49.51250556612814","""wood-grass""","17.524374721693594"
"5","13","[66.62629011059846 166.62629011059846 0]","""""","9.9","66.08641069784363","4","true","1","""done""","0.0011830311456955123","143.78978351582975","25.850582217605123","38.375956093352755","35.77346168904212","""Clay loam""","""D""","""woods-grass combination or tree farm | lightly or only occasionally grazed | good""","79","0.5525805776006896","0.306","0.1662514609060231","0.1397485390939769","1","5.854940353061892","44.75493979863351","49.39011984830461","""wood-grass""","17.530494007584768"
"6","13","[62.44665928742768 162.44665928742768 0]","""""","9.9","64.44994608248521","2","false","0","""done""","0","160.1171682008059","22.822700287718284","38.274809640371295","38.902490071910414","""Clay loam""","""D""","""woods-grass combination or tree farm | lightly or only occasionally grazed | good""","79","0.5666612053235969","0.306","0.15310954169797628","0.15289045830202372","1","7.2375519172233","43.49470664368795","49.26774143908875","""wood-grass""","17.53661292804556"
"7","13","[56.55168331445114 156.55168331445114 0]","""""","9.9","62.141866733781924","2","true","3","""done""","0.003544896404737763","172.87991035086975","26.582250906321473","39.120666975841715","34.29708211783681","""Clay loam""","""D""","""woods-grass combination or tree farm | lightly or only occasionally grazed | good""","79","0.5459368695302657","0.306","0.1724522551050854","0.13354774489491458","1","3.0709855053506487","47.29411736840723","49.63489712624213","""wood-grass""","17.518255143687888"
"8","13","[51.60156269690205 151.60156269690205 0]","""""","9.9","60.203729712811764","2","true","25","""done""","0.02915969334938906","119.50888667434471","22.369490171263347","42.7811430130091","34.84936681572754","""Clay loam""","""D""","""woods | used and managed but not planted | good""","77","0.5484221506707739","0.306","0.17013265937394434","0.13586734062605565","1","0","47.67397808568956","52.32602191431044","""woodland""","17.38369890428448"
"9","13","[47.79353051937832 147.79353051937832 0]","""""","9.9","58.71275833847006","4","true","27","""done""","0.031455403238044854","133.04896744629383","22.52061493743502","42.93036570652981","34.54901935603517","""Clay loam""","""D""","""woods | used and managed but not planted | good""","77","0.5470705871021583","0.306","0.17139411870465232","0.13460588129534767","1","0","47.42976440919787","52.57023559080213","""woodland""","17.371488220459895"
"10","13","[44.67910633781233 144.67910633781233 0]","""""","9.9","57.493357586112964","2","true","7","""done""","0.008251885085253763","172.74827063630667","23.623992280415322","42.55040446206804","33.82560325751665","""Clay loam""","""D""","""woods | used and managed but not planted | good""","77","0.5438152146588249","0.306","0.1744324663184301","0.1315675336815699","1","0","49.87550754506712","50.12449245493288","""woodland""","17.493775377253357"
"11","13","[40.169911735878316 140.16991173587832 0]","""""","9.9","55.727857779545786","2","true","8","""done""","0.009425153993882662","188.33441925297322","25.250448664499622","42.41814840230386","32.331402933196514","""Clay loam""","""D""","""woods | used and managed but not planted | good""","77","0.5370913131993843","0.306","0.18070810768057466","0.12529189231942534","0.9327940910971929","0","49.753108775600275","50.246891224399725","""woodland""","17.487655438780013"
"12","13","[35.87135212916377 135.87135212916377 0]","""""","9.9","54.04482858605811","2","true","13","""done""","0.01527071114425227","168.85967894665848","22.957413690271096","39.223853151359364","37.818733158369525","""Clay loam""","""D""","""woods | used and managed but not planted | good""","77","0.5617842992126628","0.306","0.157661320734848","0.14833867926515198","1","0","49.14118864617969","50.85881135382031","""woodland""","17.457059432308984"
"13","13","[30.707082871516377 130.70708287151638 0]","""""","9.9","52.02284524306228","2","true","15","""done""","0.017599263791468034","167.56308651351597","23.36280660714547","39.9510389617371","36.68615443111743","""Clay loam""","""D""","""woods | used and managed but not planted | good""","77","0.5566876949400285","0.306","0.16241815138930682","0.14358184861069317","1","0","48.89648236433116","51.10351763566884","""woodland""","17.44482411821656"
"14","13","[26.158803879739608 126.15880387973961 0]","""""","9.9","50.24204259667586","4","true","16","""done""","0.018761474459957017","159.6066021443951","24.256998809802184","40.89392253402253","34.84907865617529","""Clay loam""","""D""","""woods | used and managed but not planted | good""","77","0.5484208539527888","0.306","0.1701338696440638","0.1358661303559362","1","0","48.77414832075861","51.22585167924139","""woodland""","17.438707416037932"
"15","13","[21.7044632717367 121.7044632717367 0]","""""","9.9","48.49801995492948","2","false","0","""done""","0","167.76484545432783","23.030413898711775","38.02862329943776","38.94096280185048","""Clay loam""","""D""","""woods-grass combination or tree farm | lightly or only occasionally grazed | good""","79","0.5668343326083272","0.306","0.15294795623222798","0.153052043767772","1","7.2375519172233","43.49470664368795","49.26774143908875","""wood-grass""","17.53661292804556"
"16","13","[16.997583605606565 116.99758360560656 0]","""""","9.9","46.65511986440699","4","true","43","""done""","0.04962672795352363","150.77300359039478","25.97410184473825","44.494328252192645","29.531569903069105","""Clay loam""","""D""","""woods | used and managed but not planted | good""","77","0.5244920645638109","0.306","0.19246740640710974","0.11353259359289024","1","0","45.48145011479693","54.51854988520307","""woodland""","17.274072505739845"
"17","13","[13.650988059001932 113.65098805900193 0]","""""","9.9","45.344816293198306","2","false","0","""done""","0","175.09294686078","25.434020049197873","39.93451715801779","34.63146279278433","""Clay loam""","""D""","""woods-grass combination or tree farm | lightly or only occasionally grazed | good""","79","0.5474415825675295","0.306","0.1710478562703058","0.1349521437296942","1","7.2375519172233","43.49470664368795","49.26774143908875","""wood-grass""","17.53661292804556"
"18","13","[8.340316851228394 108.3403168512284 0]","""""","9.9","43.26551171272075","2","true","29","""done""","0.033745684547090926","144.469244511588","22.498330818849805","43.196126527092325","34.305542654057874","""Clay loam""","""D""","""woods | used and managed but not planted | good""","77","0.5459749419432605","0.306","0.17241672085295695","0.13358327914704304","1","0","47.185673627475296","52.814326372524704","""woodland""","17.359283681373768"
"19","13","[5.7869865753190055 105.786986575319 0]","""""","9.9","42.265797904342044","8","true","38","""done""","0.043985115239447814","213.56119098846395","24.635210999725796","42.45282154221579","32.911967458058434","""Clay loam""","""D""","""woods | used and managed but not planted | good""","77","0.5397038535612629","0.306","0.1782697366761546","0.1277302633238454","0.8226084178322666","0","46.08909633427316","53.91090366572684","""woodland""","17.30445481671366"
"20","13","[5.775482619644379 105.77548261964438 0]","""""","9.9","42.26129372270624","16","true","1569","""done""","0.8439025350092384","226.78984796126286","21.217614487308907","39.90649749588345","38.87588801680765","""Clay loam""","""D""","""woods | used and managed but not planted | good""","77","0.5665414960756344","0.306","0.15322127032940788","0.1527787296705921","0.7746256501719672","0","0.04745997046077832","99.95254002953922","""woodland""","15.002372998523038"
"21","13","[10.608128159658108 110.60812815965811 0]","""""","9.9","44.15343533984615","32","false","0","""done""","0","156.61364364455542","20.24807890991508","41.480838965840256","38.271082124244664","""Clay loam""","""D""","""woods-grass combination or tree farm | lightly or only occasionally grazed | good""","79","0.563819869559101","0.306","0.15576145507817243","0.15023854492182756","1","7.2375519172233","43.49470664368795","49.26774143908875","""wood-grass""","17.53661292804556"
"22","13","[14.428411044043031 114.42841104404303 0]","""""","9.9","45.649203273774006","64","false","0","""done""","0","121.58478236603668","23.599183152045356","39.12454005942412","37.27627678853052","""Clay loam""","""D""","""woods-grass combination or tree farm | lightly or only occasionally grazed | good""","79","0.5593432455483873","0.306","0.15993963748817183","0.14606036251182816","1","7.2375519172233","43.49470664368795","49.26774143908875","""wood-grass""","17.53661292804556"
"23","13","[18.30479251051831 118.30479251051831 0]","""""","9.9","47.16693567022178","64","false","0","""done""","0","182.38363423709086","17.157075249766045","44.252511769102306","38.59041298113166","""Silty clay loam""","""D""","""woods-grass combination or tree farm | lightly or only occasionally grazed | good""","79","0.5652568584150924","0.2365","0.08492026547924705","0.15157973452075293","0.6566611314436408","7.2375519172233","43.49470664368795","49.26774143908875","""wood-grass""","17.53661292804556"
"24","13","[21.868851165171208 121.86885116517121 0]","""""","9.9","48.56238328800367","64","true","1","""done""","0.0011830311456955123","147.42829420812794","19.941096040929324","42.248012033418625","37.81089192565205","""Silty clay loam""","""D""","""woods-grass combination or tree farm | lightly or only occasionally grazed | good""","79","0.5617490136654342","0.2365","0.0881942539122614","0.14830574608773858","0.8123558931357997","5.854940353061892","44.75493979863351","49.39011984830461","""wood-grass""","17.530494007584768"
"25","13","[26.70140538885923 126.70140538885923 0]","""""","9.9","50.45448915176196","32","false","0","""done""","0","124.30440698796161","23.451005655451617","40.325788095687166","36.22320624886121","""Clay loam""","""D""","""woods-grass combination or tree farm | lightly or only occasionally grazed | good""","79","0.5546044281198754","0.306","0.16436253375478294","0.14163746624521706","1","7.2375519172233","43.49470664368795","49.26774143908875","""wood-grass""","17.53661292804556"
"26","13","[31.15628293663019 131.1562829366302 0]","""""","9.9","52.198722023303304","64","true","98","""done""","0.10952983902655666","176.3889627899769","24.838366263515","37.83822310300758","37.32341063347742","""Clay loam""","""D""","""woods | used and managed but not planted | good""","77","0.5595553478506484","0.306","0.15974167533939485","0.14625832466060515","0.9959650005911679","0","38.92377097829216","61.07622902170784","""woodland""","16.94618854891461"
"27","13","[36.35002549175712 136.35002549175712 0]","""""","9.9","54.23224514348612","64","false","0","""done""","0","151.73255305776317","19.503436695590118","42.79796633009164","37.698596974318235","""Silty clay loam""","""D""","""woods-grass combination or tree farm | lightly or only occasionally grazed | good""","79","0.5612436863844321","0.2365","0.08866589270786343","0.14783410729213656","0.7893114641611422","7.2375519172233","43.49470664368795","49.26774143908875","""wood-grass""","17.53661292804556"
"28","13","[40.88424225542087 140.88424225542087 0]","""""","9.9","56.0075419594072","64","false","0","""done""","0","129.9283288671321","21.820786943222792","41.55303407026899","36.626178986508215","""Clay loam""","""D""","""woods-grass combination or tree farm | lightly or only occasionally grazed | good""","79","0.556417805439287","0.306","0.1626700482566655","0.1433299517433345","1","7.2375519172233","43.49470664368795","49.26774143908875","""wood-grass""","17.53661292804556"
"29","13","[45.02442841889655 145.02442841889655 0]","""""","9.9","57.6285626773051","64","true","1","""done""","0.0011830311456955123","172.61932702385363","24.7116564132366","38.9342914208465","36.3540521659169","""Clay loam""","""D""","""woods-grass combination or tree farm | lightly or only occasionally grazed | good""","79","0.555193234746626","0.306","0.16381298090314905","0.14218701909685094","1","5.854940353061892","44.75493979863351","49.39011984830461","""wood-grass""","17.530494007584768"
"30","13","[49.49214549252761 149.4921454925276 0]","""""","9.9","59.37782265067361","64","true","2","""done""","0.002364662728699396","183.921321350961","23.884846442680928","39.367144204123115","36.74800935319596","""Clay loam""","""D""","""woods-grass combination or tree farm | lightly or only occasionally grazed | good""","79","0.5569660420893818","0.306","0.16215836071657697","0.14384163928342303","0.9551760075394702","4.46554699695929","46.02194743691256","49.51250556612814","""wood-grass""","17.524374721693594"
"31","13","[52.901210284509034 152.90121028450903 0]","""""","9.9","60.7125850111707","64","true","43","""done""","0.04962672795352363","126.90897958648151","22.922780624196466","39.24802226845852","37.829197107345","""Clay loam""","""D""","""woods | used and managed but not planted | good""","77","0.5618313869830525","0.306","0.157617372149151","0.148382627850849","1","0","45.48145011479693","54.51854988520307","""woodland""","17.274072505739845"
"32","13","[58.05097829700932 158.05097829700932 0]","""""","9.9","62.72889063391661","64","false","0","""done""","0","133.45653826016093","22.96172768363093","42.49886796642312","34.53940434994595","""Clay loam""","""D""","""woods-grass combination or tree farm | lightly or only occasionally grazed | good""","79","0.5470273195747568","0.306","0.17143450173022703","0.13456549826977296","1","7.2375519172233","43.49470664368795","49.26774143908875","""wood-grass""","17.53661292804556"
"33","13","[61.962085618903245 161.96208561890325 0]","""""","9.9","64.26021935885245","64","false","0","""done""","0","118.6354247126458","19.787184026937396","41.393651232799","38.819164740263595","""Silty clay loam""","""D""","""woods-grass combination or tree farm | lightly or only occasionally grazed | good""","79","0.5662862413311862","0.2365","0.08395950809089292","0.15254049190910707","1","7.2375519172233","43.49470664368795","49.26774143908875","""wood-grass""","17.53661292804556"
"34","13","[65.91933863940784 165.91933863940784 0]","""""","9.9","65.80961566107496","64","true","1","""done""","0.0011830311456955123","162.86388805235498","23.70767633389963","37.934242510622774","38.35808115547759","""Clay loam""","""D""","""woods-grass combination or tree farm | lightly or only occasionally grazed | good""","79","0.5642113651996492","0.306","0.15539605914699411","0.15060394085300588","1","5.854940353061892","44.75493979863351","49.39011984830461","""wood-grass""","17.530494007584768"
"35","13","[70.35762711086315 170.35762711086315 0]","""""","9.9","67.54735335695592","64","true","1","""done""","0.0011830311456955123","160.71795319698697","23.89088763825165","40.836121766127505","35.27299059562085","""Clay loam""","""D""","""woods-grass combination or tree farm | lightly or only occasionally grazed | good""","79","0.5503284576802938","0.306","0.16835343949839246","0.13764656050160753","1","5.854940353061892","44.75493979863351","49.39011984830461","""wood-grass""","17.530494007584768"
"36","13","[74.28242903347137 174.28242903347137 0]","""""","9.9","69.08404397399147","64","true","2","""done""","0.002364662728699396","159.4916159930262","25.082096368061446","39.109912459824315","35.807991172114235","""Clay loam""","""D""","""woods-grass combination or tree farm | lightly or only occasionally grazed | good""","79","0.5527359602745141","0.306","0.16610643707712022","0.13989356292287977","1","4.46554699695929","46.02194743691256","49.51250556612814","""wood-grass""","17.524374721693594"
"37","13","[80.16006596499022 180.16006596499022 0]","""""","9.9","71.38533451071346","64","false","0","""done""","0","172.29541432438123","22.734972908118106","40.59249081614557","36.672536275736334","""Clay loam""","""D""","""woods-grass combination or tree farm | lightly or only occasionally grazed | good""","79","0.5566264132408135","0.306","0.1624753476419074","0.14352465235809259","1","7.2375519172233","43.49470664368795","49.26774143908875","""wood-grass""","17.53661292804556"
"38","13","[83.87289152246439 183.87289152246439 0]","""""","9.9","72.83902932369111","64","true","3","""done""","0.003544896404737763","193.53723008890984","23.711364229392473","40.14967047255452","36.13896529805301","""Clay loam""","""D""","""woods-grass combination or tree farm | lightly or only occasionally grazed | good""","79","0.5542253438412386","0.306","0.16471634574817737","0.14128365425182263","0.9077180310407965","3.0709855053506487","47.29411736840723","49.63489712624213","""wood-grass""","17.518255143687888"
"39","13","[86.92718196326612 186.92718196326612 0]","""""","9.9","74.03488571456913","64","true","19","""done""","0.022239863381334102","135.59491333499278","21.15248480199906","38.15550851557747","40.69200668242347","""Clay""","""D""","""woods | used and managed but not planted | good""","77","0.5747140300709056","0.357","0.19659357193382143","0.16040642806617855","0.699182560938779","0","48.407240143221166","51.592759856778834","""woodland""","17.42036200716106"
"40","13","[91.15919751639606 191.15919751639606 0]","""""","9.9","75.6918606956967","32","true","17","""done""","0.01992231019702717","175.312591578601","25.345082696655926","37.657727263043824","36.99719004030025","""Clay loam""","""D""","""woods | used and managed but not planted | good""","77","0.5580873551813511","0.306","0.16111180183073898","0.14488819816926102","1","0","48.65182896075311","51.34817103924689","""woodland""","17.432591448037655"
"41","13","[95.31463842670675 195.31463842670675 0]","""""","9.9","77.31885415484088","64","true","4","""done""","0.004723733827578291","169.8946330506113","27.20298697354316","38.52067061288225","34.27634241357458","""Clay loam""","""D""","""woods-grass combination or tree farm | lightly or only occasionally grazed | good""","79","0.5458435408610856","0.306","0.17253936186298677","0.13346063813701323","1","1.672896220173925","48.569810717776754","49.75729306204932","""wood-grass""","17.512135346897534"
"42","13","[99.85584033048963 199.85584033048963 0]","""""","9.9","79.09688588566758","32","true","3","""done""","0.003544896404737763","152.63701831620133","23.57815088244964","33.207473603185896","43.21437551436446","""Clay""","""D""","""woods-grass combination or tree farm | lightly or only occasionally grazed | good""","79","0.5860646898146401","0.357","0.18599962283966925","0.17100037716033073","0.6211179948460058","3.0709855053506487","47.29411736840723","49.63489712624213","""wood-grass""","17.518255143687888"
"43","13","[105.2063134240594 205.2063134240594 0]","""""","9.9","81.19177422951701","32","false","0","""done""","0","165.52535215455572","25.862856209356035","39.69027354235613","34.44687024828783","""Clay loam""","""D""","""woods-grass combination or tree farm | lightly or only occasionally grazed | good""","79","0.5466109161172952","0.306","0.17182314495719112","0.13417685504280888","1","7.2375519172233","43.49470664368795","49.26774143908875","""wood-grass""","17.53661292804556"
"44","13","[108.67023705500176 208.67023705500176 0]","""""","9.9","82.54801565182538","64","true","7","""done""","0.008251885085253763","154.6819927234342","19.360326289138257","42.55577865530798","38.08389505555376","""Silty clay loam""","""D""","""woods | used and managed but not planted | good""","77","0.5629775277499919","0.2365","0.0870476407666742","0.14945235923332578","0.7742610597800181","0","49.87550754506712","50.12449245493288","""woodland""","17.493775377253357"
"45","13","[113.71364622748757 213.71364622748757 0]","""""","9.9","84.52267824781177","32","false","0","""done""","0","130.63672087986413","23.09714955700353","42.76044337075516","34.14240707224131","""Clay loam""","""D""","""woods-grass combination or tree farm | lightly or only occasionally grazed | good""","79","0.5452408318250859","0.306","0.1731018902965865","0.13289810970341348","1","7.2375519172233","43.49470664368795","49.26774143908875","""wood-grass""","17.53661292804556"
"46","13","[116.7523063999721 216.7523063999721 0]","""""","9.9","85.71241486828139","64","true","2","""done""","0.002364662728699396","173.3049086924916","24.764368865261524","38.28948700705606","36.94614412768242","""Clay loam""","""D""","""woods-grass combination or tree farm | lightly or only occasionally grazed | good""","79","0.5578576485745709","0.306","0.16132619466373382","0.14467380533626617","1","4.46554699695929","46.02194743691256","49.51250556612814","""wood-grass""","17.524374721693594"
"47","13","[120.9792966424593 220.9792966424593 0]","""""","9.9","87.36742227298991","32","true","1","""done""","0.0011830311456955123","175.9741945644051","18.9073807707376","43.930479758194146","37.162139471068244","""Silty clay loam""","""D""","""woods-grass combination or tree farm | lightly or only occasionally grazed | good""","79","0.558829627619807","0.2365","0.09091901422151338","0.1455809857784866","0.6805784445349372","5.854940353061892","44.75493979863351","49.39011984830461","""wood-grass""","17.530494007584768"
"48","13","[123.40487801078552 223.40487801078552 0]","""""","9.9","88.31711813103874","32","false","0","""done""","0","171.45747421663916","21.043181069088835","42.754594230861436","36.20222470004973","""Clay loam""","""D""","""woods-grass combination or tree farm | lightly or only occasionally grazed | good""","79","0.5545100111502238","0.306","0.16445065625979113","0.14154934374020886","1","7.2375519172233","43.49470664368795","49.26774143908875","""wood-grass""","17.53661292804556"
"49","13","[128.83781783033442 228.83781783033442 0]","""""","9.9","90.44429494358764","2","false","0","""done""","0","179.04737499770545","28.153916708076398","38.62326854337243","33.22281474855118","""Clay loam""","""D""","""woods-grass combination or tree farm | lightly or only occasionally grazed | good""","79","0.5411026663684804","0.306","0.17696417805608505","0.12903582194391494","0.9811773751592069","7.2375519172233","43.49470664368795","49.26774143908875","""wood-grass""","17.53661292804556"
"0","12","[82.61573492685972 182.61573492685972 0]","""""","9.9","72.34681066330933","32","false","0","""done""","0","134.55583993942128","21.856381589403735","40.351531673112255","37.792086737484006","""Clay loam""","""D""","""woods-grass combination or tree farm | lightly or only occasionally grazed | good""","79","0.561664390318678","0.306","0.15777323570256718","0.1482267642974328","1","7.2375519172233","43.49470664368795","49.26774143908875","""wood-grass""","17.53661292804556"
"1","12","[78.23050368723477 178.23050368723477 0]","""""","9.9","70.629846640069","4","false","0","""done""","0","147.89957047457497","23.725585183752756","41.00731858877478","35.26709622747248","""Clay loam""","""D""","""woods-grass combination or tree farm | lightly or only occasionally grazed | good""","79","0.5503019330236262","0.306","0.1683781958446156","0.1376218041553844","1","7.2375519172233","43.49470664368795","49.26774143908875","""wood-grass""","17.53661292804556"
"2","12","[74.54965613890377 174.54965613890377 0]","""""","9.9","69.18867228228139","4","true","1","""done""","0.0011830311456955123","158.10669946860148","24.209902269732037","39.22833645602454","36.561761274243416","""Clay loam""","""D""","""woods-grass combination or tree farm | lightly or only occasionally grazed | good""","79","0.5561279257340954","0.306","0.16294060264817767","0.14305939735182233","1","5.854940353061892","44.75493979863351","49.39011984830461","""wood-grass""","17.530494007584768"
"3","12","[71.1132882895887 171.1132882895887 0]","""""","9.9","67.84321986586598","4","true","2","""done""","0.002364662728699396","135.98847778542202","21.982268993916076","40.55018148322907","37.46754952285485","""Clay loam""","""D""","""woods-grass combination or tree farm | lightly or only occasionally grazed | good""","79","0.5602039728528468","0.306","0.15913629200400964","0.14686370799599036","1","4.46554699695929","46.02194743691256","49.51250556612814","""wood-grass""","17.524374721693594"
"4","12","[67.60738412586028 167.60738412586028 0]","""""","9.9","66.4705416673578","4","true","1","""done""","0.0011830311456955123","137.73857500907957","19.16369295202839","44.638931711030565","36.19737533694104","""Silty clay loam""","""D""","""woods-grass combination or tree farm | lightly or only occasionally grazed | good""","79","0.5544881890162346","0.2365","0.09497102358484763","0.14152897641515236","0.8695040122713372","5.854940353061892","44.75493979863351","49.39011984830461","""wood-grass""","17.530494007584768"
"5","12","[63.605148516344116 163.60514851634412 0]","""""","9.9","64.90353318397888","4","true","3","""done""","0.003544896404737763","172.8891403106749","22.0431767258392","43.05609316288105","34.90073011127975","""Clay loam""","""D""","""woods-grass combination or tree farm | lightly or only occasionally grazed | good""","79","0.5486532855007589","0.306","0.16991693353262508","0.13608306646737492","1","3.0709855053506487","47.29411736840723","49.63489712624213","""wood-grass""","17.518255143687888"
"6","12","[59.12046277500173 159.12046277500173 0]","""""","9.9","63.14762941228123","4","true","2","""done""","0.002364662728699396","158.3353033925084","23.66673672157691","37.437276495266936","38.89598678315616","""Clay loam""","""D""","""woods-grass combination or tree farm | lightly or only occasionally grazed | good""","79","0.5666319405242027","0.306","0.15313685551074413","0.15286314448925586","1","4.46554699695929","46.02194743691256","49.51250556612814","""wood-grass""","17.524374721693594"
"7","12","[54.96492126006308 154.96492126006308 0]","""""","9.9","61.5205965630759","4","false","0","""done""","0","180.5875865926897","22.780543648274698","41.32908431256452","35.890372039160795","""Clay loam""","""D""","""woods-grass combination or tree farm | lightly or only occasionally grazed | good""","79","0.5531066741762236","0.306","0.16576043743552468","0.1402395625644753","0.9728090216169175","7.2375519172233","43.49470664368795","49.26774143908875","""wood-grass""","17.53661292804556"
"8","12","[50.22903250197294 150.22903250197294 0]","""""","9.9","59.66633844728163","2","false","0","""done""","0","161.78219389999515","22.475254741658258","38.29619965233764","39.228545606004104","""Clay loam""","""D""","""woods-grass combination or tree farm | lightly or only occasionally grazed | good""","79","0.5681284552270185","0.306","0.15174010845478278","0.15425989154521721","1","7.2375519172233","43.49470664368795","49.26774143908875","""wood-grass""","17.53661292804556"
"9","12","[46.60497082261293 146.60497082261293 0]","""""","9.9","58.24739764770883","4","true","1","""done""","0.0011830311456955123","165.8663240617756","22.080398685648426","42.784351112777635","35.13525020157394","""Clay loam""","""D""","""woods-grass combination or tree farm | lightly or only occasionally grazed | good""","79","0.5497086259070827","0.306","0.16893194915338947","0.13706805084661053","1","5.854940353061892","44.75493979863351","49.39011984830461","""wood-grass""","17.530494007584768"
"10","12","[42.22157124997122 142.22157124997122 0]","""""","9.9","56.53115078307222","4","true","28","""done""","0.032601221662009294","178.29762234181104","19.974799053711187","40.03558403770512","39.989616908583685","""Silty clay loam""","""D""","""woods | used and managed but not planted | good""","77","0.5715532760886266","0.2365","0.07904360898394852","0.15745639101605147","0.6717097067359284","0","47.30770293090386","52.69229706909614","""woodland""","17.365385146545194"
"11","12","[39.11963502928029 139.1196350292803 0]","""""","9.9","55.31663948314636","2","false","0","""done""","0","160.1069082732249","24.084594831147214","38.06032573638934","37.85507943246345","""Clay loam""","""D""","""woods-grass combination or tree farm | lightly or only occasionally grazed | good""","79","0.5619478574460854","0.306","0.15750866638365354","0.14849133361634645","1","7.2375519172233","43.49470664368795","49.26774143908875","""wood-grass""","17.53661292804556"
"12","12","[34.1761599763999 134.1761599763999 0]","""""","9.9","53.38110442198784","2","true","1","""done""","0.0011830311456955123","200.65640221842852","22.426569515234736","41.24818603676284","36.32524444800242","""Clay loam""","""D""","""woods-grass combination or tree farm | lightly or only occasionally grazed | good""","79","0.555063600016011","0.306","0.16393397331838985","0.14206602668161014","0.8755127246732844","5.854940353061892","44.75493979863351","49.39011984830461","""wood-grass""","17.530494007584768"
"13","12","[29.384413962227768 129.38441396222777 0]","""""","9.9","51.50497633084015","4","true","2","""done""","0.002364662728699396","195.15364751246472","22.25426700400747","39.68965758602317","38.05607540996935","""Clay loam""","""D""","""woods-grass combination or tree farm | lightly or only occasionally grazed | good""","79","0.5628523393448621","0.306","0.15666448327812874","0.14933551672187126","0.9001995897523468","4.46554699695929","46.02194743691256","49.51250556612814","""wood-grass""","17.524374721693594"
"14","12","[25.01521888164612 125.01521888164612 0]","""""","9.9","49.79429099774038","2","false","0","""done""","0","167.55815854690215","24.96695983814408","41.05015726457962","33.98288289727631","""Clay loam""","""D""","""woods-grass combination or tree farm | lightly or only occasionally grazed | good""","79","0.5445229730377434","0.306","0.1737718918314395","0.13222810816856048","1","7.2375519172233","43.49470664368795","49.26774143908875","""wood-grass""","17.53661292804556"
"15","12","[19.665134653279807 119.66513465327981 0]","""""","9.9","47.69955490756419","2","true","18","""done""","0.02108177262926547","141.2509313380429","27.677556274610822","39.74107574139411","32.58136798399507","""Clay loam""","""D""","""woods | used and managed but not planted | good""","77","0.5382161559279778","0.306","0.1796582544672207","0.1263417455327793","1","0","48.52952574745245","51.47047425254755","""woodland""","17.426476287372623"
"16","12","[15.057656207113737 115.05765620711374 0]","""""","9.9","45.89557370391871","2","true","19","""done""","0.022239863381334102","159.59468969686608","24.955707983187907","40.24973713314149","34.794554883670614","""Clay loam""","""D""","""woods | used and managed but not planted | good""","77","0.5481754969765178","0.306","0.17036286948858342","0.13563713051141657","1","0","48.407240143221166","51.592759856778834","""woodland""","17.42036200716106"
"17","12","[10.992196586659603 110.9921965866596 0]","""""","9.9","44.30381091540655","2","true","64","""done""","0.07296023202234803","172.14027268181016","22.329042875289186","42.34067740294528","35.330279721765535","""Clay loam""","""D""","""woods | used and managed but not planted | good""","77","0.5505862587479449","0.306","0.16811282516858475","0.13788717483141524","1","0","42.94604370878452","57.05395629121548","""woodland""","17.147302185439223"
"18","12","[6.8559078716913575 106.85590787169136 0]","""""","9.9","42.684316178353","8","true","65","""done""","0.07405694894116388","113.36503807093817","27.23363971814504","37.19749520540533","35.56886507644964","""Clay loam""","""D""","""woods | used and managed but not planted | good""","77","0.5516598928440234","0.306","0.16711076667891153","0.13888923332108846","1","0","42.826121023066776","57.173878976933224","""woodland""","17.141306051153336"
"19","12","[5.531580452635723 105.53158045263572 0]","""""","9.9","42.16579790434204","16","true","1610","""done""","0.8512975102032825","206.931010146107","19.78243685485784","41.34713821930618","38.870424925835984","""Silty clay loam""","""D""","""woods | used and managed but not planted | good""","77","0.5665169121662619","0.2365","0.08374421531148887","0.15275578468851111","0.5787641181975082","0","0.038831667950304904","99.9611683320497","""woodland""","15.001941583397514"
"20","12","[7.385961084240151 107.38596108424015 0]","""""","9.9","42.891849657574284","32","false","0","""done""","0","141.43284132793593","23.949023404715536","35.987298621339114","40.063677973945346","""Clay""","""D""","""woods-grass combination or tree farm | lightly or only occasionally grazed | good""","79","0.5718865508827541","0.357","0.19923255250942956","0.15776744749057042","0.6703223796233383","7.2375519172233","43.49470664368795","49.26774143908875","""wood-grass""","17.53661292804556"
"21","12","[11.116763154649561 111.11676315464956 0]","""""","9.9","44.35258287383937","64","true","54","""done""","0.061921364083221575","184.78137004807147","21.010187390666953","38.60159868505762","40.388213924275426","""Clay""","""D""","""woods | used and managed but not planted | good""","77","0.5733469626592393","0.357","0.19786950151804322","0.15913049848195676","0.5130690325067297","0","44.14960337036654","55.85039662963346","""woodland""","17.207480168518327"
"22","12","[15.08552275114532 115.08552275114532 0]","""""","9.9","45.90648438363884","32","true","53","""done""","0.060810273384918734","153.94316984209118","24.60260046937358","36.51638022911548","38.88101930151094","""Clay loam""","""D""","""woods | used and managed but not planted | good""","77","0.5665645868567992","0.306","0.15319971893365408","0.1528002810663459","1","0","44.27036246987136","55.72963753012864","""woodland""","17.213518123493568"
"23","12","[19.34920294506415 119.34920294506415 0]","""""","9.9","47.575857125813116","32","true","50","""done""","0.057469098982547706","165.09224704516873","26.749611552236484","40.74170379281711","32.50868465494641","""Clay loam""","""D""","""woods | used and managed but not planted | good""","77","0.5378890809472588","0.306","0.17996352444922512","0.12603647555077488","1","0","44.633040819534074","55.366959180465926","""woodland""","17.231652040976705"
"24","12","[23.165926786480938 123.16592678648094 0]","""""","9.9","49.07023157593144","32","true","49","""done""","0.05635273487735715","153.58533546504506","21.81774000149135","40.127352093036905","38.05490790547174","""Clay loam""","""D""","""woods | used and managed but not planted | good""","77","0.5628470855746228","0.306","0.15666938679701872","0.14933061320298127","1","0","44.75406263509017","55.24593736490983","""woodland""","17.237703131754508"
"25","12","[28.346731562654668 128.34673156265467 0]","""""","9.9","51.09868912493009","32","true","1","""done""","0.0011830311456955123","192.5820578601576","23.550193654720168","39.39898883039105","37.05081751488879","""Clay loam""","""D""","""woods-grass combination or tree farm | lightly or only occasionally grazed | good""","79","0.5583286788169995","0.306","0.1608865664374671","0.1451134335625329","0.9122201485507122","5.854940353061892","44.75493979863351","49.39011984830461","""wood-grass""","17.530494007584768"
"26","12","[33.220125592641466 133.22012559264147 0]","""""","9.9","53.00678513249141","32","false","0","""done""","0","152.55926375079753","22.793712524234735","40.75192455073777","36.454362925027496","""Clay loam""","""D""","""woods-grass combination or tree farm | lightly or only occasionally grazed | good""","79","0.5556446331626237","0.306","0.16339167571488453","0.14260832428511547","1","7.2375519172233","43.49470664368795","49.26774143908875","""wood-grass""","17.53661292804556"
"27","12","[37.103628793991845 137.10362879399185 0]","""""","9.9","54.527305925239276","64","true","97","""done""","0.10847513734687608","136.48284604013833","24.972152167570002","40.47757587089671","34.55027196153329","""Clay loam""","""D""","""woods | used and managed but not planted | good""","77","0.5470762238268998","0.306","0.17138885776156018","0.1346111422384398","1","0","39.040227840623054","60.959772159376946","""woodland""","16.952011392031153"
"28","12","[42.279535869235275 142.27953586923527 0]","""""","9.9","56.55384586126967","32","true","95","""done""","0.10636198483947712","183.2685691442473","25.20660213960607","40.71502942098643","34.0783684394075","""Clay loam""","""D""","""woods | used and managed but not planted | good""","77","0.5449526579773337","0.306","0.17337085255448853","0.13262914744551146","0.9585780816083227","0","39.27351550724061","60.72648449275939","""woodland""","16.96367577536203"
"29","12","[48.62030604519566 148.62030604519566 0]","""""","9.9","59.0364684818023","32","false","0","""done""","0","160.03210307120239","26.25141685395717","39.89509728180829","33.85348586423453","""Clay loam""","""D""","""woods-grass combination or tree farm | lightly or only occasionally grazed | good""","79","0.5439406863890554","0.306","0.174315359370215","0.131684640629785","1","7.2375519172233","43.49470664368795","49.26774143908875","""wood-grass""","17.53661292804556"
"30","12","[52.470821302250215 152.47082130225022 0]","""""","9.9","60.54407339612514","64","false","0","""done""","0","164.25691500994085","22.53778752952079","42.50218175133216","34.96003071914704","""Clay loam""","""D""","""woods-grass combination or tree farm | lightly or only occasionally grazed | good""","79","0.5489201382361617","0.306","0.16966787097958244","0.13633212902041755","1","7.2375519172233","43.49470664368795","49.26774143908875","""wood-grass""","17.53661292804556"
"31","12","[55.208371505174796 155.2083715051748 0]","""""","9.9","61.61591543897207","64","true","1","""done""","0.0011830311456955123","146.25938055973296","22.439469418137683","41.62886166684508","35.931668915017234","""Clay loam""","""D""","""woods-grass combination or tree farm | lightly or only occasionally grazed | good""","79","0.5532925101175775","0.306","0.16558699055692763","0.14041300944307236","1","5.854940353061892","44.75493979863351","49.39011984830461","""wood-grass""","17.530494007584768"
"32","12","[58.401356877992356 158.40135687799236 0]","""""","9.9","62.866075513159906","64","true","42","""done""","0.04850107509025958","138.33215361192163","22.691077193124475","40.78928069213689","36.51964211473863","""Clay loam""","""D""","""woods | used and managed but not planted | good""","77","0.5559383895163238","0.306","0.16311750311809778","0.14288249688190222","1","0","45.60287761944638","54.39712238055362","""woodland""","17.280143880972318"
"33","12","[63.605846365918666 163.60584636591867 0]","""""","9.9","64.90380641532009","32","true","1","""done""","0.0011830311456955123","189.1353410642826","26.37958763758961","34.8811436403137","38.73926872209669","""Clay loam""","""D""","""woods-grass combination or tree farm | lightly or only occasionally grazed | good""","79","0.5659267092494351","0.306","0.15379507136719392","0.15220492863280607","0.9288440353920228","5.854940353061892","44.75493979863351","49.39011984830461","""wood-grass""","17.530494007584768"
"34","12","[69.16070308684058 169.16070308684058 0]","""""","9.9","67.07871775360869","32","false","0","""done""","0","151.94687365147328","23.37788969782596","37.748062022540736","38.87404827963331","""Clay loam""","""D""","""woods-grass combination or tree farm | lightly or only occasionally grazed | good""","79","0.5665332172583499","0.306","0.15322899722554012","0.15277100277445987","1","7.2375519172233","43.49470664368795","49.26774143908875","""wood-grass""","17.53661292804556"
"35","12","[72.803618182891 172.803618182891 0]","""""","9.9","68.5050402934829","64","false","0","""done""","0","178.0528875822312","23.631529827281792","42.14839784175216","34.22007233096606","""Clay loam""","""D""","""woods-grass combination or tree farm | lightly or only occasionally grazed | good""","79","0.5455903254893473","0.306","0.17277569620994254","0.13322430379005745","0.9866575926675764","7.2375519172233","43.49470664368795","49.26774143908875","""wood-grass""","17.53661292804556"
"36","12","[77.15034199923508 177.15034199923508 0]","""""","9.9","70.20692737852133","64","false","0","""done""","0","152.01292357228664","25.054200174821194","42.329635059663254","32.61616476551556","""Clay loam""","""D""","""woods-grass combination or tree farm | lightly or only occasionally grazed | good""","79","0.5383727414448201","0.306","0.17951210798483463","0.12648789201516536","1","7.2375519172233","43.49470664368795","49.26774143908875","""wood-grass""","17.53661292804556"
"37","12","[81.75943058385707 181.75943058385707 0]","""""","9.9","72.01153900497695","64","true","1","""done""","0.0011830311456955123","173.0166480205439","23.348461307074714","40.793321920629595","35.858216772295684","""Clay loam""","""D""","""woods-grass combination or tree farm | lightly or only occasionally grazed | good""","79","0.5529619754753305","0.306","0.16589548955635813","0.14010451044364186","1","5.854940353061892","44.75493979863351","49.39011984830461","""wood-grass""","17.530494007584768"
"38","12","[85.7150239398681 185.7150239398681 0]","""""","9.9","73.56028549329676","32","false","0","""done""","0","171.49350368881142","20.38760206311801","38.93603494145698","40.676362995425","""Clay""","""D""","""woods-grass combination or tree farm | lightly or only occasionally grazed | good""","79","0.5746436334794125","0.357","0.196659275419215","0.160340724580785","0.5528232657014479","7.2375519172233","43.49470664368795","49.26774143908875","""wood-grass""","17.53661292804556"
"39","12","[89.54171120284627 189.54171120284627 0]","""""","9.9","75.05856095465816","64","true","2","""done""","0.002364662728699396","187.28251974928907","23.553198945844862","39.36081552243076","37.085985531724376","""Clay loam""","""D""","""woods-grass combination or tree farm | lightly or only occasionally grazed | good""","79","0.5584869348927597","0.306","0.16073886076675764","0.14526113923324235","0.9380332647412585","4.46554699695929","46.02194743691256","49.51250556612814","""wood-grass""","17.524374721693594"
"40","12","[94.07477698807179 194.0747769880718 0]","""""","9.9","76.83340712420235","64","false","0","""done""","0","174.29630640537692","24.354826626615324","38.01273341779614","37.63243995558853","""Clay loam""","""D""","""woods-grass combination or tree farm | lightly or only occasionally grazed | good""","79","0.5609459798001484","0.306","0.15844375218652818","0.14755624781347182","1","7.2375519172233","43.49470664368795","49.26774143908875","""wood-grass""","17.53661292804556"
"41","12","[97.35036611681451 197.3503661168145 0]","""""","9.9","78.11590931887554","64","true","16","""done""","0.018761474459957017","147.99186468223493","24.05607385883156","41.29267880069616","34.65124734047227","""Clay loam""","""D""","""woods | used and managed but not planted | good""","77","0.5475306130321251","0.306","0.1709647611700165","0.1350352388299835","1","0","48.77414832075861","51.22585167924139","""woodland""","17.438707416037932"
"42","12","[102.26917083643337 202.26917083643337 0]","""""","9.9","80.0417851232385","32","false","0","""done""","0","159.3936107919495","20.581565079057395","42.887774917578","36.53066000336461","""Clay loam""","""D""","""woods-grass combination or tree farm | lightly or only occasionally grazed | good""","79","0.5559879700151407","0.306","0.16307122798586865","0.14292877201413134","1","7.2375519172233","43.49470664368795","49.26774143908875","""wood-grass""","17.53661292804556"
"43","12","[106.48516849443837 206.48516849443837 0]","""""","9.9","81.6924885651576","64","true","1","""done""","0.0011830311456955123","158.9798940184997","20.915134930602658","42.00133250355933","37.08353256583802","""Clay loam""","""D""","""woods-grass combination or tree farm | lightly or only occasionally grazed | good""","79","0.5584758965462711","0.306","0.16074916322348032","0.14525083677651968","1","5.854940353061892","44.75493979863351","49.39011984830461","""wood-grass""","17.530494007584768"
"44","12","[110.56497810086404 210.56497810086404 0]","""""","9.9","83.28986985091672","32","false","0","""done""","0","179.69887116291875","18.968300505324535","44.59801585786854","36.433683636806926","""Silty clay loam""","""D""","""woods-grass combination or tree farm | lightly or only occasionally grazed | good""","79","0.5555515763656311","0.2365","0.09397852872541093","0.14252147127458906","0.6664718750867971","7.2375519172233","43.49470664368795","49.26774143908875","""wood-grass""","17.53661292804556"
"45","12","[114.97937466093404 214.97937466093404 0]","""""","9.9","85.01825306808186","64","true","5","""done""","0.005901176649031781","152.9446742093529","25.694640850409858","38.48208490322084","35.8232742463693","""Clay loam""","""D""","""woods-grass combination or tree farm | lightly or only occasionally grazed | good""","79","0.5528047341086618","0.306","0.16604224816524896","0.13995775183475104","1","0.2729377906510422","49.84737030260629","49.87969190674267","""wood-grass""","17.506015404662865"
"46","12","[118.2904836563616 218.2904836563616 0]","""""","9.9","86.314662473088","32","true","4","""done""","0.004723733827578291","167.25405640469995","18.90377939498808","42.594054827649835","38.502165777362094","""Silty clay loam""","""D""","""woods-grass combination or tree farm | lightly or only occasionally grazed | good""","79","0.5648597459981294","0.2365","0.08529090373507922","0.15120909626492077","0.7160618175091733","1.672896220173925","48.569810717776754","49.75729306204932","""wood-grass""","17.512135346897534"
"47","12","[122.0488513168142 222.0488513168142 0]","""""","9.9","87.78618853556742","32","true","2","""done""","0.002364662728699396","182.68639441244403","24.707120939105142","40.77258929736948","34.52028976352538","""Clay loam""","""D""","""woods-grass combination or tree farm | lightly or only occasionally grazed | good""","79","0.5469413039358642","0.306","0.1715147829931934","0.1344852170068066","0.9616328243513039","4.46554699695929","46.02194743691256","49.51250556612814","""wood-grass""","17.524374721693594"
"48","12","[126.45863250735619 226.45863250735619 0]","""""","9.9","89.51276468190767","32","false","0","""done""","0","173.89219080492293","26.140147377397255","40.48739598915427","33.37245663344848","""Clay loam""","""D""","""woods-grass combination or tree farm | lightly or only occasionally grazed | good""","79","0.5417760548505182","0.306","0.1763356821395164","0.1296643178604836","1","7.2375519172233","43.49470664368795","49.26774143908875","""wood-grass""","17.53661292804556"
"49","12","[128.47780421291387 228.47780421291387 0]","""""","9.9","90.30333762680985","2","false","0","""done""","0","189.41720066330828","21.588192033264995","41.580071658596026","36.831736308138986","""Clay loam""","""D""","""woods-grass combination or tree farm | lightly or only occasionally grazed | good""","79","0.5573428133866254","0.306","0.16180670750581627","0.14419329249418372","0.9274618821004728","7.2375519172233","43.49470664368795","49.26774143908875","""wood-grass""","17.53661292804556"
"0","11","[80.68671434491387 180.68671434491387 0]","""""","9.9","71.59153488460845","32","false","0","""done""","0","155.09748051354825","26.555776955584005","37.22973117370486","36.214491870711136","""Clay loam""","""D""","""woods-grass combination or tree farm | lightly or only occasionally grazed | good""","79","0.5545652134182001","0.306","0.16439913414301324","0.14160086585698675","1","7.2375519172233","43.49470664368795","49.26774143908875","""wood-grass""","17.53661292804556"
"1","11","[77.62762352019575 177.62762352019575 0]","""""","9.9","70.39379898361301","4","false","0","""done""","0","165.37942632122676","20.88530385617227","41.051669418582385","38.06302672524535","""Clay loam""","""D""","""woods-grass combination or tree farm | lightly or only occasionally grazed | good""","79","0.5628836202636041","0.306","0.15663528775396954","0.14936471224603046","1","7.2375519172233","43.49470664368795","49.26774143908875","""wood-grass""","17.53661292804556"
"2","11","[72.95099798878258 172.95099798878258 0]","""""","9.9","68.56274439405153","2","true","1","""done""","0.0011830311456955123","181.04900072325347","23.361368672651484","37.73754859241763","38.901082734930895","""Clay loam""","""D""","""woods-grass combination or tree farm | lightly or only occasionally grazed | good""","79","0.566654872307189","0.306","0.15311545251329026","0.15288454748670974","0.9703297600517012","5.854940353061892","44.75493979863351","49.39011984830461","""wood-grass""","17.530494007584768"
"3","11","[68.64746220353805 168.64746220353805 0]","""""","9.9","66.87776686100264","4","true","4","""done""","0.004723733827578291","176.65964267011688","22.495260506343445","41.489025676808616","36.015713816847935","""Clay loam""","""D""","""woods-grass combination or tree farm | lightly or only occasionally grazed | good""","79","0.5536707121758158","0.306","0.16523400196923868","0.1407659980307613","0.9944389718790696","1.672896220173925","48.569810717776754","49.75729306204932","""wood-grass""","17.512135346897534"
"4","11","[65.35915813520381 165.3591581352038 0]","""""","9.9","65.59028634417417","2","true","3","""done""","0.003544896404737763","146.37199415188212","25.131506401476045","40.52427424143509","34.344219357088875","""Clay loam""","""D""","""woods-grass combination or tree farm | lightly or only occasionally grazed | good""","79","0.5461489871069","0.306","0.17225427870022675","0.13374572129977325","1","3.0709855053506487","47.29411736840723","49.63489712624213","""wood-grass""","17.518255143687888"
"5","11","[60.309554609131396 160.3095546091314 0]","""""","9.9","63.61319845253649","4","true","6","""done""","0.00707722651895526","173.16020210387504","25.770714330669627","41.301334428029335","32.927951241301045","""Clay loam""","""D""","""woods | used and managed but not planted | good""","77","0.5397757805858547","0.306","0.17820260478653563","0.12779739521346437","1","0","49.997907806624276","50.002092193375724","""woodland""","17.499895390331215"
"6","11","[56.58724726203752 156.58724726203752 0]","""""","9.9","62.15579120325539","4","true","4","""done""","0.004723733827578291","136.67006639749303","23.04361041596515","39.57866300481562","37.37772657921923","""Clay loam""","""D""","""woods-grass combination or tree farm | lightly or only occasionally grazed | good""","79","0.5597997696064865","0.306","0.15951354836727927","0.14648645163272073","1","1.672896220173925","48.569810717776754","49.75729306204932","""wood-grass""","17.512135346897534"
"7","11","[52.039111278853625 152.03911127885362 0]","""""","9.9","60.375044549494106","2","true","3","""done""","0.003544896404737763","217.3101056733948","24.168661895307157","39.46481838244041","36.36651972225241","""Clay loam""","""D""","""woods-grass combination or tree farm | lightly or only occasionally grazed | good""","79","0.5552493387501358","0.306","0.1637606171665399","0.1422393828334601","0.808417228849118","3.0709855053506487","47.29411736840723","49.63489712624213","""wood-grass""","17.518255143687888"
"8","11","[47.347684085039475 147.34768408503948 0]","""""","9.9","58.538194616326365","4","true","5","""done""","0.005901176649031781","156.56202875768815","22.02042094161608","36.26013594667419","41.71944311170973","""Clay""","""D""","""woods-grass combination or tree farm | lightly or only occasionally grazed | good""","79","0.5793374940026937","0.357","0.19227833893081914","0.16472166106918085","0.6055465652055592","0.2729377906510422","49.84737030260629","49.87969190674267","""wood-grass""","17.506015404662865"
"9","11","[45.58542314475048 145.58542314475048 0]","""""","9.9","57.84821078908886","4","false","0","""done""","0","141.14770978325396","24.190603312346646","40.94997497352102","34.85942171413233","""Clay loam""","""D""","""woods-grass combination or tree farm | lightly or only occasionally grazed | good""","79","0.5484673977135954","0.306","0.17009042880064423","0.13590957119935576","1","7.2375519172233","43.49470664368795","49.26774143908875","""wood-grass""","17.53661292804556"
"10","11","[40.32690188918056 140.32690188918056 0]","""""","9.9","55.78932465107295","4","true","2","""done""","0.002364662728699396","145.1713478557125","22.437741134863685","40.32350455130526","37.23875431383105","""Clay loam""","""D""","""woods-grass combination or tree farm | lightly or only occasionally grazed | good""","79","0.5591743944122397","0.306","0.1600972318819096","0.1459027681180904","1","4.46554699695929","46.02194743691256","49.51250556612814","""wood-grass""","17.524374721693594"
"11","11","[36.95121921185887 136.95121921185887 0]","""""","9.9","54.46763249982105","2","true","29","""done""","0.033745684547090926","150.0457762267557","23.493840578551094","42.427742563808096","34.07841685764082","""Clay loam""","""D""","""woods | used and managed but not planted | good""","77","0.5449528758593837","0.306","0.17337064919790857","0.13262935080209143","1","0","47.185673627475296","52.814326372524704","""woodland""","17.359283681373768"
"12","11","[32.23375372885204 132.23375372885204 0]","""""","9.9","52.620587709568774","2","true","30","""done""","0.03488879349693452","183.7895936712726","21.195281433721906","41.58335486778921","37.22136369848889","""Clay loam""","""D""","""woods | used and managed but not planted | good""","77","0.5590961366432","0.306","0.16017027246634669","0.1458297275336533","0.9558606116928057","0","47.063677948182715","52.936322051817285","""woodland""","17.353183897409135"
"13","11","[28.701991528553265 128.70199152855326 0]","""""","9.9","51.23778522887868","2","true","31","""done""","0.036030550113287374","162.13148099436245","22.899887882047786","39.38146553988852","37.7186465780637","""Clay loam""","""D""","""woods | used and managed but not planted | good""","77","0.5613339096012866","0.306","0.1580816843721325","0.1479183156278675","1","0","46.94171734069237","53.05828265930763","""woodland""","17.347085867034618"
"14","11","[23.10381790927687 123.10381790927687 0]","""""","9.9","49.04591388278001","2","true","35","""done""","0.040584085212469256","156.06144424618293","25.018850555612058","39.63999154807872","35.34115789630923","""Clay loam""","""D""","""woods | used and managed but not planted | good""","77","0.5506352105333915","0.306","0.16806713683550126","0.13793286316449874","1","0","46.454254522102936","53.545745477897064","""woodland""","17.322712726105145"
"15","11","[17.967164006204754 117.96716400620475 0]","""""","9.9","47.034742870469586","4","true","36","""done""","0.041719104121338835","198.48562446240948","24.244451385874115","38.129625206472646","37.62592340765324","""Clay loam""","""D""","""woods | used and managed but not planted | good""","77","0.5609166553344396","0.306","0.1584711216878564","0.1475288783121436","0.8850879448081428","0","46.33249092768993","53.66750907231007","""woodland""","17.316624546384496"
"16","11","[14.246861963774947 114.24686196377495 0]","""""","9.9","45.578120764724986","4","false","0","""done""","0","143.54357863569334","25.991190327891452","39.43953437356808","34.56927529854046","""Clay loam""","""D""","""woods-grass combination or tree farm | lightly or only occasionally grazed | good""","79","0.547161738843432","0.306","0.17130904374613007","0.13469095625386993","1","7.2375519172233","43.49470664368795","49.26774143908875","""wood-grass""","17.53661292804556"
"17","11","[9.677610219321195 109.6776102193212 0]","""""","9.9","43.789106587441566","2","false","0","""done""","0","149.88278076550893","26.74833872732643","40.69142723539981","32.56023403727376","""Clay loam""","""D""","""woods-grass combination or tree farm | lightly or only occasionally grazed | good""","79","0.5381210531677318","0.306","0.17974701704345022","0.12625298295654977","1","7.2375519172233","43.49470664368795","49.26774143908875","""wood-grass""","17.53661292804556"
"18","11","[5.520076496961096 105.5200764969611 0]","""""","9.9","42.16129372270624","8","true","1678","""done""","0.8627980598150745","206.6982504218264","15.230176787274607","44.72059758626852","40.049225626456874","""Silty clay""","""D""","""woods | used and managed but not planted | good""","77","0.5718215153190559","0.3485","0.19079325236888112","0.15770674763111886","0.6790238000535461","0","0.02783840817194516","99.97216159182805","""woodland""","15.001391920408597"
"19","11","[5.629794716425451 105.62979471642545 0]","""""","9.9","42.20425205836071","16","true","18","""done""","0.02108177262926547","140.14814746203996","21.98164211707502","39.244956715684204","38.77340116724077","""Clay loam""","""D""","""woods | used and managed but not planted | good""","77","0.5660803052525835","0.306","0.15365171509758876","0.15234828490241123","1","0","48.52952574745245","51.47047425254755","""woodland""","17.426476287372623"
"20","11","[8.388282389764214 108.38828238976421 0]","""""","9.9","43.28429181792414","32","true","17","""done""","0.01992231019702717","153.1973486523583","22.71715238931431","39.128612244681406","38.15423536600428","""Clay loam""","""D""","""woods | used and managed but not planted | good""","77","0.5632940591470192","0.306","0.15625221146278204","0.14974778853721796","1","0","48.65182896075311","51.34817103924689","""woodland""","17.432591448037655"
"21","11","[12.86271013438784 112.86271013438784 0]","""""","9.9","45.0361792423976","32","true","16","""done""","0.018761474459957017","183.24503995517262","23.866431052586393","40.269118483443066","35.86445046397055","""Clay loam""","""D""","""woods | used and managed but not planted | good""","77","0.5529900270878675","0.306","0.16586930805132372","0.14013069194867628","0.9587011657852834","0","48.77414832075861","51.22585167924139","""woodland""","17.438707416037932"
"22","11","[17.50718121505608 117.50718121505608 0]","""""","9.9","46.85464429400786","32","false","0","""done""","0","126.76423338323605","25.838391877589586","37.102267831695166","37.05934029071524","""Clay loam""","""D""","""woods-grass combination or tree farm | lightly or only occasionally grazed | good""","79","0.5583670313082185","0.306","0.160850770778996","0.14514922922100398","1","7.2375519172233","43.49470664368795","49.26774143908875","""wood-grass""","17.53661292804556"
"23","11","[21.107944904361602 121.1079449043616 0]","""""","9.9","48.264463154838666","64","true","1","""done""","0.0011830311456955123","157.65210371560303","25.6279758998992","39.190725793374895","35.18129830672591","""Clay loam""","""D""","""woods-grass combination or tree farm | lightly or only occasionally grazed | good""","79","0.5499158423802666","0.306","0.1687385471117512","0.13726145288824879","1","5.854940353061892","44.75493979863351","49.39011984830461","""wood-grass""","17.530494007584768"
"24","11","[27.006451713326115 127.00645171332611 0]","""""","9.9","50.57392494337968","32","false","0","""done""","0","173.85119801631566","23.486345257131656","41.2755805120483","35.23807423082004","""Clay loam""","""D""","""woods-grass combination or tree farm | lightly or only occasionally grazed | good""","79","0.5501713340386902","0.306","0.16850008823055584","0.13749991176944415","1","7.2375519172233","43.49470664368795","49.26774143908875","""wood-grass""","17.53661292804556"
"25","11","[29.915191790311013 129.915191790311 0]","""""","9.9","51.712793521167036","64","true","46","""done""","0.052995702748759976","165.85006026130162","24.846659229867612","38.04636561535616","37.106975154776215","""Clay loam""","""D""","""woods | used and managed but not planted | good""","77","0.558581388196493","0.306","0.16065070434993992","0.14534929565006008","1","0","45.11749555837925","54.88250444162075","""woodland""","17.25587477791896"
"26","11","[34.81818548479032 134.81818548479032 0]","""""","9.9","53.632478782807915","32","true","6","""done""","0.00707722651895526","165.93570450372363","21.76492799365635","41.9451179133882","36.289954092955455","""Clay loam""","""D""","""woods | used and managed but not planted | good""","77","0.5549047934182996","0.306","0.1640821928095871","0.1419178071904129","1","0","49.997907806624276","50.002092193375724","""woodland""","17.499895390331215"
"27","11","[39.48451419314577 139.48451419314577 0]","""""","9.9","55.4595018233409","32","true","4","""done""","0.004723733827578291","174.90930743476414","24.79245017056063","41.19625070375481","34.011299125684566","""Clay loam""","""D""","""woods-grass combination or tree farm | lightly or only occasionally grazed | good""","79","0.5446508460655806","0.306","0.17365254367212485","0.13234745632787515","1","1.672896220173925","48.569810717776754","49.75729306204932","""wood-grass""","17.512135346897534"
"28","11","[44.438832895859974 144.43883289585997 0]","""""","9.9","57.39928253441567","64","false","0","""done""","0","173.2238571222478","26.80261025006481","38.785259578805174","34.41213017113001","""Clay loam""","""D""","""woods-grass combination or tree farm | lightly or only occasionally grazed | good""","79","0.5464545857700851","0.306","0.17196905328125398","0.13403094671874602","1","7.2375519172233","43.49470664368795","49.26774143908875","""wood-grass""","17.53661292804556"
"29","11","[49.02057673678411 149.0205767367841 0]","""""","9.9","59.19318778335358","64","true","93","""done""","0.10424382359513018","131.7993988823846","24.54129809542716","39.17259994429425","36.28610196027859","""Clay loam""","""D""","""woods | used and managed but not planted | good""","77","0.5548874588212537","0.306","0.16409837176682993","0.14190162823317007","1","0","39.50729374879135","60.49270625120865","""woodland""","16.975364687439566"
"30","11","[53.05971825658162 153.05971825658162 0]","""""","9.9","60.7746461592776","32","true","1","""done""","0.0011830311456955123","123.61563524552463","26.817331444324413","37.534914648944344","35.64775390673123","""Clay loam""","""D""","""woods-grass combination or tree farm | lightly or only occasionally grazed | good""","79","0.5520148925802906","0.306","0.16677943359172884","0.13922056640827116","1","5.854940353061892","44.75493979863351","49.39011984830461","""wood-grass""","17.530494007584768"
"31","11","[57.541693211236264 157.54169321123626 0]","""""","9.9","62.529488567739605","32","false","0","""done""","0","146.73054784633467","18.72123397830045","41.72546644615395","39.5532995755456","""Silty clay loam""","""D""","""woods-grass combination or tree farm | lightly or only occasionally grazed | good""","79","0.5695898480899552","0.2365","0.0808761417827085","0.1556238582172915","0.8162188812949555","7.2375519172233","43.49470664368795","49.26774143908875","""wood-grass""","17.53661292804556"
"32","11","[60.72370608974518 160.72370608974518 0]","""""","9.9","63.77535254510981","64","false","0","""done""","0","158.76606016451748","27.061646964079326","41.12223672830225","31.816116307618426","""Clay loam""","""D""","""woods-grass combination or tree farm | lightly or only occasionally grazed | good""","79","0.5347725233842829","0.306","0.1828723115080026","0.12312768849199739","1","7.2375519172233","43.49470664368795","49.26774143908875","""wood-grass""","17.53661292804556"
"33","11","[64.88171988264239 164.8817198826424 0]","""""","9.9","65.4033533734429","64","true","39","""done""","0.045116110623868","153.79594409711888","24.76251399808651","39.43053161541557","35.80695438649791","""Clay loam""","""D""","""woods | used and managed but not planted | good""","77","0.5527312947392405","0.306","0.1661107915767088","0.1398892084232912","1","0","45.967468202186566","54.032531797813434","""woodland""","17.298373410109328"
"34","11","[70.17260738978834 170.17260738978834 0]","""""","9.9","67.47491197648665","32","true","38","""done""","0.043985115239447814","158.85081200560728","25.85472032003555","35.70086390901585","38.44441577094859","""Clay loam""","""D""","""woods | used and managed but not planted | good""","77","0.5645998709692687","0.306","0.15503345376201594","0.15096654623798406","1","0","46.08909633427316","53.91090366572684","""woodland""","17.30445481671366"
"35","11","[73.91937495045511 173.9193749504551 0]","""""","9.9","68.9418962137099","32","true","37","""done""","0.0428527802674884","160.52669105319183","22.84664875714651","40.10458598939333","37.04876525346017","""Clay loam""","""D""","""woods | used and managed but not planted | good""","77","0.5583194436405707","0.306","0.1608951859354673","0.14510481406453268","1","0","46.21077105356945","53.78922894643055","""woodland""","17.310538552678473"
"36","11","[78.23017428039606 178.23017428039606 0]","""""","9.9","70.62971766632505","32","true","36","""done""","0.041719104121338835","155.2481013011819","23.85521407383947","38.16040399594994","37.98438193021059","""Clay loam""","""D""","""woods | used and managed but not planted | good""","77","0.5625297186859477","0.306","0.15696559589311554","0.14903440410688445","1","0","46.33249092768993","53.66750907231007","""woodland""","17.316624546384496"
"37","11","[83.22572481328487 183.22572481328487 0]","""""","9.9","72.58564201160148","32","true","35","""done""","0.040584085212469256","145.29829664363274","26.26476683479008","39.90883275623096","33.82640040897896","""Clay loam""","""D""","""woods | used and managed but not planted | good""","77","0.5438188018404053","0.306","0.17442911828228838","0.1315708817177116","1","0","46.454254522102936","53.545745477897064","""woodland""","17.322712726105145"
"38","11","[87.3163731061893 187.3163731061893 0]","""""","9.9","74.18726700395811","32","true","1","""done""","0.0011830311456955123","177.17528111325987","24.88062991921009","42.85426794184002","32.26510213894989","""Clay loam""","""D""","""woods-grass combination or tree farm | lightly or only occasionally grazed | good""","79","0.5367929596252745","0.306","0.18098657101641047","0.12501342898358953","0.9915448268265628","5.854940353061892","44.75493979863351","49.39011984830461","""wood-grass""","17.530494007584768"
"39","11","[91.29975289778201 191.299752897782 0]","""""","9.9","75.74689280687294","32","false","0","""done""","0","143.83177609389176","23.392521726832943","37.55100515438446","39.0564731187826","""Clay loam""","""D""","""woods-grass combination or tree farm | lightly or only occasionally grazed | good""","79","0.5673541290345216","0.306","0.1524628129011131","0.1535371870988869","1","7.2375519172233","43.49470664368795","49.26774143908875","""wood-grass""","17.53661292804556"
"40","11","[95.29198530049007 195.29198530049007 0]","""""","9.9","77.30998470176016","64","true","1","""done""","0.0011830311456955123","147.5585582428779","25.034694845060425","43.3393270594399","31.625978095499672","""Clay loam""","""D""","""woods-grass combination or tree farm | lightly or only occasionally grazed | good""","79","0.5339169014297485","0.306","0.18367089199890135","0.12232910800109863","1","5.854940353061892","44.75493979863351","49.39011984830461","""wood-grass""","17.530494007584768"
"41","11","[100.27970165534728 200.27970165534728 0]","""""","9.9","79.26284170552209","32","false","0","""done""","0","150.67862244314594","22.839019831950292","36.79005789032666","40.37092227772307","""Clay""","""D""","""woods-grass combination or tree farm | lightly or only occasionally grazed | good""","79","0.5732691502497538","0.357","0.19794212643356313","0.15905787356643686","0.6291907718469094","7.2375519172233","43.49470664368795","49.26774143908875","""wood-grass""","17.53661292804556"
"42","11","[103.17620605869826 203.17620605869826 0]","""""","9.9","80.39691960973227","64","true","14","""done""","0.01643567656304723","166.93124339778188","23.850612847886634","41.099769039539076","35.0496181125743","""Clay loam""","""D""","""woods | used and managed but not planted | good""","77","0.5493232815065844","0.306","0.16929160392718795","0.13670839607281204","1","0","49.01882962762967","50.98117037237033","""woodland""","17.450941481381484"
"43","11","[106.05584446608782 206.05584446608782 0]","""""","9.9","81.52439391502153","32","true","13","""done""","0.01527071114425227","172.58713125030232","27.154944261488197","33.6949814687938","39.150074269718004","""Clay loam""","""D""","""woods | used and managed but not planted | good""","77","0.567775334213731","0.306","0.1520696880671844","0.1539303119328156","1","0","49.14118864617969","50.85881135382031","""woodland""","17.457059432308984"
"44","11","[110.06241625270366 210.06241625270366 0]","""""","9.9","83.0931001560948","32","true","11","""done""","0.012936639204113476","176.99665035125187","25.727846583998506","36.06445905175641","38.20769436424507","""Clay loam""","""D""","""woods | used and managed but not planted | good""","77","0.5635346246391029","0.306","0.15602768367017072","0.14997231632982927","0.992545526035444","0","49.385936088390636","50.614063911609364","""woodland""","17.469296804419532"
"45","11","[115.10497870228915 215.10497870228915 0]","""""","9.9","85.06743123187664","32","true","7","""done""","0.008251885085253763","192.55669755119214","22.475371222055934","39.38866217876496","38.135966599179106","""Clay loam""","""D""","""woods | used and managed but not planted | good""","77","0.563211849696306","0.306","0.15632894028344776","0.14967105971655223","0.91234029074834","0","49.87550754506712","50.12449245493288","""woodland""","17.493775377253357"
"46","11","[120.52042337130388 220.52042337130388 0]","""""","9.9","87.18775811054363","32","false","0","""done""","0","147.5477280283319","22.873581816348015","38.524558251551035","38.60185993210094","""Clay loam""","""D""","""woods-grass combination or tree farm | lightly or only occasionally grazed | good""","79","0.5653083696944542","0.306","0.15437218828517604","0.15162781171482395","1","7.2375519172233","43.49470664368795","49.26774143908875","""wood-grass""","17.53661292804556"
"47","11","[124.51743814402738 224.51743814402738 0]","""""","9.9","88.75272246250636","64","false","0","""done""","0","176.85018766680125","24.56365530986978","40.226904278194255","35.209440411935965","""Clay loam""","""D""","""woods-grass combination or tree farm | lightly or only occasionally grazed | good""","79","0.5500424818537119","0.306","0.16862035026986896","0.13737964973013103","0.9933675261933204","7.2375519172233","43.49470664368795","49.26774143908875","""wood-grass""","17.53661292804556"
"48","11","[127.71231153827716 227.71231153827716 0]","""""","9.9","90.00362175994084","64","false","0","""done""","0","167.73384367203056","27.092610498650455","38.16706285453241","34.74032664681713","""Clay loam""","""D""","""woods-grass combination or tree farm | lightly or only occasionally grazed | good""","79","0.5479314699106771","0.306","0.17059062808336806","0.13540937191663194","1","7.2375519172233","43.49470664368795","49.26774143908875","""wood-grass""","17.53661292804556"
"49","11","[129.91825123055742 229.91825123055742 0]","""""","9.9","90.86732058951658","2","false","0","""done""","0","131.27025784518997","26.274288906829316","36.19614778130849","37.5295633118622","""Clay loam""","""D""","""woods-grass combination or tree farm | lightly or only occasionally grazed | good""","79","0.5604830349033799","0.306","0.15887583409017877","0.14712416590982122","1","7.2375519172233","43.49470664368795","49.26774143908875","""wood-grass""","17.53661292804556"
"0","10","[77.68585721489606 177.68585721489606 0]","""""","9.9","70.4165994138018","32","false","0","""done""","0","170.26144517419166","20.433407430401825","40.63141923244066","38.93517333715751","""Clay loam""","""D""","""woods-grass combination or tree farm | lightly or only occasionally grazed | good""","79","0.5668082800172087","0.306","0.15297227198393848","0.15302772801606151","1","7.2375519172233","43.49470664368795","49.26774143908875","""wood-grass""","17.53661292804556"
"1","10","[74.00806000413408 174.00806000413408 0]","""10""","9.9","68.97661936472416","4","false","0","""done""","0","184.76247534816437","17.54532114575894","48.58944065712824","33.865238197112824","""Silty clay loam""","""D""","""woods-grass combination or tree farm | lightly or only occasionally grazed | good""","79","0.5439935718870077","0.2365","0.10476599957212615","0.13173400042787384","0.6482065332219045","7.2375519172233","43.49470664368795","49.26774143908875","""wood-grass""","17.53661292804556"
"2","10","[70.18870616800211 170.1887061680021 0]","""""","9.9","67.48121518411716","4","true","1","""done""","0.0011830311456955123","160.74024109782366","25.749433798589997","36.86893740643677","37.38162879497322","""Clay loam""","""D""","""woods-grass combination or tree farm | lightly or only occasionally grazed | good""","79","0.5598173295773795","0.306","0.1594971590611125","0.1465028409388875","1","5.854940353061892","44.75493979863351","49.39011984830461","""wood-grass""","17.530494007584768"
"3","10","[67.08938226064049 167.0893822606405 0]","""""","9.9","66.26772669182876","4","false","0","""done""","0","138.70624519243054","23.32620111152351","38.64542539785207","38.028373490624425","""Clay loam""","""D""","""woods-grass combination or tree farm | lightly or only occasionally grazed | good""","79","0.5627276807078099","0.306","0.15678083133937742","0.14921916866062257","1","7.2375519172233","43.49470664368795","49.26774143908875","""wood-grass""","17.53661292804556"
"4","10","[62.82126713100712 162.82126713100712 0]","""""","9.9","64.59661752467456","4","true","5","""done""","0.005901176649031781","136.7683187109227","27.35467264077851","38.271668371329426","34.37365898789207","""Clay loam""","""D""","""woods-grass combination or tree farm | lightly or only occasionally grazed | good""","79","0.5462814654455144","0.306","0.17213063225085332","0.13386936774914668","1","0.2729377906510422","49.84737030260629","49.87969190674267","""wood-grass""","17.506015404662865"
"5","10","[58.71057177804434 158.71057177804434 0]","""""","9.9","62.98714344089923","4","false","0","""done""","0","150.56196954780296","22.895369894885587","38.10003402923854","39.00459607587586","""Clay loam""","""D""","""woods-grass combination or tree farm | lightly or only occasionally grazed | good""","79","0.5671206823414414","0.306","0.1526806964813214","0.1533193035186786","1","7.2375519172233","43.49470664368795","49.26774143908875","""wood-grass""","17.53661292804556"
"6","10","[54.66943399802577 154.66943399802577 0]","""""","9.9","61.40490346263925","2","true","7","""done""","0.008251885085253763","156.58546134598873","29.450470707490116","36.95523125118024","33.59429804132965","""Clay loam""","""D""","""woods | used and managed but not planted | good""","77","0.5427743411859834","0.306","0.17540394822641547","0.13059605177358452","1","0","49.87550754506712","50.12449245493288","""woodland""","17.493775377253357"
"7","10","[49.82652139163366 149.82652139163366 0]","""""","9.9","59.50874194720147","4","true","13","""done""","0.01527071114425227","153.20984126481122","19.747204920328155","42.383209427185854","37.86958565248599","""Silty clay loam""","""D""","""woods | used and managed but not planted | good""","77","0.5620131354361869","0.2365","0.08794774025955887","0.14855225974044112","0.7817007225268781","0","49.14118864617969","50.85881135382031","""woodland""","17.457059432308984"
"8","10","[46.114622450715245 146.11462245071525 0]","""""","9.9","58.05540993545428","2","false","0","""done""","0","146.4078609146308","21.843850916528737","41.81770927720042","36.33843980627084","""Clay loam""","""D""","""woods-grass combination or tree farm | lightly or only occasionally grazed | good""","79","0.5551229791282188","0.306","0.16387855281366248","0.1421214471863375","1","7.2375519172233","43.49470664368795","49.26774143908875","""wood-grass""","17.53661292804556"
"9","10","[41.47193528266439 141.4719352826644 0]","""""","9.9","56.23764334502366","2","true","7","""done""","0.008251885085253763","157.70109218765992","27.88453336671436","38.76353521588922","33.35193141739642","""Clay loam""","""D""","""woods | used and managed but not planted | good""","77","0.5416836913782839","0.306","0.17642188804693504","0.12957811195306496","1","0","49.87550754506712","50.12449245493288","""woodland""","17.493775377253357"
"10","10","[36.81987907558016 136.81987907558016 0]","""""","9.9","54.41620846389785","4","true","9","""done""","0.010597034888850443","177.782933529939","27.188596906090385","38.69329858072686","34.11810451318275","""Clay loam""","""D""","""woods | used and managed but not planted | good""","77","0.5451314703093224","0.306","0.17320396104463245","0.13279603895536754","0.9881557804299053","0","49.63071296516659","50.36928703483341","""woodland""","17.48153564825833"
"11","10","[34.877850694058566 134.87785069405857 0]","""""","9.9","53.65583969860798","4","true","3","""done""","0.003544896404737763","145.54319806373618","25.302187920372845","38.27025370809804","36.427558371529116","""Clay loam""","""D""","""woods-grass combination or tree farm | lightly or only occasionally grazed | good""","79","0.555524012671881","0.306","0.16350425483957773","0.14249574516042227","1","3.0709855053506487","47.29411736840723","49.63489712624213","""wood-grass""","17.518255143687888"
"12","10","[32.93952637401708 132.93952637401708 0]","""""","9.9","52.89692119670302","4","false","0","""done""","0","155.4830876752991","28.20001330553852","41.18680862057496","30.61317807388654","""Clay loam""","""D""","""woods-grass combination or tree farm | lightly or only occasionally grazed | good""","79","0.5293593013324894","0.306","0.1879246520896765","0.11807534791032347","1","7.2375519172233","43.49470664368795","49.26774143908875","""wood-grass""","17.53661292804556"
"13","10","[27.608551329099086 127.60855132909909 0]","""""","9.9","50.809666988028944","4","false","0","""done""","0","149.31046026704217","24.643308891343214","40.93675091337147","34.419940195285314","""Clay loam""","""D""","""woods-grass combination or tree farm | lightly or only occasionally grazed | good""","79","0.5464897308787839","0.306","0.17193625117980169","0.1340637488201983","1","7.2375519172233","43.49470664368795","49.26774143908875","""wood-grass""","17.53661292804556"
"14","10","[22.349519304657775 122.34951930465778 0]","""""","9.9","48.75058086699539","4","false","0","""done""","0","175.682894395231","23.330217061862573","41.16373406999677","35.50604886814066","""Clay loam""","""D""","""woods-grass combination or tree farm | lightly or only occasionally grazed | good""","79","0.5513772199066329","0.306","0.16737459475380925","0.13862540524619074","0.9999677773646908","7.2375519172233","43.49470664368795","49.26774143908875","""wood-grass""","17.53661292804556"
"15","10","[17.28185774479614 117.28185774479614 0]","""""","9.9","46.76642265394195","2","false","0","""done""","0","158.83928715377527","23.178989541951953","40.96688705405012","35.85412340399793","""Clay loam""","""D""","""woods-grass combination or tree farm | lightly or only occasionally grazed | good""","79","0.5529435553179907","0.306","0.1659126817032087","0.1400873182967913","1","7.2375519172233","43.49470664368795","49.26774143908875","""wood-grass""","17.53661292804556"
"16","10","[11.800632928067344 111.80063292806734 0]","""""","9.9","44.6203406574951","4","true","38","""done""","0.043985115239447814","170.89453232878623","19.30849966754447","38.995008768417215","41.696491564038304","""Clay""","""D""","""woods | used and managed but not planted | good""","77","0.5792342120381724","0.357","0.19237473543103914","0.16462526456896084","0.5547608660377402","0","46.08909633427316","53.91090366572684","""woodland""","17.30445481671366"
"17","10","[7.7074214811925685 107.70742148119257 0]","""""","9.9","43.01771210502667","2","true","1","""done""","0.0011830311456955123","174.4731944992602","17.93235293991891","42.04355572085588","40.024091339225215","""Silty clay""","""D""","""woods-grass combination or tree farm | lightly or only occasionally grazed | good""","79","0.5717084110265135","0.3485","0.1908988163752541","0.15760118362474587","0.8044389389938246","5.854940353061892","44.75493979863351","49.39011984830461","""wood-grass""","17.530494007584768"
"18","10","[5.374388593742168 105.37438859374217 0]","""""","9.9","42.10425205836071","8","true","1741","""done""","0.8726576952922491","185.61257385273478","22.641119054331742","41.149425101622874","36.20945584404539","""Clay loam""","""D""","""woods | used and managed but not planted | good""","77","0.5545425512982043","0.306","0.1644202854550094","0.1415797145449906","0.9464726973118607","0","0.020451193418850266","99.97954880658115","""woodland""","15.001022559670943"
"19","10","[6.674376488708589 106.67437648870859 0]","""""","9.9","42.61324059838036","32","true","40","""done""","0.046245768005522936","137.86861264573045","24.790882340577276","39.01898134388485","36.19013631553788","""Clay loam""","""D""","""woods | used and managed but not planted | good""","77","0.5544556134199204","0.306","0.16450142747474092","0.14149857252525908","1","0","45.84588808748224","54.15411191251776","""woodland""","17.29229440437411"
"20","10","[10.465030974156207 110.4650309741562 0]","""""","9.9","44.0974080277369","32","true","34","""done""","0.03944772195046786","155.63521232025994","27.57148493101921","37.71217907715817","34.716335991822625","""Clay loam""","""D""","""woods | used and managed but not planted | good""","77","0.5478235119632018","0.306","0.17069138883434498","0.135308611165655","1","0","46.576060400197704","53.423939599802296","""woodland""","17.328803020009886"
"21","10","[15.995122123643341 115.99512212364334 0]","""""","9.9","46.262622820314455","32","true","2","""done""","0.002364662728699396","186.74881916178035","19.968588702938586","40.051177078586655","39.98023421847474","""Silty clay loam""","""D""","""woods-grass combination or tree farm | lightly or only occasionally grazed | good""","79","0.5715110539831363","0.2365","0.0790830162824061","0.15741698371759388","0.6413119191462172","4.46554699695929","46.02194743691256","49.51250556612814","""wood-grass""","17.524374721693594"
"22","10","[18.617536858526506 118.6175368585265 0]","""""","9.9","47.289385494338184","64","true","14","""done""","0.01643567656304723","135.11076381922223","25.033016470810292","38.81468533612637","36.15229819306334","""Clay loam""","""D""","""woods | used and managed but not planted | good""","77","0.554285341868785","0.306","0.164660347589134","0.141339652410866","1","0","49.01882962762967","50.98117037237033","""woodland""","17.450941481381484"
"23","10","[22.635903694942627 122.63590369494263 0]","""""","9.9","48.862709890088546","32","true","11","""done""","0.012936639204113476","152.69138037953576","22.077612183421632","41.16535684879803","36.757030967780345","""Clay loam""","""D""","""woods | used and managed but not planted | good""","77","0.5570066393550115","0.306","0.16212046993532256","0.14387953006467744","1","0","49.385936088390636","50.614063911609364","""woodland""","17.469296804419532"
"24","10","[28.558964009871318 128.55896400987132 0]","""""","9.9","51.18178519364879","32","true","7","""done""","0.008251885085253763","159.42206858361791","21.527808887243943","41.34794435412129","37.12424675863476","""Clay loam""","""D""","""woods | used and managed but not planted | good""","77","0.5586591104138564","0.306","0.160578163613734","0.145421836386266","1","0","49.87550754506712","50.12449245493288","""woodland""","17.493775377253357"
"25","10","[32.74741500068018 132.74741500068018 0]","""""","9.9","52.82170319827815","32","false","0","""done""","0","160.3904643080376","23.276887980028615","42.777348916542785","33.9457631034286","""Clay loam""","""D""","""woods-grass combination or tree farm | lightly or only occasionally grazed | good""","79","0.5443559339654287","0.306","0.1739277949655999","0.1320722050344001","1","7.2375519172233","43.49470664368795","49.26774143908875","""wood-grass""","17.53661292804556"
"26","10","[37.82261191105178 137.82261191105178 0]","""""","9.9","54.80881175192281","64","true","38","""done""","0.043985115239447814","212.79040734589424","24.278015111135698","36.41054823280708","39.31143665605723","""Clay loam""","""D""","""woods | used and managed but not planted | good""","77","0.5685014649522575","0.306","0.15139196604455965","0.15460803395544034","0.8255881250503396","0","46.08909633427316","53.91090366572684","""woodland""","17.30445481671366"
"27","10","[42.0009804995006 142.0009804995006 0]","""""","9.9","56.44478216036532","64","false","0","""done""","0","173.03585865164055","20.853542097128372","42.356238920298814","36.7902189825728","""Clay loam""","""D""","""woods-grass combination or tree farm | lightly or only occasionally grazed | good""","79","0.5571559854215776","0.306","0.16198108027319424","0.14401891972680575","1","7.2375519172233","43.49470664368795","49.26774143908875","""wood-grass""","17.53661292804556"
"28","10","[46.109664892395585 146.10966489239559 0]","""""","9.9","58.05346888632532","64","true","3","""done""","0.003544896404737763","142.6358096165116","18.50925298230785","41.958641355640275","39.532105662051876","""Silty clay loam""","""D""","""woods-grass combination or tree farm | lightly or only occasionally grazed | good""","79","0.5694944754792335","0.2365","0.08096515621938213","0.15553484378061785","0.8396506034279013","3.0709855053506487","47.29411736840723","49.63489712624213","""wood-grass""","17.518255143687888"
"29","10","[51.05312188827807 151.05312188827807 0]","""""","9.9","59.988996877568","32","true","1","""done""","0.0011830311456955123","112.51402660006879","22.65240844319912","40.14325261311911","37.20433894368178","""Clay loam""","""D""","""woods-grass combination or tree farm | lightly or only occasionally grazed | good""","79","0.559019525246568","0.306","0.16024177643653653","0.14575822356346346","1","5.854940353061892","44.75493979863351","49.39011984830461","""wood-grass""","17.530494007584768"
"30","10","[53.90603823457502 153.90603823457502 0]","""""","9.9","61.106008606309814","64","true","90","""done""","0.10105716436903722","172.94470554860902","25.44201393158065","42.65352605250435","31.904460015914992","""Clay loam""","""D""","""woods | used and managed but not planted | good""","77","0.5351700700716174","0.306","0.18250126793315702","0.12349873206684296","1","0","39.85885971052645","60.14114028947355","""woodland""","16.99294298552632"
"31","10","[58.42797584329483 158.42797584329483 0]","""""","9.9","62.876497724273264","32","true","35","""done""","0.040584085212469256","168.6766345724501","22.121510410357455","42.170793750462884","35.70769583917965","""Clay loam""","""D""","""woods | used and managed but not planted | good""","77","0.5522846312763084","0.306","0.16652767747544547","0.13947232252455452","1","0","46.454254522102936","53.545745477897064","""woodland""","17.322712726105145"
"32","10","[62.1866352944146 162.1866352944146 0]","""""","9.9","64.34813803251316","32","true","34","""done""","0.03944772195046786","159.93467985337975","24.47090679328909","40.210821144057086","35.31827206265383","""Clay loam""","""D""","""woods | used and managed but not planted | good""","77","0.5505322242819423","0.306","0.16816325733685392","0.13783674266314608","1","0","46.576060400197704","53.423939599802296","""woodland""","17.328803020009886"
"33","10","[66.0079601833036 166.0079601833036 0]","""""","9.9","65.84431394589473","32","true","33","""done""","0.03831001274303936","175.16510245637932","22.461421630486807","39.26676902165894","38.27180934785425","""Clay loam""","""D""","""woods | used and managed but not planted | good""","77","0.5638231420653441","0.306","0.15575840073901215","0.15024159926098785","1","0","46.697907123351655","53.302092876648345","""woodland""","17.334895356167586"
"34","10","[70.18784862738255 170.18784862738255 0]","""""","9.9","67.4808794284154","32","true","32","""done""","0.0371709559960024","142.651156726785","22.90884919601677","39.06523047154798","38.02592033243525","""Clay loam""","""D""","""woods | used and managed but not planted | good""","77","0.5627166414959586","0.306","0.15679113460377198","0.14920886539622802","1","0","46.8197932509978","53.1802067490022","""woodland""","17.34098966254989"
"35","10","[74.88806277226206 174.88806277226206 0]","""""","9.9","69.32116974546004","32","true","2","""done""","0.002364662728699396","193.17377268998746","20.535737826969985","40.214203568636584","39.25005860439344","""Clay loam""","""D""","""woods-grass combination or tree farm | lightly or only occasionally grazed | good""","79","0.5682252637197704","0.306","0.15164975386154758","0.1543502461384524","0.9094259069595761","4.46554699695929","46.02194743691256","49.51250556612814","""wood-grass""","17.524374721693594"
"36","10","[79.44754187740176 179.44754187740176 0]","""""","9.9","71.10635760910174","32","true","1","""done""","0.0011830311456955123","158.95933315626786","22.936593588953148","41.31208320674251","35.75132320430434","""Clay loam""","""D""","""woods-grass combination or tree farm | lightly or only occasionally grazed | good""","79","0.5524809544193695","0.306","0.16634444254192177","0.13965555745807823","1","5.854940353061892","44.75493979863351","49.39011984830461","""wood-grass""","17.530494007584768"
"37","10","[85.32108812130627 185.32108812130627 0]","""""","9.9","73.40604650543571","32","false","0","""done""","0","155.6635211440022","24.77432901231802","39.049757996204086","36.17591299147788","""Clay loam""","""D""","""woods-grass combination or tree farm | lightly or only occasionally grazed | good""","79","0.5543916084616505","0.306","0.1645611654357929","0.14143883456420708","1","7.2375519172233","43.49470664368795","49.26774143908875","""wood-grass""","17.53661292804556"
"38","10","[88.08080535499272 188.08080535499272 0]","""""","9.9","74.48656767880973","64","true","32","""done""","0.0371709559960024","167.68979088266468","22.17520693328545","39.78718490266501","38.03760816404954","""Clay loam""","""D""","""woods | used and managed but not planted | good""","77","0.5627692367382229","0.306","0.15674204571099196","0.14925795428900804","1","0","46.8197932509978","53.1802067490022","""woodland""","17.34098966254989"
"39","10","[92.65458809190534 192.65458809190534 0]","""""","9.9","76.2773558904864","32","true","30","""done""","0.03488879349693452","127.435728447534","20.143369850976136","39.27883867612019","40.577791472903684","""Clay""","""D""","""woods | used and managed but not planted | good""","77","0.5742000616280666","0.357","0.19707327581380454","0.15992672418619544","0.7439483409463463","0","47.063677948182715","52.936322051817285","""woodland""","17.353183897409135"
"40","10","[96.28365644793388 196.28365644793388 0]","""""","9.9","77.698256970657","32","true","26","""done""","0.030308227669653354","126.55360713799021","21.38085302963623","41.51552638671539","37.103620583648365","""Clay loam""","""D""","""woods | used and managed but not planted | good""","77","0.5585662926264177","0.306","0.16066479354867688","0.1453352064513231","1","0","47.551856611550924","52.448143388449076","""woodland""","17.377592830577544"
"41","10","[101.05648874122744 201.05648874122744 0]","""""","9.9","79.56697971040596","32","true","25","""done""","0.02915969334938906","177.02314485476785","26.785411780390493","37.67537252989872","35.53921568971078","""Clay loam""","""D""","""woods | used and managed but not planted | good""","77","0.5515264706036985","0.306","0.16723529410321475","0.13876470589678525","0.9923969748335608","0","47.67397808568956","52.32602191431044","""woodland""","17.38369890428448"
"42","10","[104.99968704874433 204.99968704874433 0]","""""","9.9","81.11087312458488","32","true","14","""done""","0.01643567656304723","183.04828375230966","26.81620347360551","38.94050362253518","34.24329290385931","""Clay loam""","""D""","""woods | used and managed but not planted | good""","77","0.5456948180673669","0.306","0.1726781698037909","0.1333218301962091","0.9597316611124914","0","49.01882962762967","50.98117037237033","""woodland""","17.450941481381484"
"43","10","[109.49606250163413 209.49606250163413 0]","""""","9.9","82.8713538075267","32","true","10","""done""","0.011767529412220479","161.85310058883417","26.986944817066824","37.445406506454574","35.56764867647862","""Clay loam""","""D""","""woods | used and managed but not planted | good""","77","0.5516544190441538","0.306","0.16711587555878982","0.13888412444121018","1","0","49.508321580567106","50.491678419432894","""woodland""","17.475416079028356"
"44","10","[113.41165517158737 213.41165517158737 0]","""""","9.9","84.40443869555378","64","false","0","""done""","0","167.58114221460178","22.73501558561538","39.41363518292584","37.85134923145877","""Clay loam""","""D""","""woods-grass combination or tree farm | lightly or only occasionally grazed | good""","79","0.5619310715415644","0.306","0.15752433322787318","0.1484756667721268","1","7.2375519172233","43.49470664368795","49.26774143908875","""wood-grass""","17.53661292804556"
"45","10","[117.43430175990676 217.43430175990676 0]","""""","9.9","85.97943875665558","64","true","2","""done""","0.002364662728699396","157.90100246751706","23.267158579367518","40.91570855585964","35.817132864772844","""Clay loam""","""D""","""woods-grass combination or tree farm | lightly or only occasionally grazed | good""","79","0.5527770978914778","0.306","0.16606804196795408","0.13993195803204592","1","4.46554699695929","46.02194743691256","49.51250556612814","""wood-grass""","17.524374721693594"
"46","10","[121.87972414543557 221.87972414543557 0]","""""","9.9","87.71996961739828","64","true","5","""done""","0.005901176649031781","152.94732025771785","22.43005781795154","40.690318337331654","36.87962384471682","""Clay loam""","""D""","""woods-grass combination or tree farm | lightly or only occasionally grazed | good""","79","0.5575583073012257","0.306","0.16160557985218937","0.14439442014781062","1","0.2729377906510422","49.84737030260629","49.87969190674267","""wood-grass""","17.506015404662865"
"47","10","[125.86725818795043 225.86725818795043 0]","""""","9.9","89.28122194785226","32","true","2","""done""","0.002364662728699396","154.200711052048","24.058153565673262","43.750007585739425","32.19183884858731","""Clay loam""","""D""","""woods-grass combination or tree farm | lightly or only occasionally grazed | good""","79","0.5364632748186429","0.306","0.1812942768359333","0.12470572316406671","1","4.46554699695929","46.02194743691256","49.51250556612814","""wood-grass""","17.524374721693594"
"48","10","[129.81035842803396 229.81035842803396 0]","""""","9.9","90.82507696536618","32","false","0","""done""","0","183.01549869928806","24.747843435348145","38.79107761781066","36.4610789468412","""Clay loam""","""D""","""woods-grass combination or tree farm | lightly or only occasionally grazed | good""","79","0.5556748552607854","0.306","0.163363468423267","0.142636531576733","0.9599035856413958","7.2375519172233","43.49470664368795","49.26774143908875","""wood-grass""","17.53661292804556"
"49","10","[133.4937333578664 233.4937333578664 0]","""""","9.9","92.26724087715309","2","false","0","""done""","0","105.56380672723992","20.59829466517561","45.658937249125685","33.7427680856987","""Clay loam""","""D""","""woods-grass combination or tree farm | lightly or only occasionally grazed | good""","79","0.5434424563856441","0.306","0.17478037404006547","0.13121962595993453","1","7.2375519172233","43.49470664368795","49.26774143908875","""wood-grass""","17.53661292804556"
"0","9","[76.0405861585339 176.0405861585339 0]","""""","9.9","69.77242102094377","32","false","0","""done""","0","152.99738702564025","23.560098145250958","41.241244884359006","35.19865697039003","""Clay loam""","""D""","""woods-grass combination or tree farm | lightly or only occasionally grazed | good""","79","0.5499939563667551","0.306","0.16866564072436188","0.1373343592756381","1","7.2375519172233","43.49470664368795","49.26774143908875","""wood-grass""","17.53661292804556"
"1","9","[71.70344597920399 171.703445979204 0]","""""","9.9","68.07428624885443","4","false","0","""done""","0","182.3270825482752","24.78573055210176","35.79558108284307","39.418688365055175","""Clay loam""","""D""","""woods-grass combination or tree farm | lightly or only occasionally grazed | good""","79","0.5689840976427483","0.306","0.15094150886676827","0.15505849113323172","0.963527913539012","7.2375519172233","43.49470664368795","49.26774143908875","""wood-grass""","17.53661292804556"
"2","9","[68.18017127742507 168.18017127742507 0]","""""","9.9","66.69480690640029","4","true","1","""done""","0.0011830311456955123","135.79056738141546","21.854130785471476","41.68798008605242","36.4578891284761","""Clay loam""","""D""","""woods-grass combination or tree farm | lightly or only occasionally grazed | good""","79","0.5556605010781425","0.306","0.1633768656604004","0.14262313433959958","1","5.854940353061892","44.75493979863351","49.39011984830461","""wood-grass""","17.530494007584768"
"3","9","[64.17531983433304 164.17531983433304 0]","""""","9.9","65.12677423709019","4","true","2","""done""","0.002364662728699396","135.69272212557323","23.039766991004782","39.07171043929148","37.88852256970373","""Clay loam""","""D""","""woods-grass combination or tree farm | lightly or only occasionally grazed | good""","79","0.5620983515636668","0.306","0.15736820520724434","0.14863179479275565","1","4.46554699695929","46.02194743691256","49.51250556612814","""wood-grass""","17.524374721693594"
"4","9","[60.671754575667876 160.67175457566788 0]","""""","9.9","63.755011797780995","2","true","1","""done""","0.0011830311456955123","153.93998329120205","23.585824785510354","42.724589830182026","33.68958538430762","""Clay loam""","""D""","""woods-grass combination or tree farm | lightly or only occasionally grazed | good""","79","0.5432031342293843","0.306","0.17500374138590802","0.13099625861409198","1","5.854940353061892","44.75493979863351","49.39011984830461","""wood-grass""","17.530494007584768"
"5","9","[56.16801785542975 156.16801785542975 0]","""""","9.9","61.991648933601326","2","true","8","""done""","0.009425153993882662","156.6155590385684","20.48494925144275","39.75752537427863","39.75752537427863","""Clay loam""","""D""","""woods | used and managed but not planted | good""","77","0.5705088641842538","0.306","0.14951839342802978","0.15648160657197022","1","0","49.753108775600275","50.246891224399725","""woodland""","17.487655438780013"
"6","9","[51.47922078917881 151.4792207891788 0]","""""","9.9","60.15582878293666","4","true","10","""done""","0.011767529412220479","155.62989574252703","24.73452105309118","39.54761957435751","35.71785937255131","""Clay loam""","""D""","""woods | used and managed but not planted | good""","77","0.5523303671764809","0.306","0.16648499063528452","0.13951500936471548","1","0","49.508321580567106","50.491678419432894","""woodland""","17.475416079028356"
"7","9","[48.149548742691906 148.1495487426919 0]","""""","9.9","58.852151325440495","4","false","0","""done""","0","142.21277614221165","25.407346909019626","40.26390825023338","34.328744840747","""Clay loam""","""D""","""woods-grass combination or tree farm | lightly or only occasionally grazed | good""","79","0.5460793517833615","0.306","0.17231927166886263","0.13368072833113737","1","7.2375519172233","43.49470664368795","49.26774143908875","""wood-grass""","17.53661292804556"
"8","9","[44.42061077232617 144.42061077232617 0]","""""","9.9","57.39214796640205","4","true","14","""done""","0.01643567656304723","176.52882717250915","25.82732221634985","36.02634055373546","38.146337229914685","""Clay loam""","""D""","""woods | used and managed but not planted | good""","77","0.5632585175346161","0.306","0.15628538363435834","0.14971461636564165","0.9951758941768637","0","49.01882962762967","50.98117037237033","""woodland""","17.450941481381484"
"9","9","[40.3139343725029 140.3139343725029 0]","""""","9.9","55.78424743657965","4","false","0","""done""","0","158.0333005388683","22.4814550096585","43.544231903802995","33.974313086538494","""Clay loam""","""D""","""woods-grass combination or tree farm | lightly or only occasionally grazed | good""","79","0.5444844088894232","0.306","0.17380788503653832","0.13219211496346167","1","7.2375519172233","43.49470664368795","49.26774143908875","""wood-grass""","17.53661292804556"
"10","9","[37.878286594140434 137.87828659414043 0]","""""","9.9","54.83061024387115","4","false","0","""done""","0","164.77360421427022","26.894958215009535","36.42781919653423","36.67722258845623","""Clay loam""","""D""","""woods-grass combination or tree farm | lightly or only occasionally grazed | good""","79","0.556647501648053","0.306","0.16245566512848383","0.14354433487151616","1","7.2375519172233","43.49470664368795","49.26774143908875","""wood-grass""","17.53661292804556"
"11","9","[33.36461119164545 133.36461119164545 0]","""""","9.9","53.063356054709736","4","true","10","""done""","0.011767529412220479","172.443304249608","25.67980806581066","41.74954809987181","32.57064383431753","""Clay loam""","""D""","""woods | used and managed but not planted | good""","77","0.5381678972544288","0.306","0.1797032958958664","0.1262967041041336","1","0","49.508321580567106","50.491678419432894","""woodland""","17.475416079028356"
"12","9","[29.007332463159003 129.007332463159 0]","""""","9.9","51.35733637017391","4","true","4","""done""","0.004723733827578291","185.47121061473902","22.08460290348782","43.97973855691445","33.93565853959773","""Clay loam""","""D""","""woods-grass combination or tree farm | lightly or only occasionally grazed | good""","79","0.5443104634281898","0.306","0.17397023413368953","0.13202976586631046","0.9471940839072417","1.672896220173925","48.569810717776754","49.75729306204932","""wood-grass""","17.512135346897534"
"13","9","[24.667144391943168 124.66714439194317 0]","""""","9.9","49.658008246940945","4","true","1","""done""","0.0011830311456955123","117.91688656484212","24.927445951548016","37.384149482377175","37.688404566074816","""Clay loam""","""D""","""woods-grass combination or tree farm | lightly or only occasionally grazed | good""","79","0.5611978205473367","0.306","0.15820870082248578","0.1477912991775142","1","5.854940353061892","44.75493979863351","49.39011984830461","""wood-grass""","17.530494007584768"
"14","9","[19.32689966934106 119.32689966934106 0]","""""","9.9","47.56712465084784","4","true","1","""done""","0.0011830311456955123","184.4172017436209","22.56571001963486","40.30140918716333","37.13288079320181","""Clay loam""","""D""","""woods-grass combination or tree farm | lightly or only occasionally grazed | good""","79","0.5586979635694082","0.306","0.16054190066855242","0.14545809933144757","0.9526076297026973","5.854940353061892","44.75493979863351","49.39011984830461","""wood-grass""","17.530494007584768"
"15","9","[14.718854422372743 114.71885442237274 0]","""""","9.9","45.76292152581837","2","true","1","""done""","0.0011830311456955123","144.0602695346711","25.973259996601595","40.04488913856839","33.981850864830015","""Clay loam""","""D""","""woods-grass combination or tree farm | lightly or only occasionally grazed | good""","79","0.544518328891735","0.306","0.17377622636771395","0.13222377363228605","1","5.854940353061892","44.75493979863351","49.39011984830461","""wood-grass""","17.530494007584768"
"16","9","[10.546752134213506 110.5467521342135 0]","""""","9.9","44.129404582556624","2","true","2","""done""","0.002364662728699396","170.3690591654929","23.62253711759088","40.60938176916286","35.76808111324626","""Clay loam""","""D""","""woods-grass combination or tree farm | lightly or only occasionally grazed | good""","79","0.5525563650096081","0.306","0.16627405932436573","0.13972594067563426","1","4.46554699695929","46.02194743691256","49.51250556612814","""wood-grass""","17.524374721693594"
"17","9","[5.746151789419756 105.74615178941976 0]","""""","9.9","42.24980972619258","8","true","42","""done""","0.04850107509025958","153.6238681509166","23.358757997714793","39.19838647942757","37.44285552285764","""Clay loam""","""D""","""woods | used and managed but not planted | good""","77","0.5600928498528593","0.306","0.1592400068039979","0.14675999319600208","1","0","45.60287761944638","54.39712238055362","""woodland""","17.280143880972318"
"18","9","[5.27617432995244 105.27617432995244 0]","""""","9.9","42.06579790434204","16","true","1750","""done""","0.8740071461380637","239.44135809126294","19.66838952417381","45.44789277737155","34.88371769845463","""Silty clay loam""","""D""","""woods | used and managed but not planted | good""","77","0.5485767296430458","0.2365","0.10048838566649054","0.13601161433350945","0.5001819425417857","0","0.01956976685467282","99.98043023314533","""woodland""","15.000978488342733"
"19","9","[9.366336304288666 109.36633630428867 0]","""""","9.9","43.66723248678873","32","true","1","""done""","0.0011830311456955123","164.20535691605613","22.017680301055673","42.399496748128286","35.582822950816045","""Clay loam""","""D""","""woods-grass combination or tree farm | lightly or only occasionally grazed | good""","79","0.5517227032786722","0.306","0.1670521436065726","0.13894785639342738","1","5.854940353061892","44.75493979863351","49.39011984830461","""wood-grass""","17.530494007584768"
"20","9","[13.850298620365038 113.85029862036504 0]","""""","9.9","45.422853013410474","64","true","4","""done""","0.004723733827578291","173.4028245263054","23.354914704869202","38.26166472746875","38.38342056766204","""Clay loam""","""D""","""woods-grass combination or tree farm | lightly or only occasionally grazed | good""","79","0.5643253925544792","0.306","0.15528963361581943","0.15071036638418056","1","1.672896220173925","48.569810717776754","49.75729306204932","""wood-grass""","17.512135346897534"
"21","9","[18.368602391509427 118.36860239150943 0]","""""","9.9","47.19191936298558","64","true","30","""done""","0.03488879349693452","153.04052486547738","24.039498485833143","40.887321567485046","35.07317994668181","""Clay loam""","""D""","""woods | used and managed but not planted | good""","77","0.5494293097600682","0.306","0.1691926442239364","0.1368073557760636","1","0","47.063677948182715","52.936322051817285","""woodland""","17.353183897409135"
"22","9","[21.350923466117052 121.35092346611705 0]","""""","9.9","48.3595973509976","64","true","1","""done""","0.0011830311456955123","145.97922693619122","20.97337561687809","39.8846017685897","39.14202261453221","""Clay loam""","""D""","""woods-grass combination or tree farm | lightly or only occasionally grazed | good""","79","0.567739101765395","0.306","0.15210350501896475","0.15389649498103525","1","5.854940353061892","44.75493979863351","49.39011984830461","""wood-grass""","17.530494007584768"
"23","9","[25.848123310140664 125.84812331014066 0]","""""","9.9","50.1204008105139","64","true","1","""done""","0.0011830311456955123","128.25286662324623","21.928762185271896","39.92375423470108","38.14748358002702","""Clay loam""","""D""","""woods-grass combination or tree farm | lightly or only occasionally grazed | good""","79","0.5632636761101216","0.306","0.15628056896388653","0.14971943103611346","1","5.854940353061892","44.75493979863351","49.39011984830461","""wood-grass""","17.530494007584768"
"24","9","[31.557354430355645 131.55735443035564 0]","""""","9.9","52.3557548655515","64","true","2","""done""","0.002364662728699396","167.01749030448255","24.237069130523967","37.47590318959303","38.28702767988299","""Clay loam""","""D""","""woods-grass combination or tree farm | lightly or only occasionally grazed | good""","79","0.5638916245594734","0.306","0.15569448374449146","0.15030551625550853","1","4.46554699695929","46.02194743691256","49.51250556612814","""wood-grass""","17.524374721693594"
"25","9","[34.61828111898211 134.6182811189821 0]","""""","9.9","53.55420956838657","64","true","5","""done""","0.005901176649031781","156.78956912444124","28.515802586591935","37.36243902799703","34.12175838541104","""Clay loam""","""D""","""woods-grass combination or tree farm | lightly or only occasionally grazed | good""","79","0.5451479127343497","0.306","0.17318861478127365","0.13281138521872635","1","0.2729377906510422","49.84737030260629","49.87969190674267","""wood-grass""","17.506015404662865"
"26","9","[39.848105975404195 139.8481059754042 0]","""""","9.9","55.60186011077683","32","true","2","""done""","0.002364662728699396","181.89651238605077","23.070477499868804","42.4570564753967","34.47246602473449","""Clay loam""","""D""","""woods-grass combination or tree farm | lightly or only occasionally grazed | good""","79","0.5467260971113052","0.306","0.17171564269611517","0.13428435730388483","0.9658086959718262","4.46554699695929","46.02194743691256","49.51250556612814","""wood-grass""","17.524374721693594"
"27","9","[43.560034995389344 143.56003499538934 0]","""""","9.9","57.05520389948004","64","true","37","""done""","0.0428527802674884","169.1885327108435","25.13691067476674","34.605579733991924","40.257509591241345","""Clay""","""D""","""woods | used and managed but not planted | good""","77","0.572758793160586","0.357","0.19841845971678634","0.15858154028321364","0.5603547547626189","0","46.21077105356945","53.78922894643055","""woodland""","17.310538552678473"
"28","9","[48.371035985085 148.371035985085 0]","""""","9.9","58.938870954581006","32","false","0","""done""","0","132.30154948814624","20.33907059989778","43.90324398187042","35.75768541823181","""Clay loam""","""D""","""woods-grass combination or tree farm | lightly or only occasionally grazed | good""","79","0.5525095843820431","0.306","0.16631772124342642","0.13968227875657357","1","7.2375519172233","43.49470664368795","49.26774143908875","""wood-grass""","17.53661292804556"
"29","9","[53.51220558441915 153.51220558441915 0]","""""","9.9","60.95181001231438","64","false","0","""done""","0","164.74347104398282","23.802425191690595","37.95251943079488","38.24505537751451","""Clay loam""","""D""","""woods-grass combination or tree farm | lightly or only occasionally grazed | good""","79","0.5637027491988154","0.306","0.15587076741443906","0.15012923258556093","1","7.2375519172233","43.49470664368795","49.26774143908875","""wood-grass""","17.53661292804556"
"30","9","[56.94580475208315 156.94580475208315 0]","""""","9.9","62.296178397688564","64","false","0","""done""","0","157.16127043357534","26.208591435665237","38.01961003073803","35.77179853359673","""Clay loam""","""D""","""woods-grass combination or tree farm | lightly or only occasionally grazed | good""","79","0.5525730934011852","0.306","0.16625844615889374","0.13974155384110626","1","7.2375519172233","43.49470664368795","49.26774143908875","""wood-grass""","17.53661292804556"
"31","9","[59.679627229158996 159.679627229159 0]","""""","9.9","63.366560911762434","64","true","53","""done""","0.060810273384918734","189.10943543386836","25.21155751406678","36.52789615087838","38.26054633505484","""Clay loam""","""D""","""woods | used and managed but not planted | good""","77","0.5637724585077468","0.306","0.1558057053927697","0.1501942946072303","0.9289712754223162","0","44.27036246987136","55.72963753012864","""woodland""","17.213518123493568"
"32","9","[63.504234701926805 163.5042347019268 0]","""""","9.9","64.86402206601619","32","true","52","""done""","0.059697866674831124","183.39924714243787","21.65802219424745","42.191534516352334","36.15044328940021","""Clay loam""","""D""","""woods | used and managed but not planted | good""","77","0.554276994802301","0.306","0.16466813818451914","0.14133186181548085","0.9578950631839525","0","44.391189339961926","55.608810660038074","""woodland""","17.2195594669981"
"33","9","[67.31853302614763 167.31853302614763 0]","""""","9.9","66.3574468454021","32","true","1","""done""","0.0011830311456955123","159.73114375941782","26.725928536477532","38.64777678886285","34.62629467465961","""Clay loam""","""D""","""woods-grass combination or tree farm | lightly or only occasionally grazed | good""","79","0.5474183260359682","0.306","0.17106956236642964","0.13493043763357035","1","5.854940353061892","44.75493979863351","49.39011984830461","""wood-grass""","17.530494007584768"
"34","9","[72.00414426514732 172.00414426514732 0]","""""","9.9","68.19201963863546","32","false","0","""done""","0","157.36432968628415","28.490852752694806","35.467096324352774","36.04205092295242","""Clay loam""","""D""","""woods-grass combination or tree farm | lightly or only occasionally grazed | good""","79","0.5537892291532859","0.306","0.16512338612359984","0.14087661387640016","1","7.2375519172233","43.49470664368795","49.26774143908875","""wood-grass""","17.53661292804556"
"35","9","[76.04574711356742 176.04574711356742 0]","""""","9.9","69.77444170665768","64","true","28","""done""","0.032601221662009294","178.70746509447892","23.07101425219722","44.24789729581956","32.68108845198322","""Clay loam""","""D""","""woods | used and managed but not planted | good""","77","0.5386648980339245","0.306","0.1792394285016705","0.1267605714983295","0.9830436201225167","0","47.30770293090386","52.69229706909614","""woodland""","17.365385146545194"
"36","9","[81.19340014536093 181.19340014536093 0]","""""","9.9","71.78991924404505","32","true","26","""done""","0.030308227669653354","156.9976492533282","26.7501144490709","37.84134133744165","35.40854421348745","""Clay loam""","""D""","""woods | used and managed but not planted | good""","77","0.5509384489606935","0.306","0.16778411430335272","0.13821588569664728","1","0","47.551856611550924","52.448143388449076","""woodland""","17.377592830577544"
"37","9","[85.84042998132162 185.84042998132162 0]","""""","9.9","73.60938613353827","32","true","1","""done""","0.0011830311456955123","159.374047218919","23.61956708548427","40.742046173330756","35.63838674118498","""Clay loam""","""D""","""woods-grass combination or tree farm | lightly or only occasionally grazed | good""","79","0.5519727403353324","0.306","0.1668187756870231","0.1391812243129769","1","5.854940353061892","44.75493979863351","49.39011984830461","""wood-grass""","17.530494007584768"
"38","9","[90.96964334189079 190.9696433418908 0]","""""","9.9","75.61764392574858","32","false","0","""done""","0","159.5554933018447","26.625078966009923","37.89748617668507","35.477434857305006","""Clay loam""","""D""","""woods-grass combination or tree farm | lightly or only occasionally grazed | good""","79","0.5512484568578725","0.306","0.167494773599319","0.138505226400681","1","7.2375519172233","43.49470664368795","49.26774143908875","""wood-grass""","17.53661292804556"
"39","9","[94.79803625583673 194.79803625583673 0]","""""","9.9","77.11658720624833","64","false","0","""done""","0","180.8597092862469","22.715010897227657","39.771314894851876","37.51367420792046","""Clay loam""","""D""","""woods-grass combination or tree farm | lightly or only occasionally grazed | good""","79","0.560411533935642","0.306","0.1589425683267341","0.1470574316732659","0.9713453268430849","7.2375519172233","43.49470664368795","49.26774143908875","""wood-grass""","17.53661292804556"
"40","9","[97.6084065801731 197.6084065801731 0]","""""","9.9","78.21694075095226","64","true","2","""done""","0.002364662728699396","151.63929165881808","25.004947508833407","36.527243819360685","38.46780867180592","""Clay loam""","""D""","""woods-grass combination or tree farm | lightly or only occasionally grazed | good""","79","0.5647051390231266","0.306","0.15493520357841514","0.15106479642158485","1","4.46554699695929","46.02194743691256","49.51250556612814","""wood-grass""","17.524374721693594"
"41","9","[103.0002023465774 203.0002023465774 0]","""""","9.9","80.32800829692904","32","true","1","""done""","0.0011830311456955123","172.81044384501746","24.175875524010983","39.42305718184434","36.401067294144674","""Clay loam""","""D""","""woods-grass combination or tree farm | lightly or only occasionally grazed | good""","79","0.555404802823651","0.306","0.16361551736459237","0.14238448263540762","1","5.854940353061892","44.75493979863351","49.39011984830461","""wood-grass""","17.530494007584768"
"42","9","[107.36418949899345 207.36418949899345 0]","""""","9.9","82.03665455276986","64","true","9","""done""","0.010597034888850443","194.2572424871125","21.53206489898801","41.440340150163706","37.027594950848275","""Clay loam""","""D""","""woods | used and managed but not planted | good""","77","0.5582241772788172","0.306","0.16098410120643725","0.14501589879356275","0.90435358383639","0","49.63071296516659","50.36928703483341","""woodland""","17.48153564825833"
"43","9","[111.57171427139713 211.57171427139713 0]","""""","9.9","83.68404057789711","64","true","2","""done""","0.002364662728699396","149.63675890306524","22.162508517654437","41.87710152268068","35.96038995966489","""Clay loam""","""D""","""woods-grass combination or tree farm | lightly or only occasionally grazed | good""","79","0.553421754818492","0.306","0.1654663621694075","0.1405336378305925","1","4.46554699695929","46.02194743691256","49.51250556612814","""wood-grass""","17.524374721693594"
"44","9","[114.37372408363623 214.37372408363623 0]","""""","9.9","84.78112070377716","64","true","9","""done""","0.010597034888850443","153.09591756156863","20.612132092580428","39.22888553464059","40.158982372778986","""Clay""","""D""","""woods | used and managed but not planted | good""","77","0.5723154206775054","0.357","0.19883227403432827","0.15816772596567172","0.6192562170555937","0","49.63071296516659","50.36928703483341","""woodland""","17.48153564825833"
"45","9","[119.99558600598004 219.99558600598004 0]","""""","9.9","86.98226680915668","32","false","0","""done""","0","145.11978337520307","22.54213175773302","43.0255217468257","34.43234649544129","""Clay loam""","""D""","""woods-grass combination or tree farm | lightly or only occasionally grazed | good""","79","0.5465455592294858","0.306","0.17188414471914662","0.13411585528085337","1","7.2375519172233","43.49470664368795","49.26774143908875","""wood-grass""","17.53661292804556"
"46","9","[123.71610386800592 223.71610386800592 0]","""""","9.9","88.4389734154582","64","true","1","""done""","0.0011830311456955123","159.3444399282808","24.499869096405014","38.48946900886816","37.01066189472682","""Clay loam""","""D""","""woods-grass combination or tree farm | lightly or only occasionally grazed | good""","79","0.5581479785262706","0.306","0.16105522004214737","0.14494477995785263","1","5.854940353061892","44.75493979863351","49.39011984830461","""wood-grass""","17.530494007584768"
"47","9","[127.55579291688736 227.55579291688736 0]","""""","9.9","89.94233950885562","64","true","1","""done""","0.0011830311456955123","141.93386853619637","20.748361794044172","42.241034762536344","37.0106034434195","""Clay loam""","""D""","""woods-grass combination or tree farm | lightly or only occasionally grazed | good""","79","0.5581477154953878","0.306","0.1610554655376381","0.14494453446236188","1","5.854940353061892","44.75493979863351","49.39011984830461","""wood-grass""","17.530494007584768"
"48","9","[130.56221293263437 230.56221293263437 0]","""""","9.9","91.1194530346246","64","false","0","""done""","0","190.30062171130027","25.750450647076523","39.47939126413748","34.770158088786","""Clay loam""","""D""","""woods-grass combination or tree farm | lightly or only occasionally grazed | good""","79","0.548065711399537","0.306","0.17046533602709882","0.13553466397290118","0.9231563819897017","7.2375519172233","43.49470664368795","49.26774143908875","""wood-grass""","17.53661292804556"
"49","9","[135.29584869252594 235.29584869252594 0]","""""","9.9","92.9728290266174","2","false","0","""done""","0","171.33063060251322","23.934606647480283","38.67954396106279","37.38584939145692","""Clay loam""","""D""","""woods-grass combination or tree farm | lightly or only occasionally grazed | good""","79","0.5598363222615561","0.306","0.15947943255588093","0.14652056744411907","1","7.2375519172233","43.49470664368795","49.26774143908875","""wood-grass""","17.53661292804556"
"0","8","[73.30338578977745 173.30338578977745 0]","""""","9.9","68.70071594982034","32","false","0","""done""","0","170.67985409673494","22.8078940761707","42.21426268794668","34.97784323588261","""Clay loam""","""D""","""woods-grass combination or tree farm | lightly or only occasionally grazed | good""","79","0.5490002945614717","0.306","0.16959305840929306","0.13640694159070693","1","7.2375519172233","43.49470664368795","49.26774143908875","""wood-grass""","17.53661292804556"
"1","8","[70.12955372408578 170.12955372408578 0]","""""","9.9","67.45805503302334","4","false","0","""done""","0","159.02716252840625","31.88309443833901","33.16636478916198","34.95054077249901","""Clay loam""","""D""","""woods-grass combination or tree farm | lightly or only occasionally grazed | good""","79","0.5488774334762455","0.306","0.16970772875550416","0.13629227124449583","1","7.2375519172233","43.49470664368795","49.26774143908875","""wood-grass""","17.53661292804556"
"2","8","[65.78816380395148 165.78816380395148 0]","""""","9.9","65.7582563459269","4","true","1","""done""","0.0011830311456955123","157.84187967574385","23.94860475027282","41.887588675267395","34.16380657445979","""Clay loam""","""D""","""woods-grass combination or tree farm | lightly or only occasionally grazed | good""","79","0.5453371295850691","0.306","0.1730120123872689","0.1329879876127311","1","5.854940353061892","44.75493979863351","49.39011984830461","""wood-grass""","17.530494007584768"
"3","8","[61.79729402621808 161.79729402621808 0]","""""","9.9","64.1956979640817","4","true","2","""done""","0.002364662728699396","161.6188403726066","21.708518635292382","42.42186744659136","35.86961391811627","""Clay loam""","""D""","""woods-grass combination or tree farm | lightly or only occasionally grazed | good""","79","0.5530132626315232","0.306","0.16584762154391167","0.14015237845608833","1","4.46554699695929","46.02194743691256","49.51250556612814","""wood-grass""","17.524374721693594"
"4","8","[58.96099157855227 158.96099157855227 0]","""""","9.9","63.08519112976315","4","true","3","""done""","0.003544896404737763","128.1071347390637","17.76807362037324","44.4132318251649","37.81869455446185","""Silty clay loam""","""D""","""woods-grass combination or tree farm | lightly or only occasionally grazed | good""","79","0.5617841254950783","0.2365","0.08816148287126024","0.14833851712873974","0.9348756715141138","3.0709855053506487","47.29411736840723","49.63489712624213","""wood-grass""","17.518255143687888"
"5","8","[54.91052482536958 154.91052482536958 0]","""""","9.9","61.499298547929655","2","false","0","""done""","0","103.17746529118564","20.256776309132857","40.69462323331726","39.04860045754989","""Clay loam""","""D""","""woods-grass combination or tree farm | lightly or only occasionally grazed | good""","79","0.5673187020589745","0.306","0.1524958780782905","0.1535041219217095","1","7.2375519172233","43.49470664368795","49.26774143908875","""wood-grass""","17.53661292804556"
"6","8","[49.82777163266209 149.8277716326621 0]","""""","9.9","59.509231458187074","2","true","1","""done""","0.0011830311456955123","182.43323247434554","22.17034692092173","38.79964403152374","39.030009047554536","""Clay loam""","""D""","""woods-grass combination or tree farm | lightly or only occasionally grazed | good""","79","0.5672350407139954","0.306","0.15257396200027096","0.15342603799972904","0.9629672787500448","5.854940353061892","44.75493979863351","49.39011984830461","""wood-grass""","17.530494007584768"
"7","8","[45.64986623309517 145.64986623309517 0]","""""","9.9","57.873442403612295","4","true","13","""done""","0.01527071114425227","146.63012942463763","21.235127613099408","39.07074804239332","39.69412434450726","""Clay loam""","""D""","""woods | used and managed but not planted | good""","77","0.5702235595502827","0.306","0.14978467775306953","0.15621532224693047","1","0","49.14118864617969","50.85881135382031","""woodland""","17.457059432308984"
"8","8","[42.147079445846714 142.1470794458467 0]","""""","9.9","56.50198476177958","2","true","1","""done""","0.0011830311456955123","153.92379959853363","25.972092374135126","39.983424385524266","34.04448324034061","""Clay loam""","""D""","""woods-grass combination or tree farm | lightly or only occasionally grazed | good""","79","0.5448001745815327","0.306","0.17351317039056943","0.13248682960943056","1","5.854940353061892","44.75493979863351","49.39011984830461","""wood-grass""","17.530494007584768"
"9","8","[37.56645877410773 137.56645877410773 0]","""""","9.9","54.70851927097016","4","true","17","""done""","0.01992231019702717","150.09786972300722","28.403694820499847","40.11348063280048","31.482824546699668","""Clay loam""","""D""","""woods | used and managed but not planted | good""","77","0.5332727104601485","0.306","0.1842721369038614","0.1217278630961386","1","0","48.65182896075311","51.34817103924689","""woodland""","17.432591448037655"
"10","8","[34.42943841698903 134.42943841698903 0]","""""","9.9","53.480271363613284","2","true","1","""done""","0.0011830311456955123","175.94826059703237","24.315105636403842","40.24054316761952","35.44435119597664","""Clay loam""","""D""","""woods-grass combination or tree farm | lightly or only occasionally grazed | good""","79","0.5510995803818949","0.306","0.16763372497689813","0.13836627502310186","0.9984596200796877","5.854940353061892","44.75493979863351","49.39011984830461","""wood-grass""","17.530494007584768"
"11","8","[30.186379064940212 130.1863790649402 0]","""""","9.9","51.81897236753929","4","true","3","""done""","0.003544896404737763","143.4416771676721","23.49672419421128","38.15904553210234","38.34423027368638","""Clay loam""","""D""","""woods-grass combination or tree farm | lightly or only occasionally grazed | good""","79","0.5641490362315886","0.306","0.15545423285051724","0.15054576714948276","1","3.0709855053506487","47.29411736840723","49.63489712624213","""wood-grass""","17.518255143687888"
"12","8","[26.79955954878166 126.79955954878166 0]","""""","9.9","50.49291977311561","4","true","11","""done""","0.012936639204113476","180.93621704774662","24.083569746493307","38.971206861999455","36.94522339150724","""Clay loam""","""D""","""woods | used and managed but not planted | good""","77","0.5578535052617826","0.306","0.1613300617556696","0.1446699382443304","0.970934599472896","0","49.385936088390636","50.614063911609364","""woodland""","17.469296804419532"
"13","8","[22.435801167255022 122.43580116725502 0]","""""","9.9","48.78436308869422","2","true","5","""done""","0.005901176649031781","160.14614973842615","28.00102911198058","39.649070456973945","32.349900431045484","""Clay loam""","""D""","""woods-grass combination or tree farm | lightly or only occasionally grazed | good""","79","0.5371745519397046","0.306","0.18063041818960898","0.125369581810391","1","0.2729377906510422","49.84737030260629","49.87969190674267","""wood-grass""","17.506015404662865"
"14","8","[16.659742574875338 116.65974257487534 0]","""""","9.9","46.522843853486854","4","true","8","""done""","0.009425153993882662","141.2309366123835","22.8985787467555","39.15197658389271","37.94944466935179","""Clay loam""","""D""","""woods | used and managed but not planted | good""","77","0.562372501012083","0.306","0.1571123323887225","0.1488876676112775","1","0","49.753108775600275","50.246891224399725","""woodland""","17.487655438780013"
"15","8","[12.359288956175334 112.35928895617533 0]","""""","9.9","44.8390730912515","4","true","2","""done""","0.002364662728699396","154.43534518422717","23.799488976719196","39.25810032971897","36.94241069356183","""Clay loam""","""D""","""woods-grass combination or tree farm | lightly or only occasionally grazed | good""","79","0.5578408481210282","0.306","0.16134187508704032","0.14465812491295968","1","4.46554699695929","46.02194743691256","49.51250556612814","""wood-grass""","17.524374721693594"
"16","8","[9.549077032629924 109.54907703262992 0]","""""","9.9","43.73878156573068","2","false","0","""done""","0","175.89875927894857","23.512674912012304","38.658536967428546","37.82878812055916","""Clay loam""","""D""","""woods-grass combination or tree farm | lightly or only occasionally grazed | good""","79","0.5618295465425163","0.306","0.15761908989365153","0.14838091010634846","0.9987406059573027","7.2375519172233","43.49470664368795","49.26774143908875","""wood-grass""","17.53661292804556"
"17","8","[5.020768207269157 105.02076820726916 0]","""""","9.9","41.96579790434204","8","true","1796","""done""","0.8806842259697989","257.526289732374","19.791783931769956","43.4578916061692","36.750324462060846","""Silty clay loam""","""D""","""woods | used and managed but not planted | good""","77","0.5569764600792738","0.2365","0.09264863725934447","0.14385136274065552","0.4650563782804171","0","0.015624002879874865","99.98437599712013","""woodland""","15.000781200143994"
"18","8","[7.391302166240479 107.39130216624048 0]","""""","9.9","42.89394086899248","32","false","0","""done""","0","149.39270694167007","21.56859918674828","42.11589628162568","36.31550453162604","""Clay loam""","""D""","""woods-grass combination or tree farm | lightly or only occasionally grazed | good""","79","0.5550197703923172","0.306","0.16397488096717064","0.14202511903282936","1","7.2375519172233","43.49470664368795","49.26774143908875","""wood-grass""","17.53661292804556"
"19","8","[11.977226311974746 111.97722631197475 0]","""""","9.9","44.68948284643408","64","true","5","""done""","0.005901176649031781","127.91643226947376","21.651753126828286","41.676654554351444","36.67159231882027","""Clay loam""","""D""","""woods-grass combination or tree farm | lightly or only occasionally grazed | good""","79","0.5566221654346912","0.306","0.16247931226095488","0.1435206877390451","1","0.2729377906510422","49.84737030260629","49.87969190674267","""wood-grass""","17.506015404662865"
"20","8","[17.493786096764623 117.49378609676462 0]","""""","9.9","46.84939965924706","64","false","0","""done""","0","193.97199172637096","26.881753770832997","39.22936444739642","33.888881781770586","""Clay loam""","""D""","""woods-grass combination or tree farm | lightly or only occasionally grazed | good""","79","0.5440999680179677","0.306","0.17416669651656355","0.13183330348343644","0.9056835054682335","7.2375519172233","43.49470664368795","49.26774143908875","""wood-grass""","17.53661292804556"
"21","8","[20.559724417487985 120.55972441748798 0]","""""","9.9","48.049816582895104","64","true","3","""done""","0.003544896404737763","178.80485407309186","21.861895217806524","38.064027799048496","40.07407698314499","""Clay""","""D""","""woods-grass combination or tree farm | lightly or only occasionally grazed | good""","79","0.5719333464241525","0.357","0.19918887667079105","0.15781112332920894","0.5302182608369088","3.0709855053506487","47.29411736840723","49.63489712624213","""wood-grass""","17.518255143687888"
"22","8","[24.2707255363367 124.2707255363367 0]","""""","9.9","49.50279706741176","64","true","29","""done""","0.033745684547090926","135.53804840194988","22.117414162357512","39.14757443532711","38.73501140231538","""Clay loam""","""D""","""woods | used and managed but not planted | good""","77","0.5659075513104193","0.306","0.15381295211027543","0.15218704788972456","1","0","47.185673627475296","52.814326372524704","""woodland""","17.359283681373768"
"23","8","[30.965913272098277 130.96591327209828 0]","""""","9.9","52.1241859618605","64","false","0","""done""","0","148.71850618591048","24.384574592880913","40.717327432107574","34.898097975011524","""Clay loam""","""D""","""woods-grass combination or tree farm | lightly or only occasionally grazed | good""","79","0.5486414408875518","0.306","0.1699279885049516","0.13607201149504838","1","7.2375519172233","43.49470664368795","49.26774143908875","""wood-grass""","17.53661292804556"
"24","8","[34.988898744222524 134.98889874422252 0]","""""","9.9","53.69931870725401","64","false","0","""done""","0","146.2113316184029","23.650112593928263","40.620173842518795","35.72971356355294","""Clay loam""","""D""","""woods-grass combination or tree farm | lightly or only occasionally grazed | good""","79","0.5523837110359883","0.306","0.16643520303307766","0.13956479696692234","1","7.2375519172233","43.49470664368795","49.26774143908875","""wood-grass""","17.53661292804556"
"25","8","[37.62219529861335 137.62219529861335 0]","""""","9.9","54.730341975892046","64","true","1","""done""","0.0011830311456955123","153.5508477126568","24.30426327842792","40.9426885732987","34.75304814827337","""Clay loam""","""D""","""woods-grass combination or tree farm | lightly or only occasionally grazed | good""","79","0.5479887166672301","0.306","0.17053719777725185","0.13546280222274815","1","5.854940353061892","44.75493979863351","49.39011984830461","""wood-grass""","17.530494007584768"
"26","8","[41.82125206504446 141.82125206504446 0]","""""","9.9","56.37441249476455","64","true","1","""done""","0.0011830311456955123","187.6808172790167","19.88900756592023","41.5532202534326","38.55777218064716","""Silty clay loam""","""D""","""woods-grass combination or tree farm | lightly or only occasionally grazed | good""","79","0.5651099748129123","0.2365","0.08505735684128193","0.15144264315871805","0.6381272489712311","5.854940353061892","44.75493979863351","49.39011984830461","""wood-grass""","17.530494007584768"
"27","8","[45.597339726375225 145.59733972637522 0]","""""","9.9","57.85287652752126","64","true","1","""done""","0.0011830311456955123","178.39650199585452","23.52274176980593","41.152858626482406","35.32439960371166","""Clay loam""","""D""","""woods-grass combination or tree farm | lightly or only occasionally grazed | good""","79","0.5505597982167025","0.306","0.16813752166441104","0.13786247833558896","0.984757164316356","5.854940353061892","44.75493979863351","49.39011984830461","""wood-grass""","17.530494007584768"
"28","8","[49.467232683000645 149.46723268300065 0]","""""","9.9","59.368068456347636","64","true","35","""done""","0.040584085212469256","193.7687311715671","25.008210927726264","38.6193874893306","36.37240158294314","""Clay loam""","""D""","""woods | used and managed but not planted | good""","77","0.5552758071232441","0.306","0.1637359133516388","0.14226408664836118","0.9066335541715774","0","46.454254522102936","53.545745477897064","""woodland""","17.322712726105145"
"29","8","[53.99956430913389 153.9995643091339 0]","""""","9.9","61.14262717816561","32","true","32","""done""","0.0371709559960024","157.57170498150663","27.08794514295552","40.32757541824645","32.584479438798034","""Clay loam""","""D""","""woods | used and managed but not planted | good""","77","0.5382301574745911","0.306","0.17964518635704826","0.12635481364295173","1","0","46.8197932509978","53.1802067490022","""woodland""","17.34098966254989"
"30","8","[57.05180713266333 157.05180713266333 0]","""""","9.9","62.337681858712344","32","true","20","""done""","0.023396584075973448","145.53089213885346","24.92027978953073","38.54578962101677","36.5339305894525","""Clay loam""","""D""","""woods | used and managed but not planted | good""","77","0.5560026876525362","0.306","0.1630574915242995","0.1429425084757005","1","0","48.284973609580675","51.715026390419325","""woodland""","17.414248680479034"
"31","8","[59.916646215302876 159.91664621530288 0]","""""","9.9","63.4593617356635","32","true","18","""done""","0.02108177262926547","204.0591702318146","22.73408977388011","42.415076859139106","34.85083336698079","""Clay loam""","""D""","""woods | used and managed but not planted | good""","77","0.5484287501514136","0.306","0.1701264998586807","0.1358735001413193","0.8609132009594207","0","48.52952574745245","51.47047425254755","""woodland""","17.426476287372623"
"32","8","[65.23057677458908 165.23057677458908 0]","""""","9.9","65.53994246076846","32","true","3","""done""","0.003544896404737763","170.858182923176","25.563030255917955","37.56058212973576","36.87638761434629","""Clay loam""","""D""","""woods-grass combination or tree farm | lightly or only occasionally grazed | good""","79","0.5575437442645583","0.306","0.16161917201974557","0.14438082798025442","1","3.0709855053506487","47.29411736840723","49.63489712624213","""wood-grass""","17.518255143687888"
"33","8","[68.74145041269423 168.74145041269423 0]","""""","9.9","66.91456637393865","64","true","49","""done""","0.05635273487735715","164.13058465545177","25.72351483472085","35.886411600472265","38.39007356480689","""Clay loam""","""D""","""woods | used and managed but not planted | good""","77","0.5643553310416309","0.306","0.15526169102781107","0.15073830897218893","1","0","44.75406263509017","55.24593736490983","""woodland""","17.237703131754508"
"34","8","[73.30663896038169 173.3066389603817 0]","""""","9.9","68.7019896744163","32","true","1","""done""","0.0011830311456955123","182.1987148476265","23.64622028481982","39.419165896116766","36.93461381906341","""Clay loam""","""D""","""woods-grass combination or tree farm | lightly or only occasionally grazed | good""","79","0.5578057621857853","0.306","0.1613746219599337","0.14462537804006628","0.9642067649945522","5.854940353061892","44.75493979863351","49.39011984830461","""wood-grass""","17.530494007584768"
"35","8","[79.34673284013263 179.34673284013263 0]","""""","9.9","71.06688751488079","32","false","0","""done""","0","151.4023588370676","27.04171075399344","37.96976569497466","34.988523551031896","""Clay loam""","""D""","""woods-grass combination or tree farm | lightly or only occasionally grazed | good""","79","0.5490483559796435","0.306","0.16954820108566604","0.13645179891433395","1","7.2375519172233","43.49470664368795","49.26774143908875","""wood-grass""","17.53661292804556"
"36","8","[83.60805061354628 183.60805061354628 0]","""""","9.9","72.73533529077768","64","false","0","""done""","0","150.43216334312515","21.32946806659758","42.01036383238872","36.660168101013696","""Clay loam""","""D""","""woods-grass combination or tree farm | lightly or only occasionally grazed | good""","79","0.5565707564545617","0.306","0.1625272939757425","0.1434727060242575","1","7.2375519172233","43.49470664368795","49.26774143908875","""wood-grass""","17.53661292804556"
"37","8","[85.00913300871741 185.0091330087174 0]","""""","9.9","73.28390569326118","64","true","23","""done""","0.026858542013937226","163.86092714851839","26.391347810003104","39.47219702920179","34.1364551607951","""Clay loam""","""D""","""woods | used and managed but not planted | good""","77","0.5452140482235779","0.306","0.17312688832466058","0.1328731116753394","1","0","47.918303033307154","52.081696966692846","""woodland""","17.395915151665356"
"38","8","[91.10052070331369 191.1005207033137 0]","""""","9.9","75.66888676990905","32","true","18","""done""","0.02108177262926547","174.8231108503001","22.586054801998667","34.910808211395796","42.50313698660553","""Clay""","""D""","""woods | used and managed but not planted | good""","77","0.5828641164397249","0.357","0.18898682465625677","0.16801317534374322","0.5422944271768133","0","48.52952574745245","51.47047425254755","""woodland""","17.426476287372623"
"39","8","[94.98577979852291 194.9857797985229 0]","""""","9.9","77.1900950535598","32","true","17","""done""","0.01992231019702717","152.46311907759963","26.39017634040301","39.857962827868974","33.75186083172801","""Clay loam""","""D""","""woods | used and managed but not planted | good""","77","0.543483373742776","0.306","0.17474218450674237","0.13125781549325763","1","0","48.65182896075311","51.34817103924689","""woodland""","17.432591448037655"
"40","8","[99.40666861410457 199.40666861410457 0]","""""","9.9","78.92102020489764","32","true","11","""done""","0.012936639204113476","174.94975588416884","25.243497498270415","39.35326896298372","35.40323353874586","""Clay loam""","""D""","""woods | used and managed but not planted | good""","77","0.5509145509243564","0.306","0.1678064191372674","0.1381935808627326","1","0","49.385936088390636","50.614063911609364","""woodland""","17.469296804419532"
"41","8","[104.9907819111998 204.9907819111998 0]","""""","9.9","81.10738646676676","32","true","10","""done""","0.011767529412220479","173.49957394595495","23.018130645363406","40.86263005608381","36.11923929855279","""Clay loam""","""D""","""woods | used and managed but not planted | good""","77","0.5541365768434876","0.306","0.16479919494607828","0.1412008050539217","1","0","49.508321580567106","50.491678419432894","""woodland""","17.475416079028356"
"42","8","[109.5528489511895 209.5528489511895 0]","""""","9.9","82.89358759305964","64","false","0","""done""","0","169.27119978277858","25.037342153617775","40.802637267580906","34.16002057880132","""Clay loam""","""D""","""woods-grass combination or tree farm | lightly or only occasionally grazed | good""","79","0.545320092604606","0.306","0.17302791356903446","0.13297208643096553","1","7.2375519172233","43.49470664368795","49.26774143908875","""wood-grass""","17.53661292804556"
"43","8","[113.7664854695195 213.7664854695195 0]","""""","9.9","84.54336657018901","64","true","8","""done""","0.009425153993882662","157.628134176384","22.73723317649828","40.90671197895017","36.35605484455155","""Clay loam""","""D""","""woods | used and managed but not planted | good""","77","0.555202246800482","0.306","0.1638045696528835","0.14219543034711649","1","0","49.753108775600275","50.246891224399725","""woodland""","17.487655438780013"
"44","8","[118.02355527424805 218.02355527424805 0]","""""","9.9","86.21015112492249","64","true","1","""done""","0.0011830311456955123","144.757358857034","23.176505005610586","40.1225685736381","36.700926420751316","""Clay loam""","""D""","""woods-grass combination or tree farm | lightly or only occasionally grazed | good""","79","0.5567541688933809","0.306","0.16235610903284448","0.14364389096715552","1","5.854940353061892","44.75493979863351","49.39011984830461","""wood-grass""","17.530494007584768"
"45","8","[121.27301155757755 221.27301155757755 0]","""""","9.9","87.48242144060285","64","true","7","""done""","0.008251885085253763","155.75957422264108","25.772344508888022","40.29380457035299","33.933850920758985","""Clay loam""","""D""","""woods | used and managed but not planted | good""","77","0.5443023291434155","0.306","0.17397782613281226","0.13202217386718773","1","0","49.87550754506712","50.12449245493288","""woodland""","17.493775377253357"
"46","8","[125.93929023765611 225.9392902376561 0]","""""","9.9","89.30942489339989","32","false","0","""done""","0","156.49167647863558","27.05910527490706","35.7944737377447","37.14642098734823","""Clay loam""","""D""","""woods-grass combination or tree farm | lightly or only occasionally grazed | good""","79","0.558758894443067","0.306","0.16048503185313745","0.14551496814686254","1","7.2375519172233","43.49470664368795","49.26774143908875","""wood-grass""","17.53661292804556"
"47","8","[131.12127971496713 231.12127971496713 0]","""""","9.9","91.33834629233482","64","false","0","""done""","0","153.31491958078666","25.042715974471463","41.44353214717688","33.513751878351655","""Clay loam""","""D""","""woods-grass combination or tree farm | lightly or only occasionally grazed | good""","79","0.5424118834525824","0.306","0.17574224211092307","0.13025775788907692","1","7.2375519172233","43.49470664368795","49.26774143908875","""wood-grass""","17.53661292804556"
"48","8","[134.12441127945394 234.12441127945394 0]","""""","9.9","92.51417227995645","64","false","0","""done""","0","159.82676418855968","24.14183351961988","39.484684060114574","36.373482420265546","""Clay loam""","""D""","""woods-grass combination or tree farm | lightly or only occasionally grazed | good""","79","0.5552806708911949","0.306","0.16373137383488473","0.14226862616511526","1","7.2375519172233","43.49470664368795","49.26774143908875","""wood-grass""","17.53661292804556"
"49","8","[137.7375046336607 237.7375046336607 0]","""""","9.9","93.92881861507476","2","false","0","""done""","0","178.29666626070582","23.696262770445546","40.927411914613316","35.376325314941134","""Clay loam""","""D""","""woods-grass combination or tree farm | lightly or only occasionally grazed | good""","79","0.5507934639172352","0.306","0.16791943367724724","0.13808056632275276","0.9853085708990158","7.2375519172233","43.49470664368795","49.26774143908875","""wood-grass""","17.53661292804556"
"0","7","[71.46085105504011 171.4608510550401 0]","""""","9.9","67.97930225958464","32","false","0","""done""","0","192.9151807251811","21.075330078952728","38.73834664561958","40.1863232754277","""Clay""","""D""","""woods-grass combination or tree farm | lightly or only occasionally grazed | good""","79","0.5724384547394247","0.357","0.19871744224320365","0.15828255775679634","0.4914366946108203","7.2375519172233","43.49470664368795","49.26774143908875","""wood-grass""","17.53661292804556"
"1","7","[67.07577774838808 167.07577774838808 0]","""""","9.9","66.2624000723611","4","false","0","""done""","0","168.48495641982095","22.894784707663003","41.15413043228502","35.951084860051964","""Clay loam""","""D""","""woods-grass combination or tree farm | lightly or only occasionally grazed | good""","79","0.5533798818702338","0.306","0.16550544358778177","0.14049455641221822","1","7.2375519172233","43.49470664368795","49.26774143908875","""wood-grass""","17.53661292804556"
"2","7","[62.98069196356636 162.98069196356636 0]","""""","9.9","64.65903765418606","4","true","1","""done""","0.0011830311456955123","171.4196188471302","23.656071997687384","37.391129329327704","38.95279867298491","""Clay loam""","""D""","""woods-grass combination or tree farm | lightly or only occasionally grazed | good""","79","0.5668875940284321","0.306","0.15289824557346338","0.15310175442653662","1","5.854940353061892","44.75493979863351","49.39011984830461","""wood-grass""","17.530494007584768"
"3","7","[59.25903233492153 159.25903233492153 0]","""""","9.9","63.20188400824159","4","true","2","""done""","0.002364662728699396","155.8515351627642","24.42209275321773","37.298107875626954","38.279799371155306","""Clay loam""","""D""","""woods-grass combination or tree farm | lightly or only occasionally grazed | good""","79","0.5638590971701989","0.306","0.15572484264114772","0.15027515735885227","1","4.46554699695929","46.02194743691256","49.51250556612814","""wood-grass""","17.524374721693594"
"4","7","[55.93907480889308 155.93907480889308 0]","""""","9.9","61.902010108920294","4","true","3","""done""","0.003544896404737763","153.4702945698196","26.35040171077641","41.4258607894523","32.22373749977129","""Clay loam""","""D""","""woods-grass combination or tree farm | lightly or only occasionally grazed | good""","79","0.5366068187489708","0.306","0.1811603025009606","0.1248396974990394","1","3.0709855053506487","47.29411736840723","49.63489712624213","""wood-grass""","17.518255143687888"
"5","7","[52.06556233057276 152.06556233057276 0]","""""","9.9","60.385401016849414","2","true","4","""done""","0.004723733827578291","143.35710441676483","28.311559005990965","34.91014020948406","36.77830078452498","""Clay loam""","""D""","""woods-grass combination or tree farm | lightly or only occasionally grazed | good""","79","0.5571023535303624","0.306","0.1620311367049951","0.14396886329500488","1","1.672896220173925","48.569810717776754","49.75729306204932","""wood-grass""","17.512135346897534"
"6","7","[47.840143736521156 147.84014373652116 0]","""""","9.9","58.73100896482667","4","true","5","""done""","0.005901176649031781","157.57311035934703","22.136823299060264","40.1375281458419","37.725648555097834","""Clay loam""","""D""","""woods-grass combination or tree farm | lightly or only occasionally grazed | good""","79","0.5613654184979402","0.306","0.1580522760685891","0.1479477239314109","1","0.2729377906510422","49.84737030260629","49.87969190674267","""wood-grass""","17.506015404662865"
"7","7","[45.15023606044235 145.15023606044235 0]","""""","9.9","57.6778205573528","4","false","0","""done""","0","127.3050100324597","32.12947435261547","35.740713072378206","32.12981257500632","""Clay loam""","""D""","""woods-grass combination or tree farm | lightly or only occasionally grazed | good""","79","0.5361841565875285","0.306","0.18155478718497348","0.12444521281502653","1","7.2375519172233","43.49470664368795","49.26774143908875","""wood-grass""","17.53661292804556"
"8","7","[40.62347591623893 140.62347591623893 0]","""""","9.9","55.90544325619588","2","true","14","""done""","0.01643567656304723","158.32493524392456","23.443528348454315","41.295269773222685","35.261201878323","""Clay loam""","""D""","""woods | used and managed but not planted | good""","77","0.5502754084524535","0.306","0.16840295211104342","0.13759704788895658","1","0","49.01882962762967","50.98117037237033","""woodland""","17.450941481381484"
"9","7","[35.77415328758187 135.77415328758187 0]","""""","9.9","54.0067720036392","2","true","15","""done""","0.017599263791468034","140.40472164751526","24.566481290918645","40.858708417928085","34.57481029115327","""Clay loam""","""D""","""woods | used and managed but not planted | good""","77","0.5471866463101898","0.306","0.17128579677715627","0.13471420322284372","1","0","48.89648236433116","51.10351763566884","""woodland""","17.44482411821656"
"10","7","[31.397338043938618 131.39733804393862 0]","""""","9.9","52.29310312301068","4","true","34","""done""","0.03944772195046786","171.0639223714006","27.216930392010507","41.75668206895881","31.02638753903069","""Clay loam""","""D""","""woods | used and managed but not planted | good""","77","0.5312187439256381","0.306","0.18618917233607107","0.1198108276639289","1","0","46.576060400197704","53.423939599802296","""woodland""","17.328803020009886"
"11","7","[28.46470951814746 128.46470951814746 0]","""""","9.9","51.144881422222475","2","false","0","""done""","0","146.85341389660945","21.28320295620404","39.28527045728212","39.43152658651384","""Clay loam""","""D""","""woods-grass combination or tree farm | lightly or only occasionally grazed | good""","79","0.5690418696393122","0.306","0.1508875883366419","0.1551124116633581","1","7.2375519172233","43.49470664368795","49.26774143908875","""wood-grass""","17.53661292804556"
"12","7","[23.096824313303046 123.09682431330305 0]","""""","9.9","49.04317565712577","4","true","5","""done""","0.005901176649031781","165.63185800952397","21.5345992740803","37.80751995118596","40.657880774733734","""Clay""","""D""","""woods-grass combination or tree farm | lightly or only occasionally grazed | good""","79","0.5745604634863017","0.357","0.19673690074611833","0.16026309925388166","0.5723874615376267","0.2729377906510422","49.84737030260629","49.87969190674267","""wood-grass""","17.506015404662865"
"13","7","[20.46248183695809 120.46248183695809 0]","""""","9.9","48.0117428752219","4","true","12","""done""","0.014104365902709914","152.48917997875512","23.346545656048356","38.719547342865155","37.93390700108649","""Clay loam""","""D""","""woods | used and managed but not planted | good""","77","0.5623025815048892","0.306","0.15717759059543676","0.14882240940456323","1","0","49.26355795494361","50.73644204505639","""woodland""","17.46317789774718"
"14","7","[14.556994141916135 114.55699414191614 0]","""""","9.9","45.69954783737421","4","false","0","""done""","0","146.39545898207678","25.039598254020873","37.98440659041178","36.97599515556735","""Clay loam""","""D""","""woods-grass combination or tree farm | lightly or only occasionally grazed | good""","79","0.5579919782000531","0.306","0.16120082034661715","0.14479917965338285","1","7.2375519172233","43.49470664368795","49.26774143908875","""wood-grass""","17.53661292804556"
"15","7","[10.566470762011619 110.56647076201162 0]","""""","9.9","44.137125081811284","2","true","9","""done""","0.010597034888850443","145.3609163225626","23.47223431590451","40.49071283486846","36.03705284922702","""Clay loam""","""D""","""woods | used and managed but not planted | good""","77","0.5537667378215215","0.306","0.16514437803324655","0.14085562196675344","1","0","49.63071296516659","50.36928703483341","""woodland""","17.48153564825833"
"16","7","[6.120224205001563 106.12022420500156 0]","""""","9.9","42.3962715304954","8","true","13","""done""","0.01527071114425227","173.3754484114079","20.184322562049022","41.28965682257841","38.52602061537257","""Clay loam""","""D""","""woods | used and managed but not planted | good""","77","0.5649670927691766","0.306","0.1546907134154352","0.1513092865845648","1","0","49.14118864617969","50.85881135382031","""woodland""","17.457059432308984"
"17","7","[4.801753561286631 104.80175356128663 0]","""""","9.9","41.88004637901384","16","true","1836","""done""","0.886202075574999","235.18332741190358","21.587752811979595","43.828376461564595","34.58387072645581","""Clay loam""","""D""","""woods | used and managed but not planted | good""","77","0.5472274182690511","0.306","0.17124774294888562","0.13475225705111438","0.7469799639398379","0","0.012845522879089799","99.98715447712091","""woodland""","15.000642276143955"
"18","7","[9.088979776574433 109.08897977657443 0]","""""","9.9","43.55863817244718","32","true","35","""done""","0.040584085212469256","166.4539774629661","21.327868625281","40.248281677872065","38.42384969684693","""Clay loam""","""D""","""woods | used and managed but not planted | good""","77","0.5645073236358111","0.306","0.15511983127324291","0.15088016872675708","1","0","46.454254522102936","53.545745477897064","""woodland""","17.322712726105145"
"19","7","[14.657964028409495 114.6579640284095 0]","""""","9.9","45.73908090942142","32","false","0","""done""","0","150.7633738367693","26.109535098096543","40.34755338778946","33.542911514113996","""Clay loam""","""D""","""woods-grass combination or tree farm | lightly or only occasionally grazed | good""","79","0.542543101813513","0.306","0.17561977164072123","0.13038022835927876","1","7.2375519172233","43.49470664368795","49.26774143908875","""wood-grass""","17.53661292804556"
"20","7","[18.913783540060493 118.91378354006049 0]","""""","9.9","47.40537593279034","64","true","4","""done""","0.004723733827578291","173.2080323365828","23.43896816387535","41.229302422987956","35.33172941313669","""Clay loam""","""D""","""woods-grass combination or tree farm | lightly or only occasionally grazed | good""","79","0.5505927823591151","0.306","0.1681067364648259","0.1378932635351741","1","1.672896220173925","48.569810717776754","49.75729306204932","""wood-grass""","17.512135346897534"
"21","7","[23.757994174748262 123.75799417474826 0]","""""","9.9","49.302045669519764","32","true","2","""done""","0.002364662728699396","168.7987798546194","23.707330662025818","41.785334559485044","34.50733477848915","""Clay loam""","""D""","""woods-grass combination or tree farm | lightly or only occasionally grazed | good""","79","0.5468830065032012","0.306","0.17156919393034556","0.13443080606965443","1","4.46554699695929","46.02194743691256","49.51250556612814","""wood-grass""","17.524374721693594"
"22","7","[27.479983953304995 127.479983953305 0]","""""","9.9","50.75932858014609","64","true","2","""done""","0.002364662728699396","117.05289812039345","23.120284604942018","41.927350374866094","34.952365020191884","""Clay loam""","""D""","""woods-grass combination or tree farm | lightly or only occasionally grazed | good""","79","0.5488856425908635","0.306","0.1697000669151941","0.1362999330848059","1","4.46554699695929","46.02194743691256","49.51250556612814","""wood-grass""","17.524374721693594"
"23","7","[31.073799608015293 131.0737996080153 0]","""""","9.9","52.1664270541192","64","true","28","""done""","0.032601221662009294","186.3863741148842","25.88188969777138","37.959518094709686","36.15859220751893","""Clay loam""","""D""","""woods | used and managed but not planted | good""","77","0.5543136649338352","0.306","0.1646339127284205","0.14136608727157948","0.9425433284147237","0","47.30770293090386","52.69229706909614","""woodland""","17.365385146545194"
"24","7","[35.53329463242159 135.5332946324216 0]","""""","9.9","53.9124678214881","32","true","21","""done""","0.02455193633400432","151.9695345082586","22.378017807057144","40.040680447981046","37.58130174496181","""Clay loam""","""D""","""woods | used and managed but not planted | good""","77","0.5607158578523281","0.306","0.1586585326711604","0.1473414673288396","1","0","48.162727607139544","51.837272392860456","""woodland""","17.40813638035698"
"25","7","[39.81160340165695 139.81160340165695 0]","""""","9.9","55.5875681379127","32","true","20","""done""","0.023396584075973448","158.60764198543","21.370542357703012","38.17846228227498","40.45099536002201","""Clay""","""D""","""woods | used and managed but not planted | good""","77","0.5736294791200991","0.357","0.19760581948790754","0.15939418051209245","0.5977366384687887","0","48.284973609580675","51.715026390419325","""woodland""","17.414248680479034"
"26","7","[44.32561825531252 144.32561825531252 0]","""""","9.9","57.35495523350447","64","false","0","""done""","0","192.26989932477073","25.53176259970897","43.125586673608574","31.34265072668246","""Clay loam""","""D""","""woods-grass combination or tree farm | lightly or only occasionally grazed | good""","79","0.5326419282700711","0.306","0.1848608669479337","0.12113913305206632","0.9137011775964547","7.2375519172233","43.49470664368795","49.26774143908875","""wood-grass""","17.53661292804556"
"27","7","[47.662716937624225 147.66271693762423 0]","""""","9.9","58.66154046617327","64","false","0","""done""","0","179.7968923177367","25.66134215812922","40.05991620412473","34.27874163774604","""Clay loam""","""D""","""woods-grass combination or tree farm | lightly or only occasionally grazed | good""","79","0.5458543373698572","0.306","0.17252928512146665","0.13347071487853335","0.9770871518676661","7.2375519172233","43.49470664368795","49.26774143908875","""wood-grass""","17.53661292804556"
"28","7","[51.579091195087415 151.57909119508741 0]","""""","9.9","60.19493137173108","64","false","0","""done""","0","130.48952095199428","24.420060521639563","38.60274417378975","36.97719530457069","""Clay loam""","""D""","""woods-grass combination or tree farm | lightly or only occasionally grazed | good""","79","0.5579973788705681","0.306","0.1611957797208031","0.1448042202791969","1","7.2375519172233","43.49470664368795","49.26774143908875","""wood-grass""","17.53661292804556"
"29","7","[55.674829361200295 155.6748293612003 0]","""""","9.9","61.79854921890065","64","true","1","""done""","0.0011830311456955123","170.8029825011354","21.587736057807223","40.22540094443077","38.18686299776203","""Clay loam""","""D""","""woods-grass combination or tree farm | lightly or only occasionally grazed | good""","79","0.5634408834899292","0.306","0.1561151754093995","0.14988482459060049","1","5.854940353061892","44.75493979863351","49.39011984830461","""wood-grass""","17.530494007584768"
"30","7","[59.304401349149174 159.30440134914917 0]","""""","9.9","63.219647487734946","64","true","10","""done""","0.011767529412220479","179.3869545123089","24.97964984947639","39.4315902442105","35.5887599063131","""Clay loam""","""D""","""woods | used and managed but not planted | good""","77","0.551749419578409","0.306","0.16702720839348498","0.13897279160651502","0.9793200063349115","0","49.508321580567106","50.491678419432894","""woodland""","17.475416079028356"
"31","7","[62.986143746396436 162.98614374639644 0]","""""","9.9","64.66117220866455","64","false","0","""done""","0","166.78005284498292","23.05196704776821","41.405427655597855","35.542605296633944","""Clay loam""","""D""","""woods-grass combination or tree farm | lightly or only occasionally grazed | good""","79","0.5515417238348528","0.306","0.16722105775413745","0.13877894224586254","1","7.2375519172233","43.49470664368795","49.26774143908875","""wood-grass""","17.53661292804556"
"32","7","[67.51117693266195 167.51117693266195 0]","""""","9.9","66.43287334829498","64","true","13","""done""","0.01527071114425227","154.22740616492672","20.142379757492083","40.251525944789456","39.60609429771846","""Clay loam""","""D""","""woods | used and managed but not planted | good""","77","0.569827424339733","0.306","0.1501544039495825","0.1558455960504175","1","0","49.14118864617969","50.85881135382031","""woodland""","17.457059432308984"
"33","7","[71.92541208357687 171.92541208357687 0]","""""","9.9","68.16119336840228","64","true","2","""done""","0.002364662728699396","146.4392880573865","24.802459051465895","39.58208341714431","35.6154575313898","""Clay loam""","""D""","""woods-grass combination or tree farm | lightly or only occasionally grazed | good""","79","0.5518695588912541","0.306","0.16691507836816286","0.13908492163183714","1","4.46554699695929","46.02194743691256","49.51250556612814","""wood-grass""","17.524374721693594"
"34","7","[75.05217446038517 175.05217446038517 0]","""""","9.9","69.3854249349594","64","true","46","""done""","0.052995702748759976","213.9035069629896","22.91990488555752","41.119205746295584","35.96088936814689","""Clay loam""","""D""","""woods | used and managed but not planted | good""","77","0.553424002156661","0.306","0.16546426465378308","0.1405357353462169","0.8212919737673641","0","45.11749555837925","54.88250444162075","""woodland""","17.25587477791896"
"35","7","[79.4177186887274 179.4177186887274 0]","""""","9.9","71.09468083786342","32","true","41","""done""","0.04737408896731132","156.82006717173311","24.14786914518652","37.34820197266438","38.50392888214909","""Clay loam""","""D""","""woods | used and managed but not planted | good""","77","0.5648676799696709","0.306","0.15478349869497385","0.15121650130502615","1","0","45.72435741805315","54.27564258194685","""woodland""","17.286217870902657"
"36","7","[84.24922170531852 184.24922170531852 0]","""""","9.9","72.98637511904653","32","true","1","""done""","0.0011830311456955123","132.93755834175727","23.66890494895233","42.562057148403724","33.76903790264394","""Clay loam""","""D""","""woods-grass combination or tree farm | lightly or only occasionally grazed | good""","79","0.5435606705618977","0.306","0.17467004080889548","0.13132995919110452","1","5.854940353061892","44.75493979863351","49.39011984830461","""wood-grass""","17.530494007584768"
"37","7","[88.18410030534022 188.18410030534022 0]","""""","9.9","74.52701109076176","32","false","0","""done""","0","176.49369924453202","19.852263759257163","45.444066221123386","34.703670019619445","""Silty clay loam""","""D""","""woods-grass combination or tree farm | lightly or only occasionally grazed | good""","79","0.5477665150882876","0.2365","0.10124458591759833","0.13525541408240166","0.6785751793269281","7.2375519172233","43.49470664368795","49.26774143908875","""wood-grass""","17.53661292804556"
"38","7","[91.88053025185889 191.8805302518589 0]","""""","9.9","75.97428647620836","64","true","3","""done""","0.003544896404737763","185.33961393653834","21.84626735067572","43.01386812749308","35.13986452183119","""Clay loam""","""D""","""woods-grass combination or tree farm | lightly or only occasionally grazed | good""","79","0.5497293903482403","0.306","0.168912569008309","0.137087430991691","0.9478666200823535","3.0709855053506487","47.29411736840723","49.63489712624213","""wood-grass""","17.518255143687888"
"39","7","[96.98002699841862 196.98002699841862 0]","""""","9.9","77.97090922470976","32","true","1","""done""","0.0011830311456955123","130.6843641748892","19.780164784839027","45.71761073100875","34.50222448415223","""Silty clay loam""","""D""","""woods-grass combination or tree farm | lightly or only occasionally grazed | good""","79","0.546860010178685","0.2365","0.10209065716656066","0.13440934283343933","0.9164389662917589","5.854940353061892","44.75493979863351","49.39011984830461","""wood-grass""","17.530494007584768"
"40","7","[101.60392003706488 201.60392003706488 0]","""""","9.9","79.78131728778514","64","true","4","""done""","0.004723733827578291","153.066715929272","23.351811993845857","41.680520859626164","34.96766714652799","""Clay loam""","""D""","""woods-grass combination or tree farm | lightly or only occasionally grazed | good""","79","0.5489545021593759","0.306","0.16963579798458248","0.13636420201541752","1","1.672896220173925","48.569810717776754","49.75729306204932","""wood-grass""","17.512135346897534"
"41","7","[108.1316211420829 208.1316211420829 0]","""""","9.9","82.33712959034017","32","false","0","""done""","0","142.04789988609707","22.951659611592287","41.32544701584607","35.72289337256163","""Clay loam""","""D""","""woods-grass combination or tree farm | lightly or only occasionally grazed | good""","79","0.5523530201765273","0.306","0.16646384783524118","0.13953615216475881","1","7.2375519172233","43.49470664368795","49.26774143908875","""wood-grass""","17.53661292804556"
"42","7","[111.23045542230736 211.23045542230736 0]","""""","9.9","83.55042637730374","64","true","9","""done""","0.010597034888850443","133.83802992451325","25.17635649570754","40.6180320298087","34.20561147448377","""Clay loam""","""D""","""woods | used and managed but not planted | good""","77","0.545525251635177","0.306","0.17283643180716818","0.13316356819283182","1","0","49.63071296516659","50.36928703483341","""woodland""","17.48153564825833"
"43","7","[115.88893971821244 215.88893971821244 0]","""""","9.9","85.37437806920656","32","true","4","""done""","0.004723733827578291","138.55842459948863","22.404408451368052","36.811081047738554","40.784510500893404","""Clay""","""D""","""woods-grass combination or tree farm | lightly or only occasionally grazed | good""","79","0.5751302972540203","0.357","0.1962050558962477","0.16079494410375228","0.6842283248375063","1.672896220173925","48.569810717776754","49.75729306204932","""wood-grass""","17.512135346897534"
"44","7","[120.05331410056982 220.05331410056982 0]","""""","9.9","87.00486928006978","64","true","7","""done""","0.008251885085253763","180.8873701668119","21.45890705512487","38.60531592740058","39.93577701747456","""Clay loam""","""D""","""woods | used and managed but not planted | good""","77","0.5713109965786355","0.306","0.14876973652660688","0.1572302634733931","0.971196790950013","0","49.87550754506712","50.12449245493288","""woodland""","17.493775377253357"
"45","7","[124.8400491468409 224.8400491468409 0]","""""","9.9","88.8790354104593","64","false","0","""done""","0","164.2310972473693","18.350403479926474","43.792427383776634","37.857169136296896","""Silty clay loam""","""D""","""woods-grass combination or tree farm | lightly or only occasionally grazed | good""","79","0.561957261113336","0.2365","0.08799988962755304","0.14850011037244695","0.729242181427669","7.2375519172233","43.49470664368795","49.26774143908875","""wood-grass""","17.53661292804556"
"46","7","[126.82022000876296 226.82022000876296 0]","""""","9.9","89.65433822666374","64","true","5","""done""","0.005901176649031781","134.56776281996656","24.184610182890502","40.057182307004545","35.75820751010497","""Clay loam""","""D""","""woods-grass combination or tree farm | lightly or only occasionally grazed | good""","79","0.5525119337954724","0.306","0.16631552845755915","0.13968447154244085","1","0.2729377906510422","49.84737030260629","49.87969190674267","""wood-grass""","17.506015404662865"
"47","7","[131.29884769012028 231.29884769012028 0]","""""","9.9","91.40787006619256","32","true","2","""done""","0.002364662728699396","177.14741364571822","26.00386710818179","37.29461331488076","36.70151957693746","""Clay loam""","""D""","""woods-grass combination or tree farm | lightly or only occasionally grazed | good""","79","0.5567568380962186","0.306","0.1623536177768627","0.1436463822231373","0.9917008090264099","4.46554699695929","46.02194743691256","49.51250556612814","""wood-grass""","17.524374721693594"
"48","7","[135.99199901199404 235.99199901199404 0]","""""","9.9","93.24539505289525","32","false","0","""done""","0","146.9074335586562","25.52814436600691","38.864377806204025","35.60747782778907","""Clay loam""","""D""","""woods-grass combination or tree farm | lightly or only occasionally grazed | good""","79","0.5518336502250508","0.306","0.16694859312328592","0.13905140687671408","1","7.2375519172233","43.49470664368795","49.26774143908875","""wood-grass""","17.53661292804556"
"49","7","[141.45604327309084 241.45604327309084 0]","""""","9.9","95.38475028983785","2","false","0","""done""","0","150.35691154794742","25.068991671966685","41.62358430639743","33.30742402163588","""Clay loam""","""D""","""woods-grass combination or tree farm | lightly or only occasionally grazed | good""","79","0.5414834080973614","0.306","0.17660881910912932","0.12939118089087068","1","7.2375519172233","43.49470664368795","49.26774143908875","""wood-grass""","17.53661292804556"
"0","6","[69.11468780992186 169.11468780992186 0]","""""","9.9","67.06070124075642","32","false","0","""done""","0","141.60777029946723","21.28582407545438","37.12553808038431","41.58863784416132","""Clay""","""D""","""woods-grass combination or tree farm | lightly or only occasionally grazed | good""","79","0.5787488702987259","0.357","0.19282772105452248","0.1641722789454775","0.6694943261612016","7.2375519172233","43.49470664368795","49.26774143908875","""wood-grass""","17.53661292804556"
"1","6","[65.762480342787 165.762480342787 0]","""""","9.9","65.74820041582834","2","false","0","""done""","0","171.54356073822103","18.954331793919007","40.79571530787472","40.24995289820627","""Silty clay""","""D""","""woods-grass combination or tree farm | lightly or only occasionally grazed | good""","79","0.5727247880419282","0.3485","0.18995019782753367","0.1585498021724663","0.8181772073626805","7.2375519172233","43.49470664368795","49.26774143908875","""wood-grass""","17.53661292804556"
"2","6","[61.03736258657909 161.0373625865791 0]","""""","9.9","63.898159505858686","4","true","2","""done""","0.002364662728699396","155.05366011234838","20.972200075852676","41.648079128924216","37.3797207952231","""Clay loam""","""D""","""woods-grass combination or tree farm | lightly or only occasionally grazed | good""","79","0.559808743578504","0.306","0.15950517266006298","0.14649482733993702","1","4.46554699695929","46.02194743691256","49.51250556612814","""wood-grass""","17.524374721693594"
"3","6","[57.419140225478316 157.41914022547832 0]","""""","9.9","62.481504993786714","4","true","2","""done""","0.002364662728699396","117.7376060788161","18.168412273763394","42.02277329880668","39.80881442742993","""Silty clay loam""","""D""","""woods-grass combination or tree farm | lightly or only occasionally grazed | good""","79","0.5707396649234346","0.2365","0.0798029794047943","0.15669702059520568","1","4.46554699695929","46.02194743691256","49.51250556612814","""wood-grass""","17.524374721693594"
"4","6","[54.01273059778674 154.01273059778674 0]","""""","9.9","61.14778221850471","2","true","3","""done""","0.003544896404737763","202.9641142016112","21.781738557940542","39.839542704908","38.37871873715146","""Clay loam""","""D""","""woods-grass combination or tree farm | lightly or only occasionally grazed | good""","79","0.5643042343171816","0.306","0.15530938130396388","0.15069061869603612","0.8655581018370991","3.0709855053506487","47.29411736840723","49.63489712624213","""wood-grass""","17.518255143687888"
"5","6","[49.4492375781943 149.4492375781943 0]","""""","9.9","59.36102277372371","4","true","8","""done""","0.009425153993882662","149.12070192441098","20.24302739507506","37.2586559785142","42.49831662641074","""Clay""","""D""","""woods | used and managed but not planted | good""","77","0.5828424248188483","0.357","0.1890070701690749","0.1679929298309251","0.6357641664259924","0","49.753108775600275","50.246891224399725","""woodland""","17.487655438780013"
"6","6","[46.832997962435996 146.832997962436 0]","""""","9.9","58.33667786441916","4","false","0","""done""","0","133.41946377729596","24.38469432462605","41.137915319079006","34.47739035629494","""Clay loam""","""D""","""woods-grass combination or tree farm | lightly or only occasionally grazed | good""","79","0.5467482566033273","0.306","0.17169496050356126","0.13430503949643874","1","7.2375519172233","43.49470664368795","49.26774143908875","""wood-grass""","17.53661292804556"
"7","6","[42.3711381438232 142.3711381438232 0]","""""","9.9","56.58971120138977","4","true","6","""done""","0.00707722651895526","173.63390790484107","22.091323757581907","39.595106575424445","38.31356966699365","""Clay loam""","""D""","""woods | used and managed but not planted | good""","77","0.5640110635014715","0.306","0.15558300739862668","0.1504169926013733","1","0","49.997907806624276","50.002092193375724","""woodland""","17.499895390331215"
"8","6","[37.88824499412385 137.88824499412385 0]","""""","9.9","54.83450928899927","4","true","1","""done""","0.0011830311456955123","127.01152152148651","22.941820462812274","38.24501032082447","38.813169216363264","""Clay loam""","""D""","""woods-grass combination or tree farm | lightly or only occasionally grazed | good""","79","0.5662592614736347","0.306","0.15348468929127432","0.15251531070872568","1","5.854940353061892","44.75493979863351","49.39011984830461","""wood-grass""","17.530494007584768"
"9","6","[34.03987174893044 134.03987174893044 0]","""""","9.9","53.32774304363183","4","false","0","""done""","0","158.14685057810846","28.02324922554784","36.938859857330726","35.03789091712143","""Clay loam""","""D""","""woods-grass combination or tree farm | lightly or only occasionally grazed | good""","79","0.5492705091270464","0.306","0.16934085814809","0.13665914185191","1","7.2375519172233","43.49470664368795","49.26774143908875","""wood-grass""","17.53661292804556"
"10","6","[30.589043151659894 130.5890431516599 0]","""""","9.9","51.97662876296526","4","false","0","""done""","0","120.73939226287999","25.389995985745774","35.07088406544329","39.53911994881095","""Clay loam""","""D""","""woods-grass combination or tree farm | lightly or only occasionally grazed | good""","79","0.5695260397696493","0.306","0.15043569621499403","0.15556430378500596","1","7.2375519172233","43.49470664368795","49.26774143908875","""wood-grass""","17.53661292804556"
"11","6","[24.720483326808733 124.72048332680873 0]","""""","9.9","49.678892215698305","4","true","35","""done""","0.040584085212469256","147.27665633286176","27.69693585944516","34.146441804161164","38.156622336393674","""Clay loam""","""D""","""woods | used and managed but not planted | good""","77","0.5633048005137715","0.306","0.15624218618714658","0.1497578138128534","1","0","46.454254522102936","53.545745477897064","""woodland""","17.322712726105145"
"12","6","[21.389276405912938 121.38927640591294 0]","""""","9.9","48.374613803772085","2","false","0","""done""","0","172.9864250849754","23.34899490194294","43.10698777002294","33.54401732803411","""Clay loam""","""D""","""woods-grass combination or tree farm | lightly or only occasionally grazed | good""","79","0.5425480779761535","0.306","0.17561512722225675","0.13038487277774324","1","7.2375519172233","43.49470664368795","49.26774143908875","""wood-grass""","17.53661292804556"
"13","6","[15.446731115818721 115.44673111581872 0]","""""","9.9","46.0479094837416","4","true","7","""done""","0.008251885085253763","163.04011300349325","28.274502904999263","36.94853268005662","34.77696441494411","""Clay loam""","""D""","""woods | used and managed but not planted | good""","77","0.5480963398672485","0.306","0.17043674945723475","0.13556325054276525","1","0","49.87550754506712","50.12449245493288","""woodland""","17.493775377253357"
"14","6","[11.840627082894983 111.84062708289498 0]","""""","9.9","44.63599970059378","4","true","13","""done""","0.01527071114425227","171.50420730572944","22.216141300239542","42.64165851150717","35.142200188253284","""Clay loam""","""D""","""woods | used and managed but not planted | good""","77","0.5497399008471398","0.306","0.16890275920933623","0.13709724079066377","1","0","49.14118864617969","50.85881135382031","""woodland""","17.457059432308984"
"15","6","[8.28644486254177 108.28644486254177 0]","""""","9.9","43.24441903564604","2","true","1","""done""","0.0011830311456955123","118.90239694515031","27.56944799475265","39.07072339747132","33.35982860777602","""Clay loam""","""D""","""woods-grass combination or tree farm | lightly or only occasionally grazed | good""","79","0.5417192287349921","0.306","0.17638871984734072","0.12961128015265927","1","5.854940353061892","44.75493979863351","49.39011984830461","""wood-grass""","17.530494007584768"
"16","6","[4.546347438603348 104.54634743860335 0]","""""","9.9","41.78004637901384","8","true","1855","""done""","0.8887329258672904","229.92931299644246","18.933193543352207","43.59149672245563","37.47530973419217","""Silty clay loam""","""D""","""woods | used and managed but not planted | good""","77","0.5602388938038647","0.2365","0.08960369911639288","0.1468963008836071","0.5208741854362182","0","0.011704604985041556","99.98829539501496","""woodland""","15.000585230249252"
"17","6","[7.053869973876331 107.05386997387633 0]","""""","9.9","42.76182493190409","32","true","1","""done""","0.0011830311456955123","180.08889164918207","22.539228153909857","37.305677044284785","40.15509480180536","""Clay""","""D""","""woods-grass combination or tree farm | lightly or only occasionally grazed | good""","79","0.5722979266081241","0.357","0.19884860183241748","0.1581513981675825","0.5264377935120832","5.854940353061892","44.75493979863351","49.39011984830461","""wood-grass""","17.530494007584768"
"18","6","[12.406065390732849 112.40606539073285 0]","""""","9.9","44.857387622659786","64","true","2","""done""","0.002364662728699396","150.5979014093656","22.51792731539847","40.17154406821137","37.310528616390165","""Clay loam""","""D""","""woods-grass combination or tree farm | lightly or only occasionally grazed | good""","79","0.5594973787737557","0.306","0.15979577981116133","0.14620422018883866","1","4.46554699695929","46.02194743691256","49.51250556612814","""wood-grass""","17.524374721693594"
"19","6","[16.47788255491048 116.47788255491048 0]","""""","9.9","46.451639601194756","64","true","33","""done""","0.03831001274303936","147.70972842020277","22.193144374525257","38.00637433579893","39.800481289675815","""Clay loam""","""D""","""woods | used and managed but not planted | good""","77","0.5707021658035412","0.306","0.1493379785833616","0.1566620214166384","1","0","46.697907123351655","53.302092876648345","""woodland""","17.334895356167586"
"20","6","[21.19499322842732 121.19499322842732 0]","""""","9.9","48.2985454717194","32","true","32","""done""","0.0371709559960024","154.39260807252634","21.997207435754778","44.354873083890034","33.647919480355185","""Clay loam""","""D""","""woods | used and managed but not planted | good""","77","0.5430156376615983","0.306","0.17517873818250823","0.13082126181749176","1","0","46.8197932509978","53.1802067490022","""woodland""","17.34098966254989"
"21","6","[26.359213952714356 126.35921395271436 0]","""""","9.9","50.32050981228888","64","false","0","""done""","0","164.74006240190405","26.432523069931566","36.60673710658383","36.9607398234846","""Clay loam""","""D""","""woods-grass combination or tree farm | lightly or only occasionally grazed | good""","79","0.5579233292056807","0.306","0.16126489274136468","0.1447351072586353","1","7.2375519172233","43.49470664368795","49.26774143908875","""wood-grass""","17.53661292804556"
"22","6","[29.63851895930378 129.63851895930378 0]","""""","9.9","51.60446689684788","64","true","1","""done""","0.0011830311456955123","162.40184116064893","20.937965702705007","41.5656198078877","37.4964144894073","""Clay loam""","""D""","""woods-grass combination or tree farm | lightly or only occasionally grazed | good""","79","0.5603338652023329","0.306","0.15901505914448935","0.14698494085551064","1","5.854940353061892","44.75493979863351","49.39011984830461","""wood-grass""","17.530494007584768"
"23","6","[33.737791042068324 133.73779104206832 0]","""""","9.9","53.209468390037586","64","true","1","""done""","0.0011830311456955123","164.52370418179248","24.796942801662237","38.59124320414536","36.61181399419241","""Clay loam""","""D""","""woods-grass combination or tree farm | lightly or only occasionally grazed | good""","79","0.5563531629738658","0.306","0.1627303812243919","0.1432696187756081","1","5.854940353061892","44.75493979863351","49.39011984830461","""wood-grass""","17.530494007584768"
"24","6","[37.185558438408464 137.18555843840846 0]","""""","9.9","54.55938410862653","64","true","5","""done""","0.005901176649031781","145.69058504557887","25.136659708394244","39.945551279468475","34.91778901213727","""Clay loam""","""D""","""woods-grass combination or tree farm | lightly or only occasionally grazed | good""","79","0.5487300505546178","0.306","0.16984528614902347","0.13615471385097652","1","0.2729377906510422","49.84737030260629","49.87969190674267","""wood-grass""","17.506015404662865"
"25","6","[41.50648457840728 141.50648457840728 0]","""""","9.9","56.251170544520654","32","true","3","""done""","0.003544896404737763","191.31174525474722","22.606647828937476","40.09758423027658","37.295767940785936","""Clay loam""","""D""","""woods-grass combination or tree farm | lightly or only occasionally grazed | good""","79","0.5594309557335367","0.306","0.15985777464869907","0.14614222535130092","0.9182773028151838","3.0709855053506487","47.29411736840723","49.63489712624213","""wood-grass""","17.518255143687888"
"26","6","[45.46425353873053 145.46425353873053 0]","""""","9.9","57.80076885435881","64","true","19","""done""","0.022239863381334102","155.13920083744728","22.682319077729357","41.862647045737106","35.45503387653353","""Clay loam""","""D""","""woods | used and managed but not planted | good""","77","0.5511476524444009","0.306","0.1675888577185592","0.1384111422814408","1","0","48.407240143221166","51.592759856778834","""woodland""","17.42036200716106"
"27","6","[48.67666955211007 148.67666955211007 0]","""""","9.9","59.0585366712107","32","true","18","""done""","0.02108177262926547","124.85333724051937","22.23641308391863","46.065567850579136","31.698019065502226","""Clay loam""","""D""","""woods | used and managed but not planted | good""","77","0.53424108579476","0.306","0.18336831992489067","0.12263168007510934","1","0","48.52952574745245","51.47047425254755","""woodland""","17.426476287372623"
"28","6","[53.219856034514635 153.21985603451463 0]","""""","9.9","60.8373454306383","32","true","15","""done""","0.017599263791468034","159.44283843842365","24.479563841937683","39.04089088825526","36.479545269807055","""Clay loam""","""D""","""woods | used and managed but not planted | good""","77","0.5557579537141317","0.306","0.16328590986681038","0.14271409013318961","1","0","48.89648236433116","51.10351763566884","""woodland""","17.44482411821656"
"29","6","[57.745335670004636 157.74533567000464 0]","""""","9.9","62.60922137000328","32","false","0","""done""","0","161.73888456693408","23.107534651090663","38.93010982951619","37.96235551939316","""Clay loam""","""D""","""woods-grass combination or tree farm | lightly or only occasionally grazed | good""","79","0.5624305998372692","0.306","0.15705810681854876","0.14894189318145123","1","7.2375519172233","43.49470664368795","49.26774143908875","""wood-grass""","17.53661292804556"
"30","6","[61.24115265538666 161.24115265538666 0]","""""","9.9","63.97795010236693","64","false","0","""done""","0","155.87735176755228","21.433963082777154","39.28301845861142","39.28301845861142","""Clay loam""","""D""","""woods-grass combination or tree farm | lightly or only occasionally grazed | good""","79","0.5683735830637514","0.306","0.15151132247383203","0.15448867752616796","1","7.2375519172233","43.49470664368795","49.26774143908875","""wood-grass""","17.53661292804556"
"31","6","[64.48816901958517 164.48816901958517 0]","""""","9.9","65.24926510847783","64","true","9","""done""","0.010597034888850443","188.14317131250172","25.765011755030624","39.88319911885125","34.35178912611813","""Clay loam""","""D""","""woods | used and managed but not planted | good""","77","0.5461830510675316","0.306","0.17222248567030388","0.13377751432969612","0.9337422783078253","0","49.63071296516659","50.36928703483341","""woodland""","17.48153564825833"
"32","6","[69.76583864106382 169.76583864106382 0]","""""","9.9","67.31564846923357","32","true","7","""done""","0.008251885085253763","207.27161984072276","22.655098564185096","40.02128780676425","37.323613629050655","""Clay loam""","""D""","""woods | used and managed but not planted | good""","77","0.5595562613307279","0.306","0.15974082275798726","0.14625917724201273","0.847570128338812","0","49.87550754506712","50.12449245493288","""woodland""","17.493775377253357"
"33","6","[73.74245672157863 173.74245672157863 0]","""""","9.9","68.8726268371508","64","true","12","""done""","0.014104365902709914","166.49512107522204","25.82855327557479","38.22305913925363","35.94838758517158","""Clay loam""","""D""","""woods | used and managed but not planted | good""","77","0.553367744133272","0.306","0.16551677214227936","0.14048322785772063","1","0","49.26355795494361","50.73644204505639","""woodland""","17.46317789774718"
"34","6","[77.28538158273403 177.28538158273403 0]","""""","9.9","70.25979987119308","64","true","1","""done""","0.0011830311456955123","193.7709994912244","25.692269392397954","38.87174729705231","35.43598331054972","""Clay loam""","""D""","""woods-grass combination or tree farm | lightly or only occasionally grazed | good""","79","0.5510619248974737","0.306","0.16766887009569117","0.13833112990430882","0.9066229409491745","5.854940353061892","44.75493979863351","49.39011984830461","""wood-grass""","17.530494007584768"
"35","6","[81.49426327765312 181.49426327765312 0]","""""","9.9","71.90771717665972","64","true","3","""done""","0.003544896404737763","152.8719484496667","24.998529939594373","39.45448306417578","35.54698699622985","""Clay loam""","""D""","""woods-grass combination or tree farm | lightly or only occasionally grazed | good""","79","0.5515614414830343","0.306","0.16720265461583467","0.13879734538416533","1","3.0709855053506487","47.29411736840723","49.63489712624213","""wood-grass""","17.518255143687888"
"36","6","[85.76165209954337 185.76165209954337 0]","""""","9.9","73.57854197015229","64","true","38","""done""","0.043985115239447814","170.18721301067131","23.16292786993473","40.32315964807229","36.513912481992975","""Clay loam""","""D""","""woods | used and managed but not planted | good""","77","0.5559126061689683","0.306","0.16314156757562953","0.14285843242437046","1","0","46.08909633427316","53.91090366572684","""woodland""","17.30445481671366"
"37","6","[89.83509664001656 189.83509664001656 0]","""""","9.9","75.1734311206855","32","true","33","""done""","0.03831001274303936","148.8663797682754","24.10540140485564","39.689956666646054","36.20464192849831","""Clay loam""","""D""","""woods | used and managed but not planted | good""","77","0.5545208886782425","0.306","0.1644405039003071","0.1415594960996929","1","0","46.697907123351655","53.302092876648345","""woodland""","17.334895356167586"
"38","6","[94.47009812880114 194.47009812880114 0]","""""","9.9","76.98818851181207","32","false","0","""done""","0","153.02748607809437","23.47137229790552","39.175338697727874","37.353289004366594","""Clay loam""","""D""","""woods-grass combination or tree farm | lightly or only occasionally grazed | good""","79","0.5596898005196497","0.306","0.15961618618166032","0.14638381381833968","1","7.2375519172233","43.49470664368795","49.26774143908875","""wood-grass""","17.53661292804556"
"39","6","[99.63276610307048 199.63276610307048 0]","""""","9.9","79.00954489905554","64","false","0","""done""","0","155.20020374710305","25.313685666370194","37.86146420543682","36.824850128192985","""Clay loam""","""D""","""woods-grass combination or tree farm | lightly or only occasionally grazed | good""","79","0.5573118255768684","0.306","0.16183562946158947","0.14416437053841052","1","7.2375519172233","43.49470664368795","49.26774143908875","""wood-grass""","17.53661292804556"
"40","6","[104.84066244354347 204.84066244354347 0]","""""","9.9","81.04860969740852","64","false","0","""done""","0","146.09363850018167","24.72279827189681","41.48412016928389","33.793081558819296","""Clay loam""","""D""","""woods-grass combination or tree farm | lightly or only occasionally grazed | good""","79","0.5436688670146869","0.306","0.17456905745295898","0.13143094254704102","1","7.2375519172233","43.49470664368795","49.26774143908875","""wood-grass""","17.53661292804556"
"41","6","[108.44088391683198 208.44088391683198 0]","""""","9.9","82.45821626261724","64","true","2","""done""","0.002364662728699396","151.35405322291888","21.58179487448311","41.36836553672417","37.04983958879272","""Clay loam""","""D""","""woods-grass combination or tree farm | lightly or only occasionally grazed | good""","79","0.5583242781495672","0.306","0.16089067372707058","0.1451093262729294","1","4.46554699695929","46.02194743691256","49.51250556612814","""wood-grass""","17.524374721693594"
"42","6","[113.87837015673375 213.87837015673375 0]","""""","9.9","84.58717315009352","32","true","1","""done""","0.0011830311456955123","146.8277806426194","25.684680290045957","38.052510731530184","36.26280897842385","""Clay loam""","""D""","""woods-grass combination or tree farm | lightly or only occasionally grazed | good""","79","0.5547826404029073","0.306","0.16419620229061985","0.14180379770938015","1","5.854940353061892","44.75493979863351","49.39011984830461","""wood-grass""","17.530494007584768"
"43","6","[118.00450721189608 218.00450721189608 0]","""""","9.9","86.20269317436444","64","true","3","""done""","0.003544896404737763","169.1088293801529","22.518022411067044","39.96375968724243","37.51821790169053","""Clay loam""","""D""","""woods-grass combination or tree farm | lightly or only occasionally grazed | good""","79","0.5604319805576073","0.306","0.1589234848128998","0.1470765151871002","1","3.0709855053506487","47.29411736840723","49.63489712624213","""wood-grass""","17.518255143687888"
"44","6","[122.1219518600098 222.1219518600098 0]","""""","9.9","87.8148098318886","64","true","3","""done""","0.003544896404737763","143.9554902215272","22.376934905755274","38.95319724719244","38.66986784705229","""Clay loam""","""D""","""woods-grass combination or tree farm | lightly or only occasionally grazed | good""","79","0.5656144053117353","0.306","0.1540865550423804","0.1519134449576196","1","3.0709855053506487","47.29411736840723","49.63489712624213","""wood-grass""","17.518255143687888"
"45","6","[126.32226085618294 226.32226085618294 0]","""""","9.9","89.45937064039427","64","true","6","""done""","0.00707722651895526","141.6372803077635","23.959540692067012","40.42849319551954","35.61196611241344","""Clay loam""","""D""","""woods | used and managed but not planted | good""","77","0.5518538475058605","0.306","0.16692974232786356","0.13907025767213643","1","0","49.997907806624276","50.002092193375724","""woodland""","17.499895390331215"
"46","6","[132.1040639977486 232.1040639977486 0]","""""","9.9","91.72313905785524","32","false","0","""done""","0","140.6934432753541","25.30454050126149","37.71670863964133","36.97875085909717","""Clay loam""","""D""","""woods-grass combination or tree farm | lightly or only occasionally grazed | good""","79","0.5580043788659372","0.306","0.1611892463917919","0.14481075360820808","1","7.2375519172233","43.49470664368795","49.26774143908875","""wood-grass""","17.53661292804556"
"47","6","[134.66065832407196 234.66065832407196 0]","""""","9.9","92.72413085063764","64","true","1","""done""","0.0011830311456955123","137.89040729433472","25.729195207269356","37.77396899347997","36.49683579925067","""Clay loam""","""D""","""woods-grass combination or tree farm | lightly or only occasionally grazed | good""","79","0.555835761096628","0.306","0.1632132896431472","0.14278671035685278","1","5.854940353061892","44.75493979863351","49.39011984830461","""wood-grass""","17.530494007584768"
"48","6","[137.6913979140402 237.6913979140402 0]","""""","9.9","93.91076629936045","64","false","0","""done""","0","167.16980505770928","28.475159689013203","37.16760195127156","34.35723835971525","""Clay loam""","""D""","""woods-grass combination or tree farm | lightly or only occasionally grazed | good""","79","0.5462075726187186","0.306","0.17219959888919598","0.13380040111080402","1","7.2375519172233","43.49470664368795","49.26774143908875","""wood-grass""","17.53661292804556"
"49","6","[141.02279784828016 241.02279784828016 0]","""""","9.9","95.21512028243669","2","false","0","""done""","0","171.56654290843818","25.210736689333284","39.71350324336521","35.07576006730151","""Clay loam""","""D""","""woods-grass combination or tree farm | lightly or only occasionally grazed | good""","79","0.5494409203028567","0.306","0.16918180771733368","0.1368181922826663","1","7.2375519172233","43.49470664368795","49.26774143908875","""wood-grass""","17.53661292804556"
"0","5","[68.01150281840518 168.01150281840518 0]","""""","9.9","66.62876758939102","32","false","0","""done""","0","138.51411867892435","24.401604512300707","39.72717871577577","35.87121677192352","""Clay loam""","""D""","""woods-grass combination or tree farm | lightly or only occasionally grazed | good""","79","0.5530204754736558","0.306","0.16584088955792123","0.14015911044207877","1","7.2375519172233","43.49470664368795","49.26774143908875","""wood-grass""","17.53661292804556"
"1","5","[64.05975198745858 164.05975198745858 0]","""5""","9.9","65.08152557755912","4","false","0","""done""","0","143.64897007013226","23.417960126082416","42.163681319342146","34.418358554575434","""Clay loam""","""D""","""woods-grass combination or tree farm | lightly or only occasionally grazed | good""","79","0.5464826134955895","0.306","0.1719428940707832","0.1340571059292168","1","7.2375519172233","43.49470664368795","49.26774143908875","""wood-grass""","17.53661292804556"
"2","5","[59.511781702746134 159.51178170274613 0]","""""","9.9","63.30084380026585","4","false","0","""done""","0","179.52374270587723","22.276879763904212","40.150990122154724","37.57213011394106","""Clay loam""","""D""","""woods-grass combination or tree farm | lightly or only occasionally grazed | good""","79","0.5606745855127347","0.306","0.15869705352144758","0.1473029464785524","0.9785738130316037","7.2375519172233","43.49470664368795","49.26774143908875","""wood-grass""","17.53661292804556"
"3","5","[55.13602635013325 155.13602635013325 0]","""""","9.9","61.587589902261556","4","true","3","""done""","0.003544896404737763","164.04829708015436","24.813267856199133","39.7979770753982","35.38875506840267","""Clay loam""","""D""","""woods-grass combination or tree farm | lightly or only occasionally grazed | good""","79","0.5508493978078121","0.306","0.1678672287127088","0.1381327712872912","1","3.0709855053506487","47.29411736840723","49.63489712624213","""wood-grass""","17.518255143687888"
"4","5","[51.7396194535967 151.7396194535967 0]","""""","9.9","60.257783529237244","4","true","3","""done""","0.003544896404737763","152.95183752987194","24.238777686493584","37.73151655286903","38.029705760637384","""Clay loam""","""D""","""woods-grass combination or tree farm | lightly or only occasionally grazed | good""","79","0.5627336759228683","0.306","0.156775235805323","0.149224764194677","1","3.0709855053506487","47.29411736840723","49.63489712624213","""wood-grass""","17.518255143687888"
"5","5","[48.66103072618799 148.661030726188 0]","""""","9.9","59.05241355021509","4","false","0","""done""","0","192.08858660032607","23.915673249299836","38.654367842502594","37.42995890819756","""Clay loam""","""D""","""woods-grass combination or tree farm | lightly or only occasionally grazed | good""","79","0.560034815086889","0.306","0.15929417258557024","0.14670582741442975","0.9145636216009131","7.2375519172233","43.49470664368795","49.26774143908875","""wood-grass""","17.53661292804556"
"6","5","[44.782275871439225 144.78227587143923 0]","""""","9.9","57.53375189324351","4","true","9","""done""","0.010597034888850443","172.96043132309404","23.66443866513364","39.2586602017485","37.07690113311785","""Clay loam""","""D""","""woods | used and managed but not planted | good""","77","0.5584460550990303","0.306","0.16077701524090504","0.14522298475909495","1","0","49.63071296516659","50.36928703483341","""woodland""","17.48153564825833"
"7","5","[40.30566426240907 140.30566426240907 0]","""""","9.9","55.78100941314977","2","true","1","""done""","0.0011830311456955123","130.38669709260284","24.362063787696975","41.62099034867933","34.0169458636237","""Clay loam""","""D""","""woods-grass combination or tree farm | lightly or only occasionally grazed | good""","79","0.5446762563863066","0.306","0.1736288273727805","0.1323711726272195","1","5.854940353061892","44.75493979863351","49.39011984830461","""wood-grass""","17.530494007584768"
"8","5","[35.25746162978797 135.25746162978797 0]","""""","9.9","53.80447001793675","4","true","9","""done""","0.010597034888850443","131.8235298147607","22.228625974085116","39.22784252462466","38.543531501290225","""Clay loam""","""D""","""woods | used and managed but not planted | good""","77","0.565045891755806","0.306","0.15461716769458106","0.15138283230541894","1","0","49.63071296516659","50.36928703483341","""woodland""","17.48153564825833"
"9","5","[31.17916344405026 131.17916344405026 0]","""""","9.9","52.20768050369512","4","true","2","""done""","0.002364662728699396","175.0011409182277","23.41289683561359","43.26520513205739","33.32189803232902","""Clay loam""","""D""","""woods-grass combination or tree farm | lightly or only occasionally grazed | good""","79","0.5415485411454806","0.306","0.17654802826421814","0.12945197173578185","1","4.46554699695929","46.02194743691256","49.51250556612814","""wood-grass""","17.524374721693594"
"10","5","[26.63161574945758 126.63161574945758 0]","""""","9.9","50.42716418450259","4","true","1","""done""","0.0011830311456955123","144.94189141903533","21.135481575507246","42.279334986900516","36.58518343759224","""Clay loam""","""D""","""woods-grass combination or tree farm | lightly or only occasionally grazed | good""","79","0.556233325469165","0.306","0.16284222956211258","0.1431577704378874","1","5.854940353061892","44.75493979863351","49.39011984830461","""wood-grass""","17.530494007584768"
"11","5","[21.91681290248276 121.91681290248276 0]","""""","9.9","48.58116190490121","4","true","1","""done""","0.0011830311456955123","182.92469529141445","28.359886835975043","37.83459767967757","33.80551548434738","""Clay loam""","""D""","""woods-grass combination or tree farm | lightly or only occasionally grazed | good""","79","0.5437248196795632","0.306","0.174516834965741","0.131483165034259","0.9603800796252588","5.854940353061892","44.75493979863351","49.39011984830461","""wood-grass""","17.530494007584768"
"12","5","[18.296479285439915 118.29647928543991 0]","""""","9.9","47.16368076584006","2","true","36","""done""","0.041719104121338835","150.22251752742156","23.218764882720752","39.27261313358529","37.50862198369396","""Clay loam""","""D""","""woods | used and managed but not planted | good""","77","0.5603887989266229","0.306","0.15896378766848537","0.14703621233151462","1","0","46.33249092768993","53.66750907231007","""woodland""","17.316624546384496"
"13","5","[13.229599107398172 113.22959910739817 0]","""""","9.9","45.179828489782835","4","true","37","""done""","0.0428527802674884","144.8834314978923","26.066958107457893","38.73293118086973","35.20011071167238","""Clay loam""","""D""","""woods | used and managed but not planted | good""","77","0.5500004982025257","0.306","0.16865953501097602","0.13734046498902397","1","0","46.21077105356945","53.78922894643055","""woodland""","17.310538552678473"
"14","5","[8.723625866196244 108.72362586619624 0]","""""","9.9","43.41558995318767","2","true","8","""done""","0.009425153993882662","169.41990866582282","23.94529851940652","38.50225680326957","37.55244467732392","""Clay loam""","""D""","""woods | used and managed but not planted | good""","77","0.5605860010479576","0.306","0.15877973235523957","0.14722026764476043","1","0","49.753108775600275","50.246891224399725","""woodland""","17.487655438780013"
"15","5","[5.076002806557611 105.07600280655761 0]","""""","9.9","41.98742408883134","8","true","23","""done""","0.026858542013937226","180.00814994920398","22.498824313823622","40.95138557318703","36.549790112989356","""Clay loam""","""D""","""woods | used and managed but not planted | good""","77","0.5560740555084521","0.306","0.16299088152544472","0.14300911847455527","0.9759404420242568","0","47.918303033307154","52.081696966692846","""woodland""","17.395915151665356"
"16","5","[4.542190317121623 104.54219031712162 0]","""""","9.9","41.778418727555035","16","true","1872","""done""","0.8909496230328778","230.44592586816304","20.38791477079465","40.93449930986164","38.67758591934371","""Clay loam""","""D""","""woods | used and managed but not planted | good""","77","0.5656491366370466","0.306","0.15405413913875643","0.15194586086124356","0.7623360350918024","0","0.010769944604902548","99.9892300553951","""woodland""","15.000538497230245"
"17","5","[9.452587896020589 109.45258789602059 0]","""""","9.9","43.701002856436006","32","false","0","""done""","0","133.6055900757722","21.778079644347862","42.162869951330265","36.05905040432187","""Clay loam""","""D""","""woods-grass combination or tree farm | lightly or only occasionally grazed | good""","79","0.5538657268194485","0.306","0.16505198830184814","0.14094801169815185","1","7.2375519172233","43.49470664368795","49.26774143908875","""wood-grass""","17.53661292804556"
"18","5","[14.26629318401632 114.26629318401632 0]","""""","9.9","45.58572873435282","64","false","0","""done""","0","178.46420278311757","20.911647079727384","40.83766300777719","38.25068991249544","""Clay loam""","""D""","""woods-grass combination or tree farm | lightly or only occasionally grazed | good""","79","0.5637281046062295","0.306","0.15584710236751917","0.15015289763248083","0.9843835945233809","7.2375519172233","43.49470664368795","49.26774143908875","""wood-grass""","17.53661292804556"
"19","5","[17.776571843137077 117.77657184313708 0]","""""","9.9","46.960119693442614","64","true","1","""done""","0.0011830311456955123","159.46084653219364","23.67466666966663","38.74712702955832","37.57820630077504","""Clay loam""","""D""","""woods-grass combination or tree farm | lightly or only occasionally grazed | good""","79","0.5607019283534876","0.306","0.15867153353674485","0.14732846646325515","1","5.854940353061892","44.75493979863351","49.39011984830461","""wood-grass""","17.530494007584768"
"20","5","[23.105232541716234 123.10523254171623 0]","""""","9.9","49.046467758475906","32","false","0","""done""","0","157.69287621216716","25.360395619976313","33.61512934890355","41.024475031120126","""Clay""","""D""","""woods-grass combination or tree farm | lightly or only occasionally grazed | good""","79","0.5762101376400406","0.357","0.19519720486929548","0.1618027951307045","0.6012040685228943","7.2375519172233","43.49470664368795","49.26774143908875","""wood-grass""","17.53661292804556"
"21","5","[26.20350214571104 126.20350214571104 0]","""""","9.9","50.2595434558964","64","true","31","""done""","0.036030550113287374","160.75506700936413","26.435566145728227","37.81373504113604","35.75069881313573","""Clay loam""","""D""","""woods | used and managed but not planted | good""","77","0.5524781446591107","0.306","0.16634706498482996","0.13965293501517004","1","0","46.94171734069237","53.05828265930763","""woodland""","17.347085867034618"
"22","5","[31.78722736122623 131.78722736122623 0]","""""","9.9","52.44575777090692","32","false","0","""done""","0","171.09388499913098","26.671267147591497","40.638721587274354","32.69001126513415","""Clay loam""","""D""","""woods-grass combination or tree farm | lightly or only occasionally grazed | good""","79","0.5387050506931037","0.306","0.17920195268643657","0.12679804731356342","1","7.2375519172233","43.49470664368795","49.26774143908875","""wood-grass""","17.53661292804556"
"23","5","[35.57887685637064 135.57887685637064 0]","""""","9.9","53.930314779685574","64","false","0","""done""","0","166.200063750987","24.643879258032655","42.77366860834204","32.58245213362532","""Clay loam""","""D""","""woods-grass combination or tree farm | lightly or only occasionally grazed | good""","79","0.5382210346013139","0.306","0.17965370103877368","0.12634629896122632","1","7.2375519172233","43.49470664368795","49.26774143908875","""wood-grass""","17.53661292804556"
"24","5","[39.51774596742129 139.5177459674213 0]","""""","9.9","55.47251316932055","64","false","0","""done""","0","135.6608558941599","23.7114269935228","38.622172974531125","37.666400031946075","""Clay loam""","""D""","""woods-grass combination or tree farm | lightly or only occasionally grazed | good""","79","0.5610988001437573","0.306","0.15830111986582648","0.1476988801341735","1","7.2375519172233","43.49470664368795","49.26774143908875","""wood-grass""","17.53661292804556"
"25","5","[43.31889037414746 143.31889037414746 0]","""""","9.9","56.96078775208763","64","false","0","""done""","0","164.492134545719","22.16107972219224","36.82833881382759","41.01058146398017","""Clay""","""D""","""woods-grass combination or tree farm | lightly or only occasionally grazed | good""","79","0.5761476165879107","0.357","0.19525555785128332","0.16174444214871667","0.5763533862434117","7.2375519172233","43.49470664368795","49.26774143908875","""wood-grass""","17.53661292804556"
"26","5","[47.148975454552186 147.1489754545522 0]","""""","9.9","58.460393572091526","64","true","2","""done""","0.002364662728699396","149.68963800838623","25.152998738764715","37.41255383974955","37.43444742148574","""Clay loam""","""D""","""woods-grass combination or tree farm | lightly or only occasionally grazed | good""","79","0.5600550133966858","0.306","0.1592753208297599","0.1467246791702401","1","4.46554699695929","46.02194743691256","49.51250556612814","""wood-grass""","17.524374721693594"
"27","5","[51.530647171928564 151.53064717192856 0]","""""","9.9","60.17596392386808","32","true","1","""done""","0.0011830311456955123","197.04959112416108","24.54073296890829","36.973789048102724","38.48547798298899","""Clay loam""","""D""","""woods-grass combination or tree farm | lightly or only occasionally grazed | good""","79","0.5647846509234504","0.306","0.15486099247144625","0.15113900752855375","0.8915381779132974","5.854940353061892","44.75493979863351","49.39011984830461","""wood-grass""","17.530494007584768"
"28","5","[55.14566837145878 155.14566837145878 0]","""""","9.9","61.591365074612256","64","true","1","""done""","0.0011830311456955123","145.48499922709294","22.819727339603006","41.24256738264379","35.93770527775321","""Clay loam""","""D""","""woods-grass combination or tree farm | lightly or only occasionally grazed | good""","79","0.5533196737498894","0.306","0.16556163783343653","0.14043836216656347","1","5.854940353061892","44.75493979863351","49.39011984830461","""wood-grass""","17.530494007584768"
"29","5","[58.960071732020936 158.96007173202094 0]","""""","9.9","63.084830979222644","64","true","13","""done""","0.01527071114425227","146.46569414567983","19.721888300394014","41.66982282081702","38.608288878788976","""Silty clay loam""","""D""","""woods | used and managed but not planted | good""","77","0.5653372999545504","0.2365","0.0848451867090863","0.15165481329091368","0.817694848705046","0","49.14118864617969","50.85881135382031","""woodland""","17.457059432308984"
"30","5","[62.58076196732205 162.58076196732205 0]","""""","9.9","64.50245174620443","32","true","11","""done""","0.012936639204113476","181.70304670630264","26.123331297312564","38.94090383388104","34.93576486880639","""Clay loam""","""D""","""woods | used and managed but not planted | good""","77","0.5488109419096288","0.306","0.16976978755101318","0.1362302124489868","0.9668370267525139","0","49.385936088390636","50.614063911609364","""woodland""","17.469296804419532"
"31","5","[68.35857587708611 168.3585758770861 0]","""""","9.9","66.76465824660573","32","true","4","""done""","0.004723733827578291","150.65609262953026","21.800203214457028","40.55627025630581","37.643526529237164","""Clay loam""","""D""","""woods-grass combination or tree farm | lightly or only occasionally grazed | good""","79","0.5609958693815672","0.306","0.15839718857720392","0.14760281142279608","1","1.672896220173925","48.569810717776754","49.75729306204932","""wood-grass""","17.512135346897534"
"32","5","[73.17034114410194 173.17034114410194 0]","""""","9.9","68.64862454172183","64","false","0","""done""","0","168.66173991236357","25.502560678582082","36.82193519009504","37.675504131322896","""Clay loam""","""D""","""woods-grass combination or tree farm | lightly or only occasionally grazed | good""","79","0.561139768590953","0.306","0.15826288264844385","0.14773711735155615","1","7.2375519172233","43.49470664368795","49.26774143908875","""wood-grass""","17.53661292804556"
"33","5","[76.7055635742305 176.7055635742305 0]","""""","9.9","70.0327818175881","64","true","6","""done""","0.00707722651895526","209.44146996309013","25.456740475332435","38.74286030999585","35.800399214671714","""Clay loam""","""D""","""woods | used and managed but not planted | good""","77","0.5527017964660227","0.306","0.16613832329837883","0.13986167670162117","0.8387891541267086","0","49.997907806624276","50.002092193375724","""woodland""","17.499895390331215"
"34","5","[80.81490272165269 180.8149027216527 0]","""""","9.9","71.64172490174354","64","true","11","""done""","0.012936639204113476","149.31570420252982","21.596838572877857","43.97000463677529","34.43315679034684","""Clay loam""","""D""","""woods | used and managed but not planted | good""","77","0.5465492055565608","0.306","0.17188074148054328","0.13411925851945672","1","0","49.385936088390636","50.614063911609364","""woodland""","17.469296804419532"
"35","5","[84.38245281906 184.38245281906 0]","""""","9.9","73.03853953560075","64","false","0","""done""","0","144.40631939393597","22.546215074312066","41.537271685485045","35.916513240202875","""Clay loam""","""D""","""woods-grass combination or tree farm | lightly or only occasionally grazed | good""","79","0.553224309580913","0.306","0.16565064439114793","0.14034935560885206","1","7.2375519172233","43.49470664368795","49.26774143908875","""wood-grass""","17.53661292804556"
"36","5","[87.88177160291855 187.88177160291855 0]","""""","9.9","74.40863933864969","64","true","2","""done""","0.002364662728699396","144.1698040433811","19.634062300237307","40.152301235708464","40.213636464054225","""Silty clay""","""D""","""woods-grass combination or tree farm | lightly or only occasionally grazed | good""","79","0.572561364088244","0.3485","0.19010272685097224","0.15839727314902774","0.9735258530532191","4.46554699695929","46.02194743691256","49.51250556612814","""wood-grass""","17.524374721693594"
"37","5","[92.55205979672428 192.55205979672428 0]","""""","9.9","76.23721264955549","64","true","3","""done""","0.003544896404737763","168.90609240595722","21.96208872724814","37.85024052320332","40.18767074954854","""Clay""","""D""","""woods-grass combination or tree farm | lightly or only occasionally grazed | good""","79","0.5724445183729684","0.357","0.19871178285189614","0.15828821714810384","0.5612917651778456","3.0709855053506487","47.29411736840723","49.63489712624213","""wood-grass""","17.518255143687888"
"38","5","[95.51657211205264 195.51657211205264 0]","""""","9.9","77.39791791542125","64","true","31","""done""","0.036030550113287374","166.39319231599444","22.197474954632153","37.930412768855284","39.87211227651255","""Clay loam""","""D""","""woods | used and managed but not planted | good""","77","0.5710245052443065","0.306","0.1490371284386473","0.1569628715613527","1","0","46.94171734069237","53.05828265930763","""woodland""","17.347085867034618"
"39","5","[100.24470537977493 200.24470537977493 0]","""""","9.9","79.24913949854104","32","true","22","""done""","0.02570592177432951","181.72882319709845","25.355852011414896","40.1975109588955","34.446637029689605","""Clay loam""","""D""","""woods | used and managed but not planted | good""","77","0.5466098666336032","0.306","0.17182412447530368","0.13417587552469631","0.9666998901922113","0","48.040503595523745","51.959496404476255","""woodland""","17.40202517977619"
"40","5","[104.81144909278589 204.8114490927859 0]","""""","9.9","81.03717169801733","32","true","19","""done""","0.022239863381334102","179.75100484754336","19.405792764799134","40.58655532234167","40.007651912859195","""Silty clay""","""D""","""woods | used and managed but not planted | good""","77","0.5716344336078664","0.3485","0.1909678619659914","0.1575321380340086","0.7808191758643526","0","48.407240143221166","51.592759856778834","""woodland""","17.42036200716106"
"41","5","[109.80334246918022 209.80334246918022 0]","""""","9.9","82.99166414477227","32","true","4","""done""","0.004723733827578291","170.67426973288056","26.366970114861402","37.33780592736123","36.29522395777737","""Clay loam""","""D""","""woods-grass combination or tree farm | lightly or only occasionally grazed | good""","79","0.5549285078099981","0.306","0.16406005937733506","0.14193994062266493","1","1.672896220173925","48.569810717776754","49.75729306204932","""wood-grass""","17.512135346897534"
"42","5","[115.93709456575527 215.93709456575527 0]","""""","9.9","85.39323229518867","32","true","2","""done""","0.002364662728699396","121.0853590655691","22.52345556962102","41.57571659419521","35.90082783618378","""Clay loam""","""D""","""woods-grass combination or tree farm | lightly or only occasionally grazed | good""","79","0.553153725262827","0.306","0.16571652308802814","0.14028347691197185","1","4.46554699695929","46.02194743691256","49.51250556612814","""wood-grass""","17.524374721693594"
"43","5","[120.8335313608195 220.8335313608195 0]","""""","9.9","87.31035031241653","64","false","0","""done""","0","141.4630703735619","27.722196753771627","38.212242788962406","34.065560457265974","""Clay loam""","""D""","""woods-grass combination or tree farm | lightly or only occasionally grazed | good""","79","0.5448950220576969","0.306","0.1734246460794829","0.13257535392051709","1","7.2375519172233","43.49470664368795","49.26774143908875","""wood-grass""","17.53661292804556"
"44","5","[125.1197685017874 225.1197685017874 0]","""""","9.9","88.98855485032541","64","true","2","""done""","0.002364662728699396","167.04517778399318","23.688605694326604","40.00316857628082","36.308225729392575","""Clay loam""","""D""","""woods-grass combination or tree farm | lightly or only occasionally grazed | good""","79","0.5549870157822666","0.306","0.1640054519365512","0.1419945480634488","1","4.46554699695929","46.02194743691256","49.51250556612814","""wood-grass""","17.524374721693594"
"45","5","[128.67633336123657 228.67633336123657 0]","""""","9.9","90.38106839780194","64","true","2","""done""","0.002364662728699396","168.42914986112285","17.692474690417228","45.94753187332544","36.35999343625733","""Silty clay loam""","""D""","""woods-grass combination or tree farm | lightly or only occasionally grazed | good""","79","0.555219970463158","0.2365","0.09428802756771923","0.14221197243228076","0.7110660103294593","4.46554699695929","46.02194743691256","49.51250556612814","""wood-grass""","17.524374721693594"
"46","5","[132.38144292695276 232.38144292695276 0]","""""","9.9","91.83174214312588","64","true","4","""done""","0.004723733827578291","188.13931131134038","24.375440791630595","39.45747545873601","36.16708374963339","""Clay loam""","""D""","""woods-grass combination or tree farm | lightly or only occasionally grazed | good""","79","0.5543518768733502","0.306","0.16459824825153976","0.14140175174846023","0.9337614356346675","1.672896220173925","48.569810717776754","49.75729306204932","""wood-grass""","17.512135346897534"
"47","5","[136.99063377852133 236.99063377852133 0]","""""","9.9","93.63639381049576","32","false","0","""done""","0","144.17592150002616","24.99965572326835","36.74836901426454","38.25197526246711","""Clay loam""","""D""","""woods-grass combination or tree farm | lightly or only occasionally grazed | good""","79","0.563733888681102","0.306","0.15584170389763813","0.15015829610236187","1","7.2375519172233","43.49470664368795","49.26774143908875","""wood-grass""","17.53661292804556"
"48","5","[141.1270402423874 241.1270402423874 0]","""""","9.9","95.25593465016291","64","false","0","""done""","0","156.97934569022945","26.34876897697037","39.977095331864426","33.674135691165205","""Clay loam""","""D""","""woods-grass combination or tree farm | lightly or only occasionally grazed | good""","79","0.5431336106102433","0.306","0.17506863009710616","0.13093136990289383","1","7.2375519172233","43.49470664368795","49.26774143908875","""wood-grass""","17.53661292804556"
"49","5","[146.23519296505665 246.23519296505665 0]","""""","9.9","97.25594650148557","2","false","0","""done""","0","170.14277729979875","23.254377712438142","42.17268273430338","34.572939553258486","""Clay loam""","""D""","""woods-grass combination or tree farm | lightly or only occasionally grazed | good""","79","0.5471782279896632","0.306","0.17129365387631437","0.13470634612368562","1","7.2375519172233","43.49470664368795","49.26774143908875","""wood-grass""","17.53661292804556"
"0","4","[65.15825025502579 165.1582502550258 0]","""""","9.9","65.5116242204681","32","false","0","""done""","0","162.01072810302955","25.511897656490024","41.719101569516845","32.76900077399313","""Clay loam""","""D""","""woods-grass combination or tree farm | lightly or only occasionally grazed | good""","79","0.5390605034829691","0.306","0.17887019674922888","0.1271298032507711","1","7.2375519172233","43.49470664368795","49.26774143908875","""wood-grass""","17.53661292804556"
"1","4","[61.4533255164352 161.4533255164352 0]","""""","9.9","64.06102284111708","4","false","0","""done""","0","149.2203349066986","24.260609696318348","39.02392337987347","36.71546692380818","""Clay loam""","""D""","""woods-grass combination or tree farm | lightly or only occasionally grazed | good""","79","0.5568196011571368","0.306","0.16229503892000566","0.14370496107999434","1","7.2375519172233","43.49470664368795","49.26774143908875","""wood-grass""","17.53661292804556"
"2","4","[57.29749814139717 157.29749814139717 0]","""""","9.9","62.43387806816598","4","true","1","""done""","0.0011830311456955123","155.74704812995964","25.53392961391494","38.3033696592352","36.16270072684986","""Clay loam""","""D""","""woods-grass combination or tree farm | lightly or only occasionally grazed | good""","79","0.5543321532708244","0.306","0.1646166569472306","0.1413833430527694","1","5.854940353061892","44.75493979863351","49.39011984830461","""wood-grass""","17.530494007584768"
"3","4","[52.84872301629463 152.84872301629463 0]","""""","9.9","60.69203449826091","4","true","1","""done""","0.0011830311456955123","179.13935158674846","25.5983482460502","36.62471901116978","37.77693274278001","""Clay loam""","""D""","""woods-grass combination or tree farm | lightly or only occasionally grazed | good""","79","0.5615961973425101","0.306","0.15783688248032396","0.14816311751967604","0.9806736033892749","5.854940353061892","44.75493979863351","49.39011984830461","""wood-grass""","17.530494007584768"
"4","4","[48.84022769577953 148.84022769577953 0]","""""","9.9","59.12257512962788","4","true","4","""done""","0.004723733827578291","147.71763990450717","27.078347621942548","40.05064269110489","32.87100968695255","""Clay loam""","""D""","""woods-grass combination or tree farm | lightly or only occasionally grazed | good""","79","0.5395195435912865","0.306","0.1784417593147993","0.1275582406852007","1","1.672896220173925","48.569810717776754","49.75729306204932","""wood-grass""","17.512135346897534"
"5","4","[45.43474132623152 145.43474132623152 0]","""""","9.9","57.789213840646156","4","true","4","""done""","0.004723733827578291","177.45620063299137","23.9019371911415","41.794837360926536","34.30322544793197","""Clay loam""","""D""","""woods-grass combination or tree farm | lightly or only occasionally grazed | good""","79","0.5459645145156938","0.306","0.17242645311868574","0.13357354688131426","0.9899751758617005","1.672896220173925","48.569810717776754","49.75729306204932","""wood-grass""","17.512135346897534"
"6","4","[41.15244714165513 141.15244714165513 0]","""""","9.9","56.11255310143329","2","true","1","""done""","0.0011830311456955123","158.2657425922129","26.713726820369256","38.280727503623424","35.00554567600733","""Clay loam""","""D""","""woods-grass combination or tree farm | lightly or only occasionally grazed | good""","79","0.549124955542033","0.306","0.16947670816076923","0.13652329183923076","1","5.854940353061892","44.75493979863351","49.39011984830461","""wood-grass""","17.530494007584768"
"7","4","[37.3741769254801 137.3741769254801 0]","""""","9.9","54.633234525793526","2","true","12","""done""","0.014104365902709914","117.87690968181684","22.221145524555375","44.16921594063176","33.60963853481287","""Clay loam""","""D""","""woods | used and managed but not planted | good""","77","0.5428433734066579","0.306","0.17533951815378596","0.13066048184621404","1","0","49.26355795494361","50.73644204505639","""woodland""","17.46317789774718"
"8","4","[33.407619826546636 133.40761982654664 0]","""""","9.9","53.08019536711514","4","true","13","""done""","0.01527071114425227","172.4127040786973","21.607700329282537","41.83318019988761","36.55911947082986","""Clay loam""","""D""","""woods | used and managed but not planted | good""","77","0.5561160376187344","0.306","0.1629516982225146","0.1430483017774854","1","0","49.14118864617969","50.85881135382031","""woodland""","17.457059432308984"
"9","4","[28.871837945607183 128.87183794560718 0]","""""","9.9","51.3042857556748","4","true","10","""done""","0.011767529412220479","162.85537178404877","28.92174361746305","37.49848667492356","33.57976970761339","""Clay loam""","""D""","""woods | used and managed but not planted | good""","77","0.5427089636842602","0.306","0.1754649672280238","0.1305350327719762","1","0","49.508321580567106","50.491678419432894","""woodland""","17.475416079028356"
"10","4","[23.768812972585877 123.76881297258588 0]","""""","9.9","49.30628158905213","2","true","3","""done""","0.003544896404737763","164.5846052683144","28.779583955380637","32.94896140860651","38.27145463601286","""Clay loam""","""D""","""woods-grass combination or tree farm | lightly or only occasionally grazed | good""","79","0.5638215458620579","0.306","0.155759890528746","0.150240109471254","1","3.0709855053506487","47.29411736840723","49.63489712624213","""wood-grass""","17.518255143687888"
"11","4","[19.357121567390962 119.35712156739096 0]","""""","9.9","47.57895753008049","4","true","6","""done""","0.00707722651895526","161.50052246997683","24.654407563819067","38.98797030083937","36.35762213534156","""Clay loam""","""D""","""woods | used and managed but not planted | good""","77","0.555209299609037","0.306","0.16379798703156548","0.14220201296843452","1","0","49.997907806624276","50.002092193375724","""woodland""","17.499895390331215"
"12","4","[15.216835933614291 115.21683593361429 0]","""""","9.9","45.95789786624819","4","true","2","""done""","0.002364662728699396","132.1141149846476","19.087516075268635","38.530966740092445","42.381517184638916","""Clay""","""D""","""woods-grass combination or tree farm | lightly or only occasionally grazed | good""","79","0.5823168273308751","0.357","0.18949762782451657","0.16750237217548342","0.717603859109596","4.46554699695929","46.02194743691256","49.51250556612814","""wood-grass""","17.524374721693594"
"13","4","[11.1839502879062 111.1839502879062 0]","""""","9.9","44.378888873300454","2","false","0","""done""","0","173.439064372653","23.49812627694568","41.55828899656933","34.943584726484985","""Clay loam""","""D""","""woods-grass combination or tree farm | lightly or only occasionally grazed | good""","79","0.5488461312691824","0.306","0.16973694414876309","0.1362630558512369","1","7.2375519172233","43.49470664368795","49.26774143908875","""wood-grass""","17.53661292804556"
"14","4","[6.302232657335878 106.30223265733588 0]","""""","9.9","42.467533899001744","2","true","39","""done""","0.045116110623868","184.23883011205044","23.030283413402266","38.672634668659015","38.29708191793872","""Clay loam""","""D""","""woods | used and managed but not planted | good""","77","0.5639368686307242","0.306","0.1556522559446574","0.1503477440553426","0.9535299009581822","0","45.967468202186566","54.032531797813434","""woodland""","17.298373410109328"
"15","4","[4.28678419443834 104.28678419443834 0]","""""","9.9","41.678418727555034","8","true","1938","""done""","0.8991450171379284","223.59562250301198","21.525109281285026","47.47960085028421","30.995289868430753","""Clay loam""","""D""","""woods | used and managed but not planted | good""","77","0.5310788044079384","0.306","0.18631978255259085","0.11968021744740916","0.785691738786292","0","0.007796319138847707","99.99220368086115","""woodland""","15.000389815956941"
"16","4","[6.263444598266531 106.26344459826653 0]","""""","9.9","42.45234708254572","32","false","0","""done""","0","161.67596301608384","23.889092350352836","41.5342639391944","34.57664371045276","""Clay loam""","""D""","""woods-grass combination or tree farm | lightly or only occasionally grazed | good""","79","0.5471948966970374","0.306","0.17127809641609842","0.13472190358390157","1","7.2375519172233","43.49470664368795","49.26774143908875","""wood-grass""","17.53661292804556"
"17","4","[9.49935045562765 109.49935045562765 0]","""""","9.9","43.719311955339265","64","true","14","""done""","0.01643567656304723","149.32928670923795","24.009242616502394","40.05856762605042","35.93218975744718","""Clay loam""","""D""","""woods | used and managed but not planted | good""","77","0.5532948539085123","0.306","0.16558480301872183","0.14041519698127816","1","0","49.01882962762967","50.98117037237033","""woodland""","17.450941481381484"
"18","4","[14.532914730272424 114.53291473027242 0]","""""","9.9","45.690119946064975","32","true","12","""done""","0.014104365902709914","192.01160093116158","20.97949151108501","40.71607984320496","38.30442864571005","""Clay loam""","""D""","""woods | used and managed but not planted | good""","77","0.5639699289056952","0.306","0.1556213996880178","0.1503786003119822","0.9149303093013488","0","49.26355795494361","50.73644204505639","""woodland""","17.46317789774718"
"19","4","[19.395808131989483 119.39580813198948 0]","""""","9.9","47.59410460807223","32","true","10","""done""","0.011767529412220479","151.9661814673952","24.210156915061642","37.88579583603556","37.904047248902785","""Clay loam""","""D""","""woods | used and managed but not planted | good""","77","0.5621682126200626","0.306","0.15730300155460833","0.14869699844539166","1","0","49.508321580567106","50.491678419432894","""woodland""","17.475416079028356"
"20","4","[24.67388673603692 124.67388673603692 0]","""""","9.9","49.66064809911948","32","true","1","""done""","0.0011830311456955123","181.8471809018297","23.48873463587443","42.34295379246345","34.16831157166213","""Clay loam""","""D""","""woods-grass combination or tree farm | lightly or only occasionally grazed | good""","79","0.5453574020724796","0.306","0.17299309139901906","0.13300690860098094","0.9660707004538843","5.854940353061892","44.75493979863351","49.39011984830461","""wood-grass""","17.530494007584768"
"21","4","[28.99782376929724 128.99782376929724 0]","""""","9.9","51.353613399964004","32","false","0","""done""","0","172.89712375724383","24.075795631802208","41.160119711392184","34.76408465680561","""Clay loam""","""D""","""woods-grass combination or tree farm | lightly or only occasionally grazed | good""","79","0.5480383809556253","0.306","0.17049084444141646","0.13550915555858353","1","7.2375519172233","43.49470664368795","49.26774143908875","""wood-grass""","17.53661292804556"
"22","4","[33.146396634152694 133.1463966341527 0]","""""","9.9","52.977917790661785","64","true","29","""done""","0.033745684547090926","141.93227895399363","17.19910785644882","40.89798566773179","41.90290647581939","""Silty clay""","""D""","""woods | used and managed but not planted | good""","77","0.5801630791411873","0.3485","0.18300779280155854","0.16549220719844143","0.9888732323627559","0","47.185673627475296","52.814326372524704","""woodland""","17.359283681373768"
"23","4","[36.625782290886036 136.62578229088604 0]","""""","9.9","54.34021311082841","32","true","28","""done""","0.032601221662009294","163.5681861621062","23.83061562679624","39.95132318923319","36.21806118397057","""Clay loam""","""D""","""woods | used and managed but not planted | good""","77","0.5545812753278676","0.306","0.16438414302732363","0.14161585697267637","1","0","47.30770293090386","52.69229706909614","""woodland""","17.365385146545194"
"24","4","[40.023781459810095 140.0237814598101 0]","""""","9.9","55.670642911502306","32","true","23","""done""","0.026858542013937226","148.62276711646808","24.048930464420778","37.51630543792218","38.434764097657045","""Clay loam""","""D""","""woods | used and managed but not planted | good""","77","0.5645564384394567","0.306","0.15507399078984044","0.15092600921015956","1","0","47.918303033307154","52.081696966692846","""woodland""","17.395915151665356"
"25","4","[44.23568720931823 144.23568720931823 0]","""""","9.9","57.31974423501724","32","true","2","""done""","0.002364662728699396","154.58228391782612","19.90286444625183","40.23790500449558","39.85923054925257","""Silty clay loam""","""D""","""woods-grass combination or tree farm | lightly or only occasionally grazed | good""","79","0.5709665374716366","0.2365","0.0795912316931392","0.1569087683068608","0.7747604743542041","4.46554699695929","46.02194743691256","49.51250556612814","""wood-grass""","17.524374721693594"
"26","4","[48.56325047864186 148.56325047864186 0]","""""","9.9","59.014129328005055","32","true","1","""done""","0.0011830311456955123","123.64011106540266","21.97952744594721","42.511471272296156","35.50900128175663","""Clay loam""","""D""","""woods-grass combination or tree farm | lightly or only occasionally grazed | good""","79","0.5513905057679048","0.306","0.16736219461662216","0.13863780538337783","1","5.854940353061892","44.75493979863351","49.39011984830461","""wood-grass""","17.530494007584768"
"27","4","[53.39078925575126 153.39078925575126 0]","""""","9.9","60.90427147745379","32","false","0","""done""","0","150.73005100933628","27.19670184279374","38.298709909824666","34.50458824738159","""Clay loam""","""D""","""woods-grass combination or tree farm | lightly or only occasionally grazed | good""","79","0.5468706471132172","0.306","0.17158072936099733","0.13441927063900266","1","7.2375519172233","43.49470664368795","49.26774143908875","""wood-grass""","17.53661292804556"
"28","4","[57.10108605298146 157.10108605298146 0]","""""","9.9","62.35697619660855","64","false","0","""done""","0","161.34156000279154","25.02841917998892","37.86569138734563","37.10588943266545","""Clay loam""","""D""","""woods-grass combination or tree farm | lightly or only occasionally grazed | good""","79","0.5585765024469945","0.306","0.1606552643828051","0.14534473561719488","1","7.2375519172233","43.49470664368795","49.26774143908875","""wood-grass""","17.53661292804556"
"29","4","[61.588375191578166 161.58837519157817 0]","""""","9.9","64.11389928500344","64","false","0","""done""","0","153.37479580478015","23.24819327712548","44.22521244161143","32.52659428126309","""Clay loam""","""D""","""woods-grass combination or tree farm | lightly or only occasionally grazed | good""","79","0.5379696742656839","0.306","0.17988830401869504","0.12611169598130495","1","7.2375519172233","43.49470664368795","49.26774143908875","""wood-grass""","17.53661292804556"
"30","4","[67.14791770262963 167.14791770262963 0]","""""","9.9","66.29064526612689","64","false","0","""done""","0","162.30835952218143","25.201255725045737","38.93528691495451","35.86345735999976","""Clay loam""","""D""","""woods-grass combination or tree farm | lightly or only occasionally grazed | good""","79","0.5529855581199989","0.306","0.16587347908800104","0.14012652091199895","1","7.2375519172233","43.49470664368795","49.26774143908875","""wood-grass""","17.53661292804556"
"31","4","[70.51901978704822 170.51901978704822 0]","""""","9.9","67.61054396276032","64","true","5","""done""","0.005901176649031781","129.54515526521365","22.040376692235938","42.30024577515248","35.65937753261157","""Clay loam""","""D""","""woods-grass combination or tree farm | lightly or only occasionally grazed | good""","79","0.552067198896752","0.306","0.1667306143630314","0.13926938563696858","1","0.2729377906510422","49.84737030260629","49.87969190674267","""wood-grass""","17.506015404662865"
"32","4","[74.57118527137322 174.57118527137322 0]","""""","9.9","69.19710165439012","64","true","3","""done""","0.003544896404737763","187.03397472857128","24.641784670892747","40.6923132650226","34.66590206408465","""Clay loam""","""D""","""woods-grass combination or tree farm | lightly or only occasionally grazed | good""","79","0.5475965592883809","0.306","0.1709032113308445","0.1350967886691555","0.9392797949374831","3.0709855053506487","47.29411736840723","49.63489712624213","""wood-grass""","17.518255143687888"
"33","4","[80.70026274464843 180.70026274464843 0]","""""","9.9","71.59683953415727","32","true","1","""done""","0.0011830311456955123","158.32910069071298","20.319556077835454","40.793665571754666","38.88677835040987","""Clay loam""","""D""","""woods-grass combination or tree farm | lightly or only occasionally grazed | good""","79","0.5665905025768444","0.306","0.15317553092827857","0.15282446907172142","1","5.854940353061892","44.75493979863351","49.39011984830461","""wood-grass""","17.530494007584768"
"34","4","[84.3162542989823 184.3162542989823 0]","""""","9.9","73.01262061111208","64","true","5","""done""","0.005901176649031781","192.67783235241626","21.502730429129013","42.428107507761986","36.069162063109","""Clay loam""","""D""","""woods-grass combination or tree farm | lightly or only occasionally grazed | good""","79","0.5539112292839905","0.306","0.16500951933494223","0.14099048066505776","0.91176671070325","0.2729377906510422","49.84737030260629","49.87969190674267","""wood-grass""","17.506015404662865"
"35","4","[86.37688157247703 186.37688157247703 0]","""""","9.9","73.8194247909986","64","true","10","""done""","0.011767529412220479","146.5542822999915","21.421404240015335","43.036324930236376","35.54227082974828","""Clay loam""","""D""","""woods | used and managed but not planted | good""","77","0.5515402187338673","0.306","0.16722246251505724","0.13877753748494276","1","0","49.508321580567106","50.491678419432894","""woodland""","17.475416079028356"
"36","4","[91.36259039120887 191.36259039120887 0]","""""","9.9","75.77149577753264","32","true","6","""done""","0.00707722651895526","164.6307548130983","22.465337594080587","42.877959975910684","34.656702430008735","""Clay loam""","""D""","""woods | used and managed but not planted | good""","77","0.5475551609350393","0.306","0.17094184979396332","0.13505815020603668","1","0","49.997907806624276","50.002092193375724","""woodland""","17.499895390331215"
"37","4","[94.74302414281834 194.74302414281834 0]","""""","9.9","77.09504813254075","64","true","1","""done""","0.0011830311456955123","146.66671536812467","20.869050634254332","39.33984851821091","39.79110084753475","""Clay loam""","""D""","""woods-grass combination or tree farm | lightly or only occasionally grazed | good""","79","0.5706599538139063","0.306","0.14937737644035406","0.15662262355964593","1","5.854940353061892","44.75493979863351","49.39011984830461","""wood-grass""","17.530494007584768"
"38","4","[98.12902508093825 198.12902508093825 0]","""""","9.9","78.42078022641024","64","true","2","""done""","0.002364662728699396","165.9794360299229","20.258525563471327","42.92745681090026","36.81401762562841","""Clay loam""","""D""","""woods-grass combination or tree farm | lightly or only occasionally grazed | good""","79","0.5572630793153278","0.306","0.1618811259723607","0.1441188740276393","1","4.46554699695929","46.02194743691256","49.51250556612814","""wood-grass""","17.524374721693594"
"39","4","[103.40830475966843 203.40830475966843 0]","""""","9.9","80.48779397818191","64","true","7","""done""","0.008251885085253763","184.98852172447567","27.691862695225495","36.83632235492952","35.47181494984498","""Clay loam""","""D""","""woods | used and managed but not planted | good""","77","0.5512231672743024","0.306","0.16751837721065108","0.13848162278934892","0.9496655889334085","0","49.87550754506712","50.12449245493288","""woodland""","17.493775377253357"
"40","4","[107.21850336511199 207.21850336511199 0]","""""","9.9","81.97961358117885","64","true","1","""done""","0.0011830311456955123","152.47206860472244","21.407440261422465","41.56270137641473","37.029858362162805","""Clay loam""","""D""","""woods-grass combination or tree farm | lightly or only occasionally grazed | good""","79","0.5582343626297326","0.306","0.16097459487891624","0.14502540512108375","1","5.854940353061892","44.75493979863351","49.39011984830461","""wood-grass""","17.530494007584768"
"41","4","[112.9271846396995 212.9271846396995 0]","""""","9.9","84.21475235334786","64","true","13","""done""","0.01527071114425227","170.14724815641281","25.855414029490042","40.417497294685646","33.72708867582431","""Clay loam""","""D""","""woods | used and managed but not planted | good""","77","0.5433718990412094","0.306","0.1748462275615379","0.1311537724384621","1","0","49.14118864617969","50.85881135382031","""woodland""","17.457059432308984"
"42","4","[117.93740047819182 217.93740047819182 0]","""""","9.9","86.17641865400476","64","false","0","""done""","0","158.014100547592","23.71278715674467","38.9494473665899","37.33776547666543","""Clay loam""","""D""","""woods-grass combination or tree farm | lightly or only occasionally grazed | good""","79","0.5596199446449944","0.306","0.1596813849980052","0.1463186150019948","1","7.2375519172233","43.49470664368795","49.26774143908875","""wood-grass""","17.53661292804556"
"43","4","[121.88043392657298 221.88043392657298 0]","""""","9.9","87.72024752034358","64","true","1","""done""","0.0011830311456955123","164.18065698072397","19.898711735968554","38.65300722739276","41.44828103663868","""Clay""","""D""","""woods-grass combination or tree farm | lightly or only occasionally grazed | good""","79","0.578117264664874","0.357","0.19341721964611755","0.16358278035388243","0.5774468229041313","5.854940353061892","44.75493979863351","49.39011984830461","""wood-grass""","17.530494007584768"
"44","4","[127.4752187424354 227.4752187424354 0]","""""","9.9","89.91079203708577","32","false","0","""done""","0","161.65069340497286","24.539498260953206","39.191515846045","36.26898589300179","""Clay loam""","""D""","""woods-grass combination or tree farm | lightly or only occasionally grazed | good""","79","0.554810436518508","0.306","0.1641702592493925","0.1418297407506075","1","7.2375519172233","43.49470664368795","49.26774143908875","""wood-grass""","17.53661292804556"
"45","4","[130.5838830647307 230.5838830647307 0]","""""","9.9","91.12793761278142","64","true","1","""done""","0.0011830311456955123","139.86005952727072","24.589930968566478","37.91949046223393","37.4905785691996","""Clay loam""","""D""","""woods-grass combination or tree farm | lightly or only occasionally grazed | good""","79","0.5603076035613982","0.306","0.1590395700093617","0.1469604299906383","1","5.854940353061892","44.75493979863351","49.39011984830461","""wood-grass""","17.530494007584768"
"46","4","[134.32079616515367 234.32079616515367 0]","""""","9.9","92.59106350074495","64","true","1","""done""","0.0011830311456955123","151.18356010534356","26.230438283126034","41.4356345091972","32.33392720767675","""Clay loam""","""D""","""woods-grass combination or tree farm | lightly or only occasionally grazed | good""","79","0.5371026724345453","0.306","0.18069750572775767","0.12530249427224233","1","5.854940353061892","44.75493979863351","49.39011984830461","""wood-grass""","17.530494007584768"
"47","4","[138.7421196726934 238.7421196726934 0]","""""","9.9","94.32215884845613","64","true","2","""done""","0.002364662728699396","150.54062975437802","21.177134184305384","41.59428113952275","37.22858467617186","""Clay loam""","""D""","""woods-grass combination or tree farm | lightly or only occasionally grazed | good""","79","0.5591286310427734","0.306","0.1601399443600782","0.1458600556399218","1","4.46554699695929","46.02194743691256","49.51250556612814","""wood-grass""","17.524374721693594"
"48","4","[143.90920870268516 243.90920870268516 0]","""""","9.9","96.34524622620052","32","false","0","""done""","0","168.6064709889241","23.347384924968203","39.26608876831513","37.38652630671666","""Clay loam""","""D""","""woods-grass combination or tree farm | lightly or only occasionally grazed | good""","79","0.559839368380225","0.306","0.15947658951179003","0.14652341048820997","1","7.2375519172233","43.49470664368795","49.26774143908875","""wood-grass""","17.53661292804556"
"49","4","[148.42817546112408 248.42817546112408 0]","""""","9.9","98.11457215737357","2","false","0","""done""","0","176.08846163544024","21.156770776682645","42.57397929663508","36.26924992668228","""Clay loam""","""D""","""woods-grass combination or tree farm | lightly or only occasionally grazed | good""","79","0.5548116246700703","0.306","0.16416915030793444","0.14183084969206555","0.9976646499025201","7.2375519172233","43.49470664368795","49.26774143908875","""wood-grass""","17.53661292804556"
"0","3","[63.21688046456879 163.2168804645688 0]","""""","9.9","64.75151331550579","32","false","0","""done""","0","148.2648912277045","25.165222643638597","40.44067428023388","34.39410307612752","""Clay loam""","""D""","""woods-grass combination or tree farm | lightly or only occasionally grazed | good""","79","0.5463734638425739","0.306","0.17204476708026442","0.13395523291973557","1","7.2375519172233","43.49470664368795","49.26774143908875","""wood-grass""","17.53661292804556"
"1","3","[59.531015213222474 159.53101521322247 0]","""""","9.9","63.308374359938526","2","false","0","""done""","0","129.7216881938785","21.129802200093646","41.614208501000924","37.255989298905426","""Clay loam""","""D""","""woods-grass combination or tree farm | lightly or only occasionally grazed | good""","79","0.5592519518450744","0.306","0.16002484494459723","0.14597515505540276","1","7.2375519172233","43.49470664368795","49.26774143908875","""wood-grass""","17.53661292804556"
"2","3","[55.413730411713516 155.41373041171352 0]","""""","9.9","61.69632028768174","2","true","2","""done""","0.002364662728699396","97.35775887943844","23.501828862315293","42.683285472392726","33.81488566529198","""Clay loam""","""D""","""woods-grass combination or tree farm | lightly or only occasionally grazed | good""","79","0.5437669854938139","0.306","0.1744774802057737","0.1315225197942263","1","4.46554699695929","46.02194743691256","49.51250556612814","""wood-grass""","17.524374721693594"
"3","3","[50.39659526303896 150.39659526303896 0]","""""","9.9","59.73194484673112","4","true","5","""done""","0.005901176649031781","128.41525654663621","28.38013290640203","34.93908245324189","36.68078464035609","""Clay loam""","""D""","""woods-grass combination or tree farm | lightly or only occasionally grazed | good""","79","0.5566635308816024","0.306","0.16244070451050444","0.14355929548949556","1","0.2729377906510422","49.84737030260629","49.87969190674267","""wood-grass""","17.506015404662865"
"4","3","[46.98720890542867 146.98720890542867 0]","""""","9.9","58.397056582584774","4","true","2","""done""","0.002364662728699396","162.70140743451802","15.682405410827103","47.05641234612284","37.261182243050065","""Silty clay loam""","""D""","""woods-grass combination or tree farm | lightly or only occasionally grazed | good""","79","0.5592753200937253","0.2365","0.09050303457918973","0.14599696542081025","0.7360983872443292","4.46554699695929","46.02194743691256","49.51250556612814","""wood-grass""","17.524374721693594"
"5","3","[42.917832284308474 142.91783228430847 0]","""""","9.9","56.803760157907234","4","true","5","""done""","0.005901176649031781","160.34031056751385","26.06938995583567","36.65898908040839","37.27162096375593","""Clay loam""","""D""","""woods-grass combination or tree farm | lightly or only occasionally grazed | good""","79","0.5593222943369016","0.306","0.1599591919522251","0.1460408080477749","1","0.2729377906510422","49.84737030260629","49.87969190674267","""wood-grass""","17.506015404662865"
"6","3","[38.8184110042024 138.8184110042024 0]","""""","9.9","55.19870024899126","4","true","5","""done""","0.005901176649031781","168.84604272920527","23.978734966300944","40.74802360003345","35.2732414336656","""Clay loam""","""D""","""woods-grass combination or tree farm | lightly or only occasionally grazed | good""","79","0.5503295864514952","0.306","0.16835238597860447","0.13764761402139553","1","0.2729377906510422","49.84737030260629","49.87969190674267","""wood-grass""","17.506015404662865"
"7","3","[36.24775931668938 136.24775931668938 0]","""""","9.9","54.192204531306054","4","false","0","""done""","0","147.2226001911843","23.52957298745064","42.6175326230122","33.852894389537155","""Clay loam""","""D""","""woods-grass combination or tree farm | lightly or only occasionally grazed | good""","79","0.5439380247529172","0.306","0.17431784356394395","0.13168215643605605","1","7.2375519172233","43.49470664368795","49.26774143908875","""wood-grass""","17.53661292804556"
"8","3","[32.08175749088355 132.08175749088355 0]","""""","9.9","52.56107612215199","4","false","0","""done""","0","152.41230981024074","26.34903951227228","37.29903415467136","36.35192633305636","""Clay loam""","""D""","""woods-grass combination or tree farm | lightly or only occasionally grazed | good""","79","0.5551836684987537","0.306","0.16382190940116328","0.1421780905988367","1","7.2375519172233","43.49470664368795","49.26774143908875","""wood-grass""","17.53661292804556"
"9","3","[26.173152754454634 126.17315275445463 0]","""""","9.9","50.2476606588289","2","true","14","""done""","0.01643567656304723","151.29863202287973","27.320424165786243","38.94315987733933","33.736415956874424","""Clay loam""","""D""","""woods | used and managed but not planted | good""","77","0.5434138718059349","0.306","0.17480705298112742","0.13119294701887257","1","0","49.01882962762967","50.98117037237033","""woodland""","17.450941481381484"
"10","3","[21.35816074249503 121.35816074249503 0]","""""","9.9","48.36243098564267","4","true","26","""done""","0.030308227669653354","179.15700267763657","25.977189151077834","41.56044927648804","32.46236157243411","""Clay loam""","""D""","""woods | used and managed but not planted | good""","77","0.5376806270759535","0.306","0.18015808139577674","0.12584191860422325","0.9805769844536693","0","47.551856611550924","52.448143388449076","""woodland""","17.377592830577544"
"11","3","[17.57868903851285 117.57868903851285 0]","""""","9.9","46.882641987526526","4","false","0","""done""","0","130.64135371789507","23.5986120976348","44.57049437696348","31.83089352540172","""Clay loam""","""D""","""woods-grass combination or tree farm | lightly or only occasionally grazed | good""","79","0.5348390208643077","0.306","0.1828102471933128","0.12318975280668722","1","7.2375519172233","43.49470664368795","49.26774143908875","""wood-grass""","17.53661292804556"
"12","3","[13.21664403569251 113.21664403569251 0]","""""","9.9","45.17475614791039","4","true","7","""done""","0.008251885085253763","137.48588769962123","24.209216213950427","33.93714704081938","41.85363674523019","""Clay""","""D""","""woods | used and managed but not planted | good""","77","0.5799413653535359","0.357","0.1917147256700332","0.16528527432996679","0.6895660372282211","0","49.87550754506712","50.12449245493288","""woodland""","17.493775377253357"
"13","3","[8.923545072772427 108.92354507277243 0]","""""","9.9","43.49386497826375","2","true","3","""done""","0.003544896404737763","185.21598728714534","22.651001144665514","40.877766904247956","36.47123195108653","""Clay loam""","""D""","""woods-grass combination or tree farm | lightly or only occasionally grazed | good""","79","0.5557205437798893","0.306","0.16332082580543658","0.1426791741945634","0.9484992953499078","3.0709855053506487","47.29411736840723","49.63489712624213","""wood-grass""","17.518255143687888"
"14","3","[5.03807023328865 105.03807023328865 0]","""""","9.9","41.97257222354697","8","true","4","""done""","0.004723733827578291","169.09509981172255","22.03789561278071","39.74567213586054","38.21643225135875","""Clay loam""","""D""","""woods-grass combination or tree farm | lightly or only occasionally grazed | good""","79","0.5635739451311144","0.306","0.15599098454429325","0.15000901545570675","1","1.672896220173925","48.569810717776754","49.75729306204932","""wood-grass""","17.512135346897534"
"15","3","[4.181110622417563 104.18111062241756 0]","""""","9.9","41.63704400602895","16","true","1941","""done""","0.8995025376040761","227.77598583594923","17.363530841890135","41.31823457905493","41.31823457905493","""Silty clay""","""D""","""woods | used and managed but not planted | good""","77","0.5775320556057472","0.3485","0.1854634147679693","0.16303658523203068","0.6161888881777656","0","0.007682651934601381","99.9923173480654","""woodland""","15.00038413259673"
"16","3","[7.155600362282044 107.15560036228204 0]","""""","9.9","42.80165576576858","32","true","1","""done""","0.0011830311456955123","156.11510846828008","22.125326243199606","37.38352438141384","40.49114937538655","""Clay""","""D""","""woods-grass combination or tree farm | lightly or only occasionally grazed | good""","79","0.5738101721892395","0.357","0.1974371726233765","0.15956282737662347","0.6072801004721136","5.854940353061892","44.75493979863351","49.39011984830461","""wood-grass""","17.530494007584768"
"17","3","[12.37483013031671 112.37483013031671 0]","""""","9.9","44.84515797832394","32","false","0","""done""","0","148.97627704409842","29.501540919736687","41.43726309328582","29.06119598697749","""Clay loam""","""D""","""woods-grass combination or tree farm | lightly or only occasionally grazed | good""","79","0.5223753819413988","0.306","0.19444297685469453","0.11155702314530547","1","7.2375519172233","43.49470664368795","49.26774143908875","""wood-grass""","17.53661292804556"
"18","3","[17.301006048319124 117.30100604831912 0]","""""","9.9","46.77391985225568","64","false","0","""done""","0","149.0225964173785","24.69959499802707","41.62119306865822","33.67921193331471","""Clay loam""","""D""","""woods-grass combination or tree farm | lightly or only occasionally grazed | good""","79","0.5431564536999162","0.306","0.17504730988007822","0.13095269011992178","1","7.2375519172233","43.49470664368795","49.26774143908875","""wood-grass""","17.53661292804556"
"19","3","[21.921320837230155 121.92132083723016 0]","""""","9.9","48.58292691143278","64","false","0","""done""","0","153.02428117980577","26.887461395874265","39.558333059635984","33.55420554448974","""Clay loam""","""D""","""woods-grass combination or tree farm | lightly or only occasionally grazed | good""","79","0.5425939249502039","0.306","0.1755723367131431","0.1304276632868569","1","7.2375519172233","43.49470664368795","49.26774143908875","""wood-grass""","17.53661292804556"
"20","3","[25.496785554652973 125.49678555465297 0]","""""","9.9","49.982840382519235","64","true","7","""done""","0.008251885085253763","162.66382584216558","18.62066999967371","41.96490161792261","39.414428382403685","""Silty clay loam""","""D""","""woods | used and managed but not planted | good""","77","0.5689649277208166","0.2365","0.08145940079390454","0.15504059920609545","0.7362684542483325","0","49.87550754506712","50.12449245493288","""woodland""","17.493775377253357"
"21","3","[30.400676510604995 130.400676510605 0]","""""","9.9","51.902876951898264","32","true","2","""done""","0.002364662728699396","162.68767985432052","24.144016517116125","44.96484382132739","30.891139661556473","""Clay loam""","""D""","""woods-grass combination or tree farm | lightly or only occasionally grazed | good""","79","0.5306101284770042","0.306","0.1867572134214628","0.1192427865785372","1","4.46554699695929","46.02194743691256","49.51250556612814","""wood-grass""","17.524374721693594"
"22","3","[34.45576750115285 134.45576750115285 0]","""""","9.9","53.490580076610144","32","true","1","""done""","0.0011830311456955123","137.33428164586547","24.510491642623485","44.21253924975493","31.276969107621586","""Clay loam""","""D""","""woods-grass combination or tree farm | lightly or only occasionally grazed | good""","79","0.5323463609842971","0.306","0.18513672974798934","0.12086327025201064","1","5.854940353061892","44.75493979863351","49.39011984830461","""wood-grass""","17.530494007584768"
"23","3","[38.5936920366253 138.5936920366253 0]","""""","9.9","55.11071529185075","32","false","0","""done""","0","179.63991703293354","21.557717611948654","41.90681458771444","36.53546780033691","""Clay loam""","""D""","""woods-grass combination or tree farm | lightly or only occasionally grazed | good""","79","0.5560096051015161","0.306","0.163051035238585","0.142948964761415","0.9779409628495195","7.2375519172233","43.49470664368795","49.26774143908875","""wood-grass""","17.53661292804556"
"24","3","[41.5284991826079 141.5284991826079 0]","""""","9.9","56.25978999497444","64","true","3","""done""","0.003544896404737763","137.97458650181892","26.46576152823455","39.249507236184655","34.2847312355808","""Clay loam""","""D""","""woods-grass combination or tree farm | lightly or only occasionally grazed | good""","79","0.5458812905601136","0.306","0.17250412881056065","0.13349587118943934","1","3.0709855053506487","47.29411736840723","49.63489712624213","""wood-grass""","17.518255143687888"
"25","3","[45.115275322356865 145.11527532235687 0]","""""","9.9","57.664132264480955","64","true","19","""done""","0.022239863381334102","156.16387505907664","25.538140940623748","37.593051963742035","36.8688070956342","""Clay loam""","""D""","""woods | used and managed but not planted | good""","77","0.5575096319303539","0.306","0.16165101019833636","0.14434898980166364","1","0","48.407240143221166","51.592759856778834","""woodland""","17.42036200716106"
"26","3","[50.004893125269064 150.00489312526906 0]","""""","9.9","59.578580419263716","32","true","12","""done""","0.014104365902709914","147.9850015490669","22.083951188184223","40.58583681011284","37.330212001702954","""Clay loam""","""D""","""woods | used and managed but not planted | good""","77","0.5595859540076633","0.306","0.1597131095928476","0.1462868904071524","1","0","49.26355795494361","50.73644204505639","""woodland""","17.46317789774718"
"27","3","[53.89541140519654 153.89541140519654 0]","""""","9.9","61.1018478488202","32","true","11","""done""","0.012936639204113476","163.7878410064787","26.384859398672614","33.68113463060917","39.934005970718225","""Clay loam""","""D""","""woods | used and managed but not planted | good""","77","0.571303026868232","0.306","0.14877717492298348","0.15722282507701651","1","0","49.385936088390636","50.614063911609364","""woodland""","17.469296804419532"
"28","3","[57.96109136069077 157.96109136069077 0]","""""","9.9","62.693696905835935","32","true","10","""done""","0.011767529412220479","188.17139361628867","22.755887995968603","42.03852737791337","35.20558462611804","""Clay loam""","""D""","""woods | used and managed but not planted | good""","77","0.5500251308175311","0.306","0.16863654457030425","0.13736345542969575","0.9336022338636052","0","49.508321580567106","50.491678419432894","""woodland""","17.475416079028356"
"29","3","[63.26840716241435 163.26840716241435 0]","""""","9.9","64.7716877331369","32","true","8","""done""","0.009425153993882662","124.88428260683656","23.899251197428814","41.20898813222964","34.89176067034154","""Clay loam""","""D""","""woods | used and managed but not planted | good""","77","0.5486129230165369","0.306","0.16995460518456554","0.13604539481543446","1","0","49.753108775600275","50.246891224399725","""woodland""","17.487655438780013"
"30","3","[68.04551841879419 168.0455184187942 0]","""""","9.9","66.6420858293892","32","true","5","""done""","0.005901176649031781","175.0192503235038","19.673676674789665","41.42709595626866","38.89922736894167","""Silty clay loam""","""D""","""woods-grass combination or tree farm | lightly or only occasionally grazed | good""","79","0.5666465231602376","0.2365","0.08362324505044497","0.15287675494955502","0.684291833004428","0.2729377906510422","49.84737030260629","49.87969190674267","""wood-grass""","17.506015404662865"
"31","3","[73.59716831455876 173.59716831455876 0]","""""","9.9","68.81574158886721","32","true","2","""done""","0.002364662728699396","145.92930345380398","19.779721728059382","40.41771813323518","39.802560138705445","""Silty clay loam""","""D""","""woods-grass combination or tree farm | lightly or only occasionally grazed | good""","79","0.5707115206241745","0.2365","0.07982924741743713","0.15667075258256286","0.8207004404214423","4.46554699695929","46.02194743691256","49.51250556612814","""wood-grass""","17.524374721693594"
"32","3","[77.27488332404135 177.27488332404135 0]","""""","9.9","70.25568945340733","64","true","4","""done""","0.004723733827578291","121.94922124511895","26.572709192196612","39.975398847619935","33.45189196018346","""Clay loam""","""D""","""woods-grass combination or tree farm | lightly or only occasionally grazed | good""","79","0.5421335138208255","0.306","0.1760020537672295","0.1299979462327705","1","1.672896220173925","48.569810717776754","49.75729306204932","""wood-grass""","17.512135346897534"
"33","3","[83.195528969404 183.195528969404 0]","""""","9.9","72.5738193334434","64","false","0","""done""","0","176.03822707747955","24.04111873262694","33.69736578617736","42.2615154811957","""Clay""","""D""","""woods-grass combination or tree farm | lightly or only occasionally grazed | good""","79","0.5817768196653806","0.357","0.19000163497897807","0.16699836502102192","0.5385512018029205","7.2375519172233","43.49470664368795","49.26774143908875","""wood-grass""","17.53661292804556"
"34","3","[87.60945734715176 187.60945734715176 0]","""""","9.9","74.30201924164268","64","false","0","""done""","0","150.52632492437834","24.589112081706503","39.10641657353701","36.30447134475648","""Clay loam""","""D""","""woods-grass combination or tree farm | lightly or only occasionally grazed | good""","79","0.5549701210514042","0.306","0.1640212203520228","0.1419787796479772","1","7.2375519172233","43.49470664368795","49.26774143908875","""wood-grass""","17.53661292804556"
"35","3","[89.08855481911309 189.08855481911309 0]","""""","9.9","74.88113514396406","64","true","4","""done""","0.004723733827578291","170.1810578056252","22.414313635085005","40.403166418060486","37.18251994685449","""Clay loam""","""D""","""woods-grass combination or tree farm | lightly or only occasionally grazed | good""","79","0.5589213397608452","0.306","0.16033341622321115","0.14566658377678884","1","1.672896220173925","48.569810717776754","49.75729306204932","""wood-grass""","17.512135346897534"
"36","3","[93.76993452715237 193.76993452715237 0]","""""","9.9","76.71405115195049","64","true","2","""done""","0.002364662728699396","164.10684512829766","25.270491624606255","40.175272371272804","34.55423600412094","""Clay loam""","""D""","""woods-grass combination or tree farm | lightly or only occasionally grazed | good""","79","0.5470940620185443","0.306","0.17137220878269208","0.13462779121730792","1","4.46554699695929","46.02194743691256","49.51250556612814","""wood-grass""","17.524374721693594"
"37","3","[97.47969977570858 197.47969977570858 0]","""""","9.9","78.1665477521031","64","true","5","""done""","0.005901176649031781","152.16382802476875","23.252827396036558","40.175769329405796","36.571403274557646","""Clay loam""","""D""","""woods-grass combination or tree farm | lightly or only occasionally grazed | good""","79","0.5561713147355094","0.306","0.1629001062468579","0.14309989375314208","1","0.2729377906510422","49.84737030260629","49.87969190674267","""wood-grass""","17.506015404662865"
"38","3","[100.74025939434205 200.74025939434205 0]","""""","9.9","79.4431653932067","64","false","0","""done""","0","128.17655105942458","24.949726239508955","35.971706949868945","39.07856681062209","""Clay loam""","""D""","""woods-grass combination or tree farm | lightly or only occasionally grazed | good""","79","0.5674535506477993","0.306","0.15237001939538722","0.15362998060461278","1","7.2375519172233","43.49470664368795","49.26774143908875","""wood-grass""","17.53661292804556"
"39","3","[105.59166705571977 205.59166705571977 0]","""""","9.9","81.34265300548833","64","true","1","""done""","0.0011830311456955123","179.44178921656822","24.60852707079622","41.92717180135909","33.46430112784469","""Clay loam""","""D""","""woods-grass combination or tree farm | lightly or only occasionally grazed | good""","79","0.5421893550753011","0.306","0.1759499352630523","0.1300500647369477","0.979020740912085","5.854940353061892","44.75493979863351","49.39011984830461","""wood-grass""","17.530494007584768"
"40","3","[110.05061230109985 210.05061230109985 0]","""""","9.9","83.08847851606527","64","true","6","""done""","0.00707722651895526","163.77552461324456","22.74048765143111","40.43319071697179","36.82632163159711","""Clay loam""","""D""","""woods | used and managed but not planted | good""","77","0.557318447342187","0.306","0.16182944914729214","0.14417055085270786","1","0","49.997907806624276","50.002092193375724","""woodland""","17.499895390331215"
"41","3","[115.64386660082039 215.6438666008204 0]","""""","9.9","85.27842378478404","64","false","0","""done""","0","166.49927722030486","21.173422096873697","41.22010712624327","37.60647077688303","""Clay loam""","""D""","""woods-grass combination or tree farm | lightly or only occasionally grazed | good""","79","0.5608291184959736","0.306","0.1585528227370913","0.1474471772629087","1","7.2375519172233","43.49470664368795","49.26774143908875","""wood-grass""","17.53661292804556"
"42","3","[119.29157206816768 219.29157206816768 0]","""""","9.9","86.70662191450182","64","true","12","""done""","0.014104365902709914","127.95275613195922","22.949146460446936","41.0375501121778","36.01330342737526","""Clay loam""","""D""","""woods | used and managed but not planted | good""","77","0.5536598654231887","0.306","0.1652441256050239","0.14075587439497608","1","0","49.26355795494361","50.73644204505639","""woodland""","17.46317789774718"
"43","3","[123.54116339353152 223.54116339353152 0]","""""","9.9","88.37047839559082","32","true","9","""done""","0.010597034888850443","158.78353811125345","19.829697032963836","42.3622426701289","37.808060296907264","""Silty clay loam""","""D""","""woods | used and managed but not planted | good""","77","0.5617362713360827","0.2365","0.08820614675298949","0.1482938532470105","0.7542610842379459","0","49.63071296516659","50.36928703483341","""woodland""","17.48153564825833"
"44","3","[127.62586413722306 227.62586413722306 0]","""""","9.9","89.96977472442506","32","true","8","""done""","0.009425153993882662","145.3540806513248","27.488865564127185","38.80718581377677","33.70394862209605","""Clay loam""","""D""","""woods | used and managed but not planted | good""","77","0.5432677687994323","0.306","0.1749434157871966","0.1310565842128034","1","0","49.753108775600275","50.246891224399725","""woodland""","17.487655438780013"
"45","3","[132.90184162331917 232.90184162331917 0]","""""","9.9","92.03549555784403","32","false","0","""done""","0","145.71164360449362","21.546207192619487","41.27436901098158","37.17942379639894","""Clay loam""","""D""","""woods-grass combination or tree farm | lightly or only occasionally grazed | good""","79","0.5589074070837953","0.306","0.16034642005512445","0.14565357994487554","1","7.2375519172233","43.49470664368795","49.26774143908875","""wood-grass""","17.53661292804556"
"46","3","[137.5598181230138 237.5598181230138 0]","""""","9.9","93.85924843062494","64","false","0","""done""","0","169.3748091569983","26.29537160011423","38.86692697320323","34.837701426682536","""Clay loam""","""D""","""woods-grass combination or tree farm | lightly or only occasionally grazed | good""","79","0.5483696564200714","0.306","0.17018165400793336","0.13581834599206663","1","7.2375519172233","43.49470664368795","49.26774143908875","""wood-grass""","17.53661292804556"
"47","3","[142.07811154780688 242.07811154780688 0]","""""","9.9","95.62831072925906","64","false","0","""done""","0","169.44434646838357","23.149877549277313","40.28355778494616","36.566564665776525","""Clay loam""","""D""","""woods-grass combination or tree farm | lightly or only occasionally grazed | good""","79","0.5561495409959943","0.306","0.1629204284037386","0.1430795715962614","1","7.2375519172233","43.49470664368795","49.26774143908875","""wood-grass""","17.53661292804556"
"48","3","[146.2414081819356 246.2414081819356 0]","""""","9.9","97.2583799658104","64","false","0","""done""","0","196.7821933593266","18.51244260063007","41.96680553312021","39.520751866249725","""Silty clay loam""","""D""","""woods-grass combination or tree farm | lightly or only occasionally grazed | good""","79","0.5694433833981237","0.2365","0.08101284216175117","0.15548715783824882","0.6086132163200372","7.2375519172233","43.49470664368795","49.26774143908875","""wood-grass""","17.53661292804556"
"49","3","[151.28791677462215 251.28791677462215 0]","""""","9.9","99.23425608799114","2","false","0","""done""","0","178.05526191640112","24.802062895562283","40.45792387289363","34.74001323154409","""Clay loam""","""D""","""woods-grass combination or tree farm | lightly or only occasionally grazed | good""","79","0.5479300595419484","0.306","0.17059194442751482","0.13540805557248517","0.9866444357700431","7.2375519172233","43.49470664368795","49.26774143908875","""wood-grass""","17.53661292804556"
"0","2","[63.20955132055883 163.20955132055883 0]","""""","9.9","64.74864371162435","32","false","0","""done""","0","167.14804992397788","25.33782206200868","36.78713874676676","37.875039191224566","""Clay loam""","""D""","""woods-grass combination or tree farm | lightly or only occasionally grazed | good""","79","0.5620376763605106","0.306","0.15742483539685684","0.14857516460314316","1","7.2375519172233","43.49470664368795","49.26774143908875","""wood-grass""","17.53661292804556"
"1","2","[58.000814268569115 158.00081426856912 0]","""""","9.9","62.70924974672363","4","false","0","""done""","0","135.91785927626285","25.440763806304254","36.93705601472971","37.62218017896604","""Clay loam""","""D""","""woods-grass combination or tree farm | lightly or only occasionally grazed | good""","79","0.5608998108053471","0.306","0.15848684324834264","0.14751315675165735","1","7.2375519172233","43.49470664368795","49.26774143908875","""wood-grass""","17.53661292804556"
"2","2","[54.725868488153566 154.72586848815357 0]","""""","9.9","61.42699944433886","2","false","0","""done""","0","168.32475954477331","26.71542686777111","38.337924496292295","34.946648635936604","""Clay loam""","""D""","""woods-grass combination or tree farm | lightly or only occasionally grazed | good""","79","0.5488599188617147","0.306","0.16972407572906628","0.1362759242709337","1","7.2375519172233","43.49470664368795","49.26774143908875","""wood-grass""","17.53661292804556"
"3","2","[48.739319709493714 148.7393197094937 0]","""""","9.9","59.0830662935727","2","true","1","""done""","0.0011830311456955123","189.350182864954","23.072482213704188","37.67095871775097","39.25655906854484","""Clay loam""","""D""","""woods-grass combination or tree farm | lightly or only occasionally grazed | good""","79","0.5682545158084518","0.306","0.15162245191211168","0.1543775480878883","0.9277901440142214","5.854940353061892","44.75493979863351","49.39011984830461","""wood-grass""","17.530494007584768"
"4","2","[44.220912020541675 144.22091202054168 0]","""""","9.9","57.31395925671628","4","true","8","""done""","0.009425153993882662","131.07259021063163","25.395079814946424","41.349411841682965","33.255508343370614","""Clay loam""","""D""","""woods | used and managed but not planted | good""","77","0.5412497875451677","0.306","0.17682686495784344","0.12917313504215655","1","0","49.753108775600275","50.246891224399725","""woodland""","17.487655438780013"
"5","2","[40.26408841891143 140.26408841891143 0]","""""","9.9","55.764731086279276","4","true","3","""done""","0.003544896404737763","143.20492811019236","21.322064966381127","40.18662665758697","38.491308376031895","""Clay loam""","""D""","""woods-grass combination or tree farm | lightly or only occasionally grazed | good""","79","0.5648108876921435","0.306","0.15483650482066605","0.15116349517933395","1","3.0709855053506487","47.29411736840723","49.63489712624213","""wood-grass""","17.518255143687888"
"6","2","[37.04008736973972 137.04008736973972 0]","""""","9.9","54.50242734222624","4","true","6","""done""","0.00707722651895526","136.59984693599677","22.959714916370814","44.283813543918846","32.75647153971035","""Clay loam""","""D""","""woods | used and managed but not planted | good""","77","0.5390041219286965","0.306","0.17892281953321656","0.12707718046678343","1","0","49.997907806624276","50.002092193375724","""woodland""","17.499895390331215"
"7","2","[33.744726872272 133.744726872272 0]","""""","9.9","53.21218399846968","2","true","6","""done""","0.00707722651895526","187.27763749438952","20.16321428620585","38.694368066473004","41.142417647321146","""Clay""","""D""","""woods | used and managed but not planted | good""","77","0.5767408794129452","0.357","0.1947018458812512","0.1622981541187488","0.5062302153329558","0","49.997907806624276","50.002092193375724","""woodland""","17.499895390331215"
"8","2","[28.294370373509537 128.29437037350954 0]","""""","9.9","51.07818797617335","2","true","8","""done""","0.009425153993882662","195.89895151003893","22.930997838264176","40.788494793909244","36.28050736782659","""Clay loam""","""D""","""woods | used and managed but not planted | good""","77","0.5548622831552197","0.306","0.16412186905512835","0.14187813094487164","0.8967747508357244","0","49.753108775600275","50.246891224399725","""woodland""","17.487655438780013"
"9","2","[23.6598484048684 123.6598484048684 0]","""""","9.9","49.26361833314711","4","true","10","""done""","0.011767529412220479","146.40254174005148","22.98120068676847","41.056673251121154","35.96212606211038","""Clay loam""","""D""","""woods | used and managed but not planted | good""","77","0.5534295672794967","0.306","0.16545907053913642","0.14054092946086358","1","0","49.508321580567106","50.491678419432894","""woodland""","17.475416079028356"
"10","2","[20.227579945753234 120.22757994575323 0]","""""","9.9","47.91977096447168","2","false","0","""done""","0","150.66385135358624","22.523355574741863","38.063362509789435","39.4132819154687","""Clay loam""","""D""","""woods-grass combination or tree farm | lightly or only occasionally grazed | good""","79","0.5689597686196092","0.306","0.15096421595503146","0.15503578404496854","1","7.2375519172233","43.49470664368795","49.26774143908875","""wood-grass""","17.53661292804556"
"11","2","[14.400307774649391 114.40030777464939 0]","""""","9.9","45.63819990819358","4","true","28","""done""","0.032601221662009294","176.59031884424422","25.85607123231926","38.910671310640154","35.23325745704058","""Clay loam""","""D""","""woods | used and managed but not planted | good""","77","0.5501496585566826","0.306","0.16852031868042958","0.13747968131957042","0.9948293574595403","0","47.30770293090386","52.69229706909614","""woodland""","17.365385146545194"
"12","2","[10.378512141182824 110.37851214118282 0]","""""","9.9","44.0635330242466","4","true","1","""done""","0.0011830311456955123","131.37808170824133","21.681987480254985","39.69771094191809","38.62030157782693","""Clay loam""","""D""","""woods-grass combination or tree farm | lightly or only occasionally grazed | good""","79","0.5653913571002211","0.306","0.1542947333731269","0.1517052666268731","1","5.854940353061892","44.75493979863351","49.39011984830461","""wood-grass""","17.530494007584768"
"13","2","[6.6513067289918695 106.65130672899187 0]","""""","9.9","42.60420801941383","2","true","8","""done""","0.009425153993882662","167.0237601355973","22.78302790998009","39.618939661992236","37.59803242802767","""Clay loam""","""D""","""woods | used and managed but not planted | good""","77","0.5607911459261246","0.306","0.1585882638022838","0.1474117361977162","1","0","49.753108775600275","50.246891224399725","""woodland""","17.487655438780013"
"14","2","[3.9257044997342803 103.92570449973428 0]","""""","9.9","41.53704400602895","8","true","1971","""done""","0.9030087728165734","194.7945002231886","19.971217503005054","42.23939333138512","37.78938916560982","""Silty clay loam""","""D""","""woods | used and managed but not planted | good""","77","0.5616522512452442","0.2365","0.08828456550443878","0.1482154344955612","0.6148235369977573","0","0.006633248564426708","99.99336675143557","""woodland""","15.000331662428222"
"15","2","[5.191711484375816 105.19171148437582 0]","""""","9.9","42.03272788836542","32","true","14","""done""","0.01643567656304723","158.1523176887697","23.794758590359052","39.56127206663739","36.643969343003555","""Clay loam""","""D""","""woods | used and managed but not planted | good""","77","0.5564978620435159","0.306","0.1625953287593851","0.1434046712406149","1","0","49.01882962762967","50.98117037237033","""woodland""","17.450941481381484"
"16","2","[8.691506558223665 108.69150655822367 0]","""""","9.9","43.403014174801804","32","true","13","""done""","0.01527071114425227","148.84952195910236","23.645742065656126","42.24030802166686","34.113949912677015","""Clay loam""","""D""","""woods | used and managed but not planted | good""","77","0.5451127746070465","0.306","0.17322141036675656","0.13277858963324343","1","0","49.14118864617969","50.85881135382031","""woodland""","17.457059432308984"
"17","2","[14.033957300227527 114.03395730022753 0]","""""","9.9","45.4947615009334","32","true","9","""done""","0.010597034888850443","148.815194731109","25.98053863496025","37.6201384213349","36.399322943704846","""Clay loam""","""D""","""woods | used and managed but not planted | good""","77","0.5553969532466718","0.306","0.16362284363643967","0.14237715636356033","1","0","49.63071296516659","50.36928703483341","""woodland""","17.48153564825833"
"18","2","[18.556143921298244 118.55614392129824 0]","""""","9.9","47.26534811552233","32","true","8","""done""","0.009425153993882662","148.7043028424626","27.11129717099263","40.069143201226105","32.81955962778128","""Clay loam""","""D""","""woods | used and managed but not planted | good""","77","0.5392880183250157","0.306","0.17865784956331862","0.12734215043668137","1","0","49.753108775600275","50.246891224399725","""woodland""","17.487655438780013"
"19","2","[22.04153809300857 122.04153809300857 0]","""""","9.9","48.629995969337664","32","true","7","""done""","0.008251885085253763","179.62964649873163","24.881223809002766","36.33559717868922","38.78317901230802","""Clay loam""","""D""","""woods | used and managed but not planted | good""","77","0.5661243055553861","0.306","0.15361064814830633","0.15238935185169367","0.977996877762799","0","49.87550754506712","50.12449245493288","""woodland""","17.493775377253357"
"20","2","[27.675971802646757 127.67597180264676 0]","""""","9.9","50.83606434798232","32","true","5","""done""","0.005901176649031781","170.7274432346361","23.26116467308084","40.45338243573832","36.285452891180825","""Clay loam""","""D""","""woods-grass combination or tree farm | lightly or only occasionally grazed | good""","79","0.5548845380103137","0.306","0.16410109785704055","0.14189890214295944","1","0.2729377906510422","49.84737030260629","49.87969190674267","""wood-grass""","17.506015404662865"
"21","2","[31.56079904737419 131.5607990473742 0]","""""","9.9","52.3571035477923","64","true","3","""done""","0.003544896404737763","160.5682946723522","21.482528710140443","42.33401016083024","36.183461129029325","""Clay loam""","""D""","""woods-grass combination or tree farm | lightly or only occasionally grazed | good""","79","0.554425575080632","0.306","0.16452946325807685","0.14147053674192314","1","3.0709855053506487","47.29411736840723","49.63489712624213","""wood-grass""","17.518255143687888"
"22","2","[34.46121305813631 134.4612130581363 0]","""""","9.9","53.49271219346241","32","true","2","""done""","0.002364662728699396","172.21326652444864","27.908508184773854","38.27584889663337","33.81564291859278","""Clay loam""","""D""","""woods-grass combination or tree farm | lightly or only occasionally grazed | good""","79","0.5437703931336675","0.306","0.17447429974191034","0.13152570025808966","1","4.46554699695929","46.02194743691256","49.51250556612814","""wood-grass""","17.524374721693594"
"23","2","[39.15559333124642 139.15559333124642 0]","""""","9.9","55.33071835548832","32","true","1","""done""","0.0011830311456955123","144.55128340514594","20.286580983500652","43.124121052529254","36.5892979639701","""Clay loam""","""D""","""woods-grass combination or tree farm | lightly or only occasionally grazed | good""","79","0.5562518408378654","0.306","0.1628249485513256","0.1431750514486744","1","5.854940353061892","44.75493979863351","49.39011984830461","""wood-grass""","17.530494007584768"
"24","2","[43.769472881003566 143.76947288100357 0]","""""","9.9","57.13720580429497","32","false","0","""done""","0","156.53997468044625","24.696870657912513","38.633223388330826","36.669905953756654","""Clay loam""","""D""","""woods-grass combination or tree farm | lightly or only occasionally grazed | good""","79","0.556614576791905","0.306","0.16248639499422207","0.14351360500577792","1","7.2375519172233","43.49470664368795","49.26774143908875","""wood-grass""","17.53661292804556"
"25","2","[47.48047890269146 147.48047890269146 0]","""""","9.9","58.590188208436395","64","true","2","""done""","0.002364662728699396","145.27570423841362","22.071574840814073","41.56493123388018","36.36349392530574","""Clay loam""","""D""","""woods-grass combination or tree farm | lightly or only occasionally grazed | good""","79","0.5552357226638758","0.306","0.1637733255137159","0.1422266744862841","1","4.46554699695929","46.02194743691256","49.51250556612814","""wood-grass""","17.524374721693594"
"26","2","[51.585045287868326 151.58504528786833 0]","""""","9.9","60.1972625972782","64","true","5","""done""","0.005901176649031781","123.2972427357303","20.81222287013986","39.71640863167669","39.471368498183445","""Clay loam""","""D""","""woods-grass combination or tree farm | lightly or only occasionally grazed | good""","79","0.5692211582418255","0.306","0.15072025230762956","0.15527974769237043","1","0.2729377906510422","49.84737030260629","49.87969190674267","""wood-grass""","17.506015404662865"
"27","2","[55.6064099228102 155.6064099228102 0]","""""","9.9","61.77176073095397","32","true","4","""done""","0.004723733827578291","175.9834228763674","22.258709570904944","40.672151616846044","37.069138812249","""Clay loam""","""D""","""woods-grass combination or tree farm | lightly or only occasionally grazed | good""","79","0.5584111246551204","0.306","0.1608096169885542","0.1451903830114458","0.9982601233572569","1.672896220173925","48.569810717776754","49.75729306204932","""wood-grass""","17.512135346897534"
"28","2","[60.592799174845624 160.59279917484562 0]","""""","9.9","63.72409812977933","32","true","2","""done""","0.002364662728699396","181.80615030999337","23.39497616897473","42.31224599100141","34.292777840023874","""Clay loam""","""D""","""woods-grass combination or tree farm | lightly or only occasionally grazed | good""","79","0.5459175002801074","0.306","0.17247033307189974","0.13352966692810025","0.966288726370652","4.46554699695929","46.02194743691256","49.51250556612814","""wood-grass""","17.524374721693594"
"29","2","[65.93500710730291 165.9350071073029 0]","""""","9.9","65.81575038788984","64","false","0","""done""","0","204.37819852010972","21.5459496097573","43.911089111314936","34.542961278927756","""Clay loam""","""D""","""woods-grass combination or tree farm | lightly or only occasionally grazed | good""","79","0.5470433257551749","0.306","0.17141956262850344","0.13458043737149655","0.8595693410621248","7.2375519172233","43.49470664368795","49.26774143908875","""wood-grass""","17.53661292804556"
"30","2","[71.01047932651443 171.01047932651443 0]","""""","9.9","67.80296673411088","64","true","1","""done""","0.0011830311456955123","142.12096775964426","22.514620884815475","37.204231207840444","40.28114790734407","""Clay""","""D""","""woods-grass combination or tree farm | lightly or only occasionally grazed | good""","79","0.5728651655830483","0.357","0.1983191787891549","0.1586808212108451","0.6670767885296685","5.854940353061892","44.75493979863351","49.39011984830461","""wood-grass""","17.530494007584768"
"31","2","[76.70611740601419 176.7061174060142 0]","""""","9.9","70.03299866116956","64","true","1","""done""","0.0011830311456955123","153.0326624619036","22.663334440817295","40.0265053751124","37.31016018407031","""Clay loam""","""D""","""woods-grass combination or tree farm | lightly or only occasionally grazed | good""","79","0.5594957208283164","0.306","0.1597973272269047","0.1462026727730953","1","5.854940353061892","44.75493979863351","49.39011984830461","""wood-grass""","17.530494007584768"
"32","2","[80.69879581880065 180.69879581880065 0]","""""","9.9","71.59626518385103","64","true","1","""done""","0.0011830311456955123","160.16636425396607","23.581742553122652","36.82012027436746","39.598137172509894","""Clay loam""","""D""","""woods-grass combination or tree farm | lightly or only occasionally grazed | good""","79","0.5697916172762945","0.306","0.15018782387545845","0.15581217612454154","1","5.854940353061892","44.75493979863351","49.39011984830461","""wood-grass""","17.530494007584768"
"33","2","[84.31252450533071 184.3125245053307 0]","""""","9.9","73.01116027272536","64","true","3","""done""","0.003544896404737763","143.71184422891417","21.985968662503517","39.1499227581571","38.86410857933938","""Clay loam""","""D""","""woods-grass combination or tree farm | lightly or only occasionally grazed | good""","79","0.5664884886070272","0.306","0.15327074396677462","0.15272925603322537","1","3.0709855053506487","47.29411736840723","49.63489712624213","""wood-grass""","17.518255143687888"
"34","2","[90.05870774185405 190.05870774185405 0]","""""","9.9","75.26098231150593","32","false","0","""done""","0","151.51020412175473","28.538544350818498","34.57891063001368","36.88254501916782","""Clay loam""","""D""","""woods-grass combination or tree farm | lightly or only occasionally grazed | good""","79","0.5575714525862552","0.306","0.16159331091949516","0.14440668908050483","1","7.2375519172233","43.49470664368795","49.26774143908875","""wood-grass""","17.53661292804556"
"35","2","[93.09496708560113 193.09496708560113 0]","""""","9.9","76.44977892759655","128","true","2","""done""","0.002364662728699396","147.42889100043226","23.02544098537084","39.61448854943562","37.360070465193544","""Clay loam""","""D""","""woods-grass combination or tree farm | lightly or only occasionally grazed | good""","79","0.5597203170933709","0.306","0.15958770404618713","0.14641229595381286","1","4.46554699695929","46.02194743691256","49.51250556612814","""wood-grass""","17.524374721693594"
"36","2","[96.9867332084105 196.9867332084105 0]","""""","9.9","77.97353492918444","64","false","0","""done""","0","164.7069499218889","20.70605563696173","39.003947350730186","40.289997012308085","""Clay""","""D""","""woods-grass combination or tree farm | lightly or only occasionally grazed | good""","79","0.5729049865553864","0.357","0.19828201254830605","0.15871798745169394","0.575601690158144","7.2375519172233","43.49470664368795","49.26774143908875","""wood-grass""","17.53661292804556"
"37","2","[99.25292747962459 199.2529274796246 0]","""""","9.9","78.86082543240559","64","true","1","""done""","0.0011830311456955123","175.11429678220492","23.89150223500346","41.70939423593464","34.3991035290619","""Clay loam""","""D""","""woods-grass combination or tree farm | lightly or only occasionally grazed | good""","79","0.5463959658807785","0.306","0.17202376517794005","0.13397623482205995","1","5.854940353061892","44.75493979863351","49.39011984830461","""wood-grass""","17.530494007584768"
"38","2","[102.76127944380517 202.76127944380517 0]","""""","9.9","80.23446202628286","64","true","4","""done""","0.004723733827578291","160.65109354080548","22.88123187572456","40.225949171957076","36.892818952318365","""Clay loam""","""D""","""woods-grass combination or tree farm | lightly or only occasionally grazed | good""","79","0.5576176852854327","0.306","0.16155016040026288","0.14444983959973712","1","1.672896220173925","48.569810717776754","49.75729306204932","""wood-grass""","17.512135346897534"
"39","2","[109.0029526672474 209.0029526672474 0]","""""","9.9","82.6782848907732","32","false","0","""done""","0","112.16847119680905","23.111661607182857","43.52609117403037","33.36224721878677","""Clay loam""","""D""","""woods-grass combination or tree farm | lightly or only occasionally grazed | good""","79","0.5417301124845404","0.306","0.17637856168109559","0.1296214383189044","1","7.2375519172233","43.49470664368795","49.26774143908875","""wood-grass""","17.53661292804556"
"40","2","[112.68050367953265 212.68050367953265 0]","""""","9.9","84.11816854495078","64","false","0","""done""","0","181.7189749719801","26.16622429607698","40.19003978526357","33.64373591865946","""Clay loam""","""D""","""woods-grass combination or tree farm | lightly or only occasionally grazed | good""","79","0.5429968116339676","0.306","0.17519630914163029","0.1308036908583697","0.9667522803080038","7.2375519172233","43.49470664368795","49.26774143908875","""wood-grass""","17.53661292804556"
"41","2","[116.13265926729224 216.13265926729224 0]","""""","9.9","85.4698023865719","64","true","5","""done""","0.005901176649031781","160.04040718625023","23.139433444876154","42.65722375065375","34.20334280447008","""Clay loam""","""D""","""woods-grass combination or tree farm | lightly or only occasionally grazed | good""","79","0.5455150426201154","0.306","0.17284596022122567","0.13315403977877432","1","0.2729377906510422","49.84737030260629","49.87969190674267","""wood-grass""","17.506015404662865"
"42","2","[121.0735888340567 221.0735888340567 0]","""""","9.9","87.40434080517181","32","false","0","""done""","0","187.1533238088164","23.005078412603837","39.469334582998556","37.52558700439761","""Clay loam""","""D""","""woods-grass combination or tree farm | lightly or only occasionally grazed | good""","79","0.5604651415197892","0.306","0.15889253458153005","0.14710746541846995","0.938680809157604","7.2375519172233","43.49470664368795","49.26774143908875","""wood-grass""","17.53661292804556"
"43","2","[125.10920522989457 225.10920522989457 0]","""""","9.9","88.98441897770738","64","true","1","""done""","0.0011830311456955123","154.97830212608005","24.55552466506718","37.16887443451302","38.2756009004198","""Clay loam""","""D""","""woods-grass combination or tree farm | lightly or only occasionally grazed | good""","79","0.5638402040518891","0.306","0.15574247621823684","0.15025752378176316","1","5.854940353061892","44.75493979863351","49.39011984830461","""wood-grass""","17.530494007584768"
"44","2","[129.9138341653177 229.9138341653177 0]","""""","9.9","90.86559116142249","32","false","0","""done""","0","134.21985807043706","23.303940924223312","40.13921400560837","36.55684507016832","""Clay loam""","""D""","""woods-grass combination or tree farm | lightly or only occasionally grazed | good""","79","0.5561058028157575","0.306","0.16296125070529305","0.14303874929470695","1","7.2375519172233","43.49470664368795","49.26774143908875","""wood-grass""","17.53661292804556"
"45","2","[134.08218257015344 234.08218257015344 0]","""""","9.9","92.49763833438897","64","true","6","""done""","0.00707722651895526","171.72832206911605","27.289908995417402","39.06621227346521","33.64387873111738","""Clay loam""","""D""","""woods | used and managed but not planted | good""","77","0.5429974542900282","0.306","0.175195709329307","0.130804290670693","1","0","49.997907806624276","50.002092193375724","""woodland""","17.499895390331215"
"46","2","[137.70126010373954 237.70126010373954 0]","""""","9.9","93.91462767495932","32","true","3","""done""","0.003544896404737763","145.7165920890069","21.120716692619077","41.180378954485015","37.69890435289591","""Clay loam""","""D""","""woods-grass combination or tree farm | lightly or only occasionally grazed | good""","79","0.5612450695880316","0.306","0.1581646017178372","0.1478353982821628","1","3.0709855053506487","47.29411736840723","49.63489712624213","""wood-grass""","17.518255143687888"
"47","2","[142.4180389279019 242.4180389279019 0]","""""","9.9","95.76140361541377","32","true","2","""done""","0.002364662728699396","164.4735882833454","19.08327083424685","39.791361818695236","41.12536734705793","""Clay""","""D""","""woods-grass combination or tree farm | lightly or only occasionally grazed | good""","79","0.5766641530617607","0.357","0.1947734571423567","0.1622265428576433","0.5764183766241333","4.46554699695929","46.02194743691256","49.51250556612814","""wood-grass""","17.524374721693594"
"48","2","[149.46221698348253 249.46221698348253 0]","""""","9.9","98.51943383864217","32","false","0","""done""","0","160.56210456861237","26.93695613939415","38.74474935169821","34.318294508907634","""Clay loam""","""D""","""woods-grass combination or tree farm | lightly or only occasionally grazed | good""","79","0.5460323252900844","0.306","0.17236316306258795","0.13363683693741205","1","7.2375519172233","43.49470664368795","49.26774143908875","""wood-grass""","17.53661292804556"
"49","2","[154.15099928105573 254.15099928105573 0]","""""","9.9","100.35524820687782","2","false","0","""done""","0","137.88146546640388","26.205111086821958","39.19795229270315","34.596936620474885","""Clay loam""","""D""","""woods-grass combination or tree farm | lightly or only occasionally grazed | good""","79","0.547286214792137","0.306","0.1711928661940055","0.1348071338059945","1","7.2375519172233","43.49470664368795","49.26774143908875","""wood-grass""","17.53661292804556"
"0","1","[61.527013707385066 161.52701370738507 0]","""0""","9.9","64.08987422109799","32","false","0","""done""","0","155.2450701145085","20.036807918957667","41.93689262406347","38.02629945697887","""Clay loam""","""D""","""woods-grass combination or tree farm | lightly or only occasionally grazed | good""","79","0.5627183475564049","0.306","0.15678954228068875","0.14921045771931124","1","7.2375519172233","43.49470664368795","49.26774143908875","""wood-grass""","17.53661292804556"
"1","1","[55.39218812847312 155.39218812847312 0]","""""","9.9","61.687885766608375","2","false","0","""done""","0","205.3799078544589","22.722753407681708","39.66315669312908","37.61408989918922","""Clay loam""","""D""","""woods-grass combination or tree farm | lightly or only occasionally grazed | good""","79","0.5608634045463514","0.306","0.1585208224234053","0.1474791775765947","0.8553769220399462","7.2375519172233","43.49470664368795","49.26774143908875","""wood-grass""","17.53661292804556"
"2","1","[49.90080286935273 149.90080286935273 0]","""""","9.9","59.537825618704204","2","true","2","""done""","0.002364662728699396","199.69845521312908","22.501833890504674","39.1688278188237","38.329338290671615","""Clay loam""","""D""","""woods-grass combination or tree farm | lightly or only occasionally grazed | good""","79","0.5640820223080223","0.306","0.15551677917917922","0.15048322082082077","0.8797125307849902","4.46554699695929","46.02194743691256","49.51250556612814","""wood-grass""","17.524374721693594"
"3","1","[46.353058425676466 146.35305842567647 0]","""""","9.9","58.14876555765167","4","true","3","""done""","0.003544896404737763","174.8474228154281","19.73152908900264","44.68155506448299","35.58691584651437","""Silty clay loam""","""D""","""woods-grass combination or tree farm | lightly or only occasionally grazed | good""","79","0.5517411213093146","0.2365","0.09753495344463964","0.13896504655536035","0.6849643059443683","3.0709855053506487","47.29411736840723","49.63489712624213","""wood-grass""","17.518255143687888"
"4","1","[42.38125605328588 142.38125605328588 0]","""""","9.9","56.59367269978941","4","false","0","""done""","0","162.30291008539356","22.96144219975352","37.46228935965252","39.576268440593964","""Clay loam""","""D""","""woods-grass combination or tree farm | lightly or only occasionally grazed | good""","79","0.5696932079826729","0.306","0.15027967254950536","0.15572032745049463","1","7.2375519172233","43.49470664368795","49.26774143908875","""wood-grass""","17.53661292804556"
"5","1","[38.260621766227985 138.26062176622798 0]","""5""","9.9","54.980307192429294","2","true","9","""done""","0.010597034888850443","119.5749993236648","21.23205578935392","42.9949526103319","35.77299160031418","""Clay loam""","""D""","""woods | used and managed but not planted | good""","77","0.5525784622014138","0.306","0.16625343527868047","0.13974656472131952","1","0","49.63071296516659","50.36928703483341","""woodland""","17.48153564825833"
"6","1","[33.7195995179909 133.7195995179909 0]","""""","9.9","53.20234580272985","4","true","14","""done""","0.01643567656304723","172.367892585753","22.706964874888524","38.7075446094545","38.585490515656964","""Clay loam""","""D""","""woods | used and managed but not planted | good""","77","0.5652347073204563","0.306","0.15444093983424076","0.15155906016575924","1","0","49.01882962762967","50.98117037237033","""woodland""","17.450941481381484"
"7","1","[30.03558181270239 130.0355818127024 0]","""""","9.9","51.75993022295264","2","true","7","""done""","0.008251885085253763","172.82440603721207","23.143766902527684","40.461729060027984","36.39450403744433","""Clay loam""","""D""","""woods | used and managed but not planted | good""","77","0.5553752681684995","0.306","0.16364308304273384","0.14235691695726616","1","0","49.87550754506712","50.12449245493288","""woodland""","17.493775377253357"
"8","1","[26.46132255318247 126.46132255318247 0]","""""","9.9","50.36048872876722","4","true","8","""done""","0.009425153993882662","151.9012247051609","23.977075319393172","41.371854790900485","34.65106988970634","""Clay loam""","""D""","""woods | used and managed but not planted | good""","77","0.5475298145036785","0.306","0.17096550646323339","0.1350344935367666","1","0","49.753108775600275","50.246891224399725","""woodland""","17.487655438780013"
"9","1","[22.07701144439079 122.07701144439079 0]","""""","9.9","48.64388496738108","4","false","0","""done""","0","157.81151071854637","22.862759982898076","40.9264591972527","36.21078081984922","""Clay loam""","""D""","""woods-grass combination or tree farm | lightly or only occasionally grazed | good""","79","0.5545485136893215","0.306","0.16441472055663328","0.1415852794433667","1","7.2375519172233","43.49470664368795","49.26774143908875","""wood-grass""","17.53661292804556"
"10","1","[18.494795884933836 118.49479588493384 0]","""10""","9.9","47.241328316889515","2","true","11","""done""","0.012936639204113476","164.16026943936447","25.26347317503292","37.779759856567885","36.956766968399194","""Clay loam""","""D""","""woods | used and managed but not planted | good""","77","0.5579054513577963","0.306","0.1612815787327234","0.1447184212672766","1","0","49.385936088390636","50.614063911609364","""woodland""","17.469296804419532"
"11","1","[12.518914790922835 112.51891479092284 0]","""""","9.9","44.901571919811474","2","true","12","""done""","0.014104365902709914","170.16975774690388","24.205401026485326","40.10089423459377","35.69370473892091","""Clay loam""","""D""","""woods | used and managed but not planted | good""","77","0.5522216713251441","0.306","0.1665864400965322","0.1394135599034678","1","0","49.26355795494361","50.73644204505639","""woodland""","17.46317789774718"
"12","1","[8.018440171276353 108.01844017127635 0]","""""","9.9","43.13948627661514","2","true","42","""done""","0.04850107509025958","166.66196433012254","26.921042074627362","34.73878367321174","38.34017425216091","""Clay loam""","""D""","""woods | used and managed but not planted | good""","77","0.5641307841347241","0.306","0.1554712681409242","0.15052873185907578","1","0","45.60287761944638","54.39712238055362","""woodland""","17.280143880972318"
"13","1","[4.609283280912493 104.60928328091249 0]","""""","9.9","41.80468785653519","8","true","45","""done""","0.05187404020828401","169.2289402714367","24.087244160777605","37.928054836008556","37.98470100321383","""Clay loam""","""D""","""woods | used and managed but not planted | good""","77","0.5625311545144622","0.306","0.15696425578650194","0.14903574421349805","1","0","45.23875766745444","54.76124233254556","""woodland""","17.261937883372724"
"14","1","[3.6702983770509974 103.670298377051 0]","""""","9.9","41.43704400602895","16","true","1974","""done""","0.9033525966691069","245.5584662977307","19.70885961594329","41.92795652327747","38.36318386077925","""Silty clay loam""","""D""","""woods | used and managed but not planted | good""","77","0.5642343273735067","0.2365","0.08587462778472715","0.15062537221527283","0.4877219076198393","0","0.006536537353895255","99.9934634626461","""woodland""","15.000326826867694"
"15","1","[6.408076232229945 106.40807623222994 0]","""15""","9.9","42.50897518231245","32","true","1","""done""","0.0011830311456955123","174.31813596591218","19.358804484587615","42.58388988578789","38.05730562962449","""Silty clay loam""","""D""","""woods-grass combination or tree farm | lightly or only occasionally grazed | good""","79","0.5628578753333102","0.2365","0.08715931635557717","0.14934068364442282","0.6870440815082549","5.854940353061892","44.75493979863351","49.39011984830461","""wood-grass""","17.530494007584768"
"16","1","[10.817564864882911 110.81756486488291 0]","""""","9.9","44.23543678249931","32","false","0","""done""","0","140.44256758825856","27.236501884261937","35.8825896280435","36.88090848769457","""Clay loam""","""D""","""woods-grass combination or tree farm | lightly or only occasionally grazed | good""","79","0.5575640881946256","0.306","0.16160018435168283","0.14439981564831716","1","7.2375519172233","43.49470664368795","49.26774143908875","""wood-grass""","17.53661292804556"
"17","1","[14.682537176861018 114.68253717686102 0]","""""","9.9","45.748702115128374","64","true","2","""done""","0.002364662728699396","136.17014499911988","25.970558161813102","40.658100790946044","33.37134104724084","""Clay loam""","""D""","""woods-grass combination or tree farm | lightly or only occasionally grazed | good""","79","0.5417710347125838","0.306","0.17634036760158847","0.12965963239841152","1","4.46554699695929","46.02194743691256","49.51250556612814","""wood-grass""","17.524374721693594"
"18","1","[20.303500413112744 120.30350041311274 0]","""""","9.9","47.94949635498382","32","true","1","""done""","0.0011830311456955123","132.92741712072439","20.70573082666148","39.91661631563691","39.37765285770161","""Clay loam""","""D""","""woods-grass combination or tree farm | lightly or only occasionally grazed | good""","79","0.5687994378596573","0.306","0.15111385799765326","0.15488614200234674","1","5.854940353061892","44.75493979863351","49.39011984830461","""wood-grass""","17.530494007584768"
"19","1","[25.509508143678687 125.50950814367869 0]","""""","9.9","49.987821699682684","32","false","0","""done""","0","138.55432063179674","22.814193068894465","40.1749061210255","37.010900810080024","""Clay loam""","""D""","""woods-grass combination or tree farm | lightly or only occasionally grazed | good""","79","0.5581490536453602","0.306","0.16105421659766392","0.14494578340233608","1","7.2375519172233","43.49470664368795","49.26774143908875","""wood-grass""","17.53661292804556"
"20","1","[29.700858032657266 129.70085803265727 0]","""20""","9.9","51.62887471945548","64","false","0","""done""","0","192.91676955318852","24.97333647400054","39.098754105773466","35.92790942022599","""Clay loam""","""D""","""woods-grass combination or tree farm | lightly or only occasionally grazed | good""","79","0.5532755923910169","0.306","0.16560278043505086","0.14039721956494913","0.910637441401689","7.2375519172233","43.49470664368795","49.26774143908875","""wood-grass""","17.53661292804556"
"21","1","[32.59166423420322 132.59166423420322 0]","""""","9.9","52.760721587954706","64","true","4","""done""","0.004723733827578291","143.1725535199173","25.377474114352122","40.52988477112311","34.092641114524774","""Clay loam""","""D""","""woods-grass combination or tree farm | lightly or only occasionally grazed | good""","79","0.5450168850153615","0.306","0.17331090731899595","0.13268909268100404","1","1.672896220173925","48.569810717776754","49.75729306204932","""wood-grass""","17.512135346897534"
"22","1","[35.283139291879905 135.2831392918799 0]","""""","9.9","53.81452367750535","32","true","3","""done""","0.003544896404737763","172.55533214163177","24.539831951013596","37.600581249504145","37.85958679948225","""Clay loam""","""D""","""woods-grass combination or tree farm | lightly or only occasionally grazed | good""","79","0.5619681405976701","0.306","0.15748973544217457","0.14851026455782543","1","3.0709855053506487","47.29411736840723","49.63489712624213","""wood-grass""","17.518255143687888"
"23","1","[40.20106211646413 140.20106211646413 0]","""""","9.9","55.740054190602244","32","true","2","""done""","0.002364662728699396","140.13619098594071","24.425219942037362","38.6008975354801","36.97388252248253","""Clay loam""","""D""","""woods-grass combination or tree farm | lightly or only occasionally grazed | good""","79","0.5579824713511714","0.306","0.16120969340557337","0.14479030659442663","1","4.46554699695929","46.02194743691256","49.51250556612814","""wood-grass""","17.524374721693594"
"24","1","[44.84368653319234 144.84368653319234 0]","""""","9.9","57.557796211800934","32","true","1","""done""","0.0011830311456955123","154.6793885655697","25.2223699792861","41.95816755034392","32.81946247036998","""Clay loam""","""D""","""woods-grass combination or tree farm | lightly or only occasionally grazed | good""","79","0.5392875811166649","0.306","0.17865825762444612","0.12734174237555387","1","5.854940353061892","44.75493979863351","49.39011984830461","""wood-grass""","17.530494007584768"
"25","1","[49.00643123613423 149.00643123613423 0]","""25""","9.9","59.18764934891776","32","false","0","""done""","0","147.7381885554424","27.41036027053249","39.51833103228723","33.07130869718029","""Clay loam""","""D""","""woods-grass combination or tree farm | lightly or only occasionally grazed | good""","79","0.5404208891373113","0.306","0.17760050347184278","0.12839949652815721","1","7.2375519172233","43.49470664368795","49.26774143908875","""wood-grass""","17.53661292804556"
"26","1","[52.08452236838906 152.08452236838906 0]","""""","9.9","60.39282450287124","64","true","1","""done""","0.0011830311456955123","175.37312606480762","23.508239273738933","39.051209221145186","37.44055150511588","""Clay loam""","""D""","""woods-grass combination or tree farm | lightly or only occasionally grazed | good""","79","0.5600824817730214","0.306","0.15924968367851333","0.14675031632148666","1","5.854940353061892","44.75493979863351","49.39011984830461","""wood-grass""","17.530494007584768"
"27","1","[57.96112713827861 157.9611271382786 0]","""""","9.9","62.693710913952685","32","false","0","""done""","0","155.23003996395957","22.27167571862002","43.90467736123377","33.8236469201462","""Clay loam""","""D""","""woods-grass combination or tree farm | lightly or only occasionally grazed | good""","79","0.5438064111406579","0.306","0.17444068293538595","0.13155931706461405","1","7.2375519172233","43.49470664368795","49.26774143908875","""wood-grass""","17.53661292804556"
"28","1","[62.70851093387708 162.70851093387708 0]","""""","9.9","64.55246971962374","64","false","0","""done""","0","127.00778117212734","24.061409169639177","38.86295503937996","37.075635790980854","""Clay loam""","""D""","""woods-grass combination or tree farm | lightly or only occasionally grazed | good""","79","0.5584403610594139","0.306","0.16078232967788042","0.14521767032211957","1","7.2375519172233","43.49470664368795","49.26774143908875","""wood-grass""","17.53661292804556"
"29","1","[67.75411282262021 167.75411282262021 0]","""""","9.9","66.52799083702469","64","true","1","""done""","0.0011830311456955123","156.65106682825194","25.217001750580987","39.86761204547826","34.91538620394075","""Clay loam""","""D""","""woods-grass combination or tree farm | lightly or only occasionally grazed | good""","79","0.5487192379177334","0.306","0.16985537794344888","0.13614462205655112","1","5.854940353061892","44.75493979863351","49.39011984830461","""wood-grass""","17.530494007584768"
"30","1","[74.51738979454285 174.51738979454285 0]","""30""","9.9","69.17603893425436","32","false","0","""done""","0","143.24298491086765","24.56325188966722","39.70921094243209","35.7275371679007","""Clay loam""","""D""","""woods-grass combination or tree farm | lightly or only occasionally grazed | good""","79","0.5523739172555531","0.306","0.16644434389481708","0.13955565610518292","1","7.2375519172233","43.49470664368795","49.26774143908875","""wood-grass""","17.53661292804556"
"31","1","[79.37635374071039 179.37635374071039 0]","""""","9.9","71.07848508359471","64","false","0","""done""","0","187.30458051860114","21.21538658501201","41.40544063718632","37.37917277780167","""Clay loam""","""D""","""woods-grass combination or tree farm | lightly or only occasionally grazed | good""","79","0.5598062775001075","0.306","0.159507474333233","0.146492525666767","0.9379227830039553","7.2375519172233","43.49470664368795","49.26774143908875","""wood-grass""","17.53661292804556"
"32","1","[82.96084658003633 182.96084658003633 0]","""""","9.9","72.48193336497008","64","false","0","""done""","0","181.94621000478486","23.029387032007243","42.426876864346795","34.54373610364596","""Clay loam""","""D""","""woods-grass combination or tree farm | lightly or only occasionally grazed | good""","79","0.5470468124664069","0.306","0.17141630836468696","0.13458369163531303","0.9655448905738395","7.2375519172233","43.49470664368795","49.26774143908875","""wood-grass""","17.53661292804556"
"33","1","[86.5681029125962 186.5681029125962 0]","""""","9.9","73.89429431178776","64","false","0","""done""","0","157.56337821921227","18.563074109811275","44.707522477125096","36.72940341306363","""Silty clay loam""","""D""","""woods-grass combination or tree farm | lightly or only occasionally grazed | good""","79","0.5568823153587863","0.2365","0.09273650566513275","0.14376349433486724","0.7601020298530763","7.2375519172233","43.49470664368795","49.26774143908875","""wood-grass""","17.53661292804556"
"34","1","[91.7089950706769 191.7089950706769 0]","""""","9.9","75.90712474203386","64","true","1","""done""","0.0011830311456955123","135.22011015381932","22.6058767288742","38.94327162559225","38.450851645533554","""Clay loam""","""D""","""woods-grass combination or tree farm | lightly or only occasionally grazed | good""","79","0.5646288324049009","0.306","0.1550064230887591","0.1509935769112409","1","5.854940353061892","44.75493979863351","49.39011984830461","""wood-grass""","17.530494007584768"
"35","1","[95.86803358827393 195.86803358827393 0]","""35""","9.9","77.53552678420202","32","false","0","""done""","0","147.24636487724766","22.14490398329877","42.34764083320763","35.50745518349361","""Clay loam""","""D""","""woods-grass combination or tree farm | lightly or only occasionally grazed | good""","79","0.5513835483257212","0.306","0.16736868822932685","0.13863131177067314","1","7.2375519172233","43.49470664368795","49.26774143908875","""wood-grass""","17.53661292804556"
"36","1","[98.25820093488119 198.2582009348812 0]","""""","9.9","78.4713568737458","64","true","1","""done""","0.0011830311456955123","171.40704432042446","22.8948304387475","42.20581739471453","34.899352166537966","""Clay loam""","""D""","""woods-grass combination or tree farm | lightly or only occasionally grazed | good""","79","0.5486470847494208","0.306","0.16992272090054056","0.13607727909945944","1","5.854940353061892","44.75493979863351","49.39011984830461","""wood-grass""","17.530494007584768"
"37","1","[101.57473684953902 201.57473684953902 0]","""""","9.9","79.76989109830336","32","false","0","""done""","0","156.79665814321248","27.612460920905647","36.39366962451304","35.99386945458131","""Clay loam""","""D""","""woods-grass combination or tree farm | lightly or only occasionally grazed | good""","79","0.5535724125456158","0.306","0.16532574829075852","0.14067425170924147","1","7.2375519172233","43.49470664368795","49.26774143908875","""wood-grass""","17.53661292804556"
"38","1","[106.7726955770292 206.7726955770292 0]","""""","9.9","81.805064990331","64","false","0","""done""","0","187.28495882451855","22.925253987498174","38.40201564830039","38.67273036420144","""Clay loam""","""D""","""woods-grass combination or tree farm | lightly or only occasionally grazed | good""","79","0.5656272866389065","0.306","0.15407453247035396","0.15192546752964603","0.9380210484174551","7.2375519172233","43.49470664368795","49.26774143908875","""wood-grass""","17.53661292804556"
"39","1","[109.8426345553516 209.8426345553516 0]","""""","9.9","83.00704830461879","64","true","2","""done""","0.002364662728699396","182.78413366422623","26.510896674073795","36.754042303965996","36.735061021960206","""Clay loam""","""D""","""woods-grass combination or tree farm | lightly or only occasionally grazed | good""","79","0.5569077745988209","0.306","0.16221274370776714","0.14378725629223285","0.9611186152082174","4.46554699695929","46.02194743691256","49.51250556612814","""wood-grass""","17.524374721693594"
"40","1","[113.89912016532443 213.89912016532443 0]","""40""","9.9","84.59529746926515","32","true","1","""done""","0.0011830311456955123","189.5452239366985","23.982765818911265","38.42927489213419","37.58795928895454","""Clay loam""","""D""","""woods-grass combination or tree farm | lightly or only occasionally grazed | good""","79","0.5607458168002954","0.306","0.15863057098639094","0.14736942901360905","0.9268354526731041","5.854940353061892","44.75493979863351","49.39011984830461","""wood-grass""","17.530494007584768"
"41","1","[118.42218410020752 218.42218410020752 0]","""""","9.9","86.36622758141911","32","false","0","""done""","0","144.71306646190195","26.496020435141027","40.22003597385564","33.28394359100333","""Clay loam""","""D""","""woods-grass combination or tree farm | lightly or only occasionally grazed | good""","79","0.541377746159515","0.306","0.17670743691778604","0.12929256308221396","1","7.2375519172233","43.49470664368795","49.26774143908875","""wood-grass""","17.53661292804556"
"42","1","[122.58753838543817 222.58753838543817 0]","""""","9.9","87.9971024568801","64","true","3","""done""","0.003544896404737763","156.10237292266893","20.067083332885236","40.87313083737952","39.05978582973524","""Clay loam""","""D""","""woods-grass combination or tree farm | lightly or only occasionally grazed | good""","79","0.5673690362338086","0.306","0.152448899515112","0.153551100484888","1","3.0709855053506487","47.29411736840723","49.63489712624213","""wood-grass""","17.518255143687888"
"43","1","[126.29472693658576 226.29472693658576 0]","""""","9.9","89.44859019421393","32","true","2","""done""","0.002364662728699396","179.8329979017846","20.545073816683782","40.77673093384362","38.678195249472594","""Clay loam""","""D""","""woods-grass combination or tree farm | lightly or only occasionally grazed | good""","79","0.5656518786226267","0.306","0.1540515799522151","0.1519484200477849","0.9768909792925798","4.46554699695929","46.02194743691256","49.51250556612814","""wood-grass""","17.524374721693594"
"44","1","[131.85232774585052 231.85232774585052 0]","""""","9.9","91.62457593444482","32","true","1","""done""","0.0011830311456955123","144.65425742180955","18.83137689700806","42.90289623966526","38.26572686332669","""Silty clay loam""","""D""","""woods-grass combination or tree farm | lightly or only occasionally grazed | good""","79","0.5637957708849701","0.2365","0.0862839471740279","0.15021605282597209","0.8279344538453547","5.854940353061892","44.75493979863351","49.39011984830461","""wood-grass""","17.530494007584768"
"45","1","[137.0003519611438 237.0003519611438 0]","""45""","9.9","93.64019880252977","32","false","0","""done""","0","142.74271480799382","24.83330126392819","36.19511464290345","38.97158409316837","""Clay loam""","""D""","""woods-grass combination or tree farm | lightly or only occasionally grazed | good""","79","0.5669721284192577","0.306","0.15281934680869286","0.15318065319130714","1","7.2375519172233","43.49470664368795","49.26774143908875","""wood-grass""","17.53661292804556"
"46","1","[139.803260503566 239.803260503566 0]","""""","9.9","94.73763081119701","64","true","1","""done""","0.0011830311456955123","192.29663593265246","19.915829634018177","40.80736013026587","39.27681023571595","""Silty clay loam""","""D""","""woods-grass combination or tree farm | lightly or only occasionally grazed | good""","79","0.5683456460607218","0.2365","0.08203739700999302","0.15446260299000697","0.6228098740992845","5.854940353061892","44.75493979863351","49.39011984830461","""wood-grass""","17.530494007584768"
"47","1","[145.7830336382688 245.7830336382688 0]","""""","9.9","97.07891107177953","32","false","0","""done""","0","172.37731551160002","19.75702076609838","41.1347683982177","39.10821083568391","""Silty clay loam""","""D""","""woods-grass combination or tree farm | lightly or only occasionally grazed | good""","79","0.5675869487605776","0.2365","0.08274551449012757","0.15375448550987242","0.6947796075108954","7.2375519172233","43.49470664368795","49.26774143908875","""wood-grass""","17.53661292804556"
"48","1","[151.45194423281242 251.45194423281242 0]","""""","9.9","99.29847829866762","64","false","0","""done""","0","152.8851049864137","19.526888662200772","44.69526456855196","35.77784676924726","""Silty clay loam""","""D""","""woods-grass combination or tree farm | lightly or only occasionally grazed | good""","79","0.5526003104616126","0.2365","0.09673304356916151","0.13976695643083847","0.7833610973781534","7.2375519172233","43.49470664368795","49.26774143908875","""wood-grass""","17.53661292804556"
"49","1","[152.6042227590299 252.6042227590299 0]","""""","9.9","99.7496337032882","2","false","0","""done""","0","153.4382166890797","26.175362164739436","37.048915613540665","36.7757222217199","""Clay loam""","""D""","""woods-grass combination or tree farm | lightly or only occasionally grazed | good""","79","0.5570907499977396","0.306","0.16204196666877643","0.14395803333122356","1","7.2375519172233","43.49470664368795","49.26774143908875","""wood-grass""","17.53661292804556"
"0","0","[58.84572891006334 158.84572891006334 0]","""""","9.9","63.04006195773001","32","false","0","""done""","0","158.55422254041568","21.266424742307375","42.051276957829955","36.68229829986266","""Clay loam""","""D""","""woods-grass combination or tree farm | lightly or only occasionally grazed | good""","79","0.556670342349382","0.306","0.16243434714057683","0.14356565285942316","1","7.2375519172233","43.49470664368795","49.26774143908875","""wood-grass""","17.53661292804556"
"1","0","[52.996510749370486 152.9965107493705 0]","""0""","9.9","60.74989831590288","8","false","0","""done""","0","169.58150698844415","24.913889551798697","39.906507748595615","35.179602699605695","""Clay loam""","""D""","""woods-grass combination or tree farm | lightly or only occasionally grazed | good""","79","0.5499082121482256","0.306","0.1687456686616561","0.1372543313383439","1","7.2375519172233","43.49470664368795","49.26774143908875","""wood-grass""","17.53661292804556"
"2","0","[50.46052255015047 150.46052255015047 0]","""""","9.9","59.75697450789973","8","false","0","""done""","0","159.92740063641455","25.162022852987835","38.75024876003712","36.08772838697505","""Clay loam""","""D""","""woods-grass combination or tree farm | lightly or only occasionally grazed | good""","79","0.5539947777413877","0.306","0.1649315407747048","0.1410684592252952","1","7.2375519172233","43.49470664368795","49.26774143908875","""wood-grass""","17.53661292804556"
"3","0","[45.33222360183521 145.3322236018352 0]","""""","9.9","57.74907473852939","8","false","0","""done""","0","166.92651361289296","18.96961292530435","42.08477084348085","38.94561623121481","""Silty clay loam""","""D""","""woods-grass combination or tree farm | lightly or only occasionally grazed | good""","79","0.5668552730404666","0.2365","0.08342841182889782","0.15307158817110217","0.7174668722349746","7.2375519172233","43.49470664368795","49.26774143908875","""wood-grass""","17.53661292804556"
"4","0","[40.40039700600124 140.40039700600124 0]","""""","9.9","55.81810043610448","8","true","4","""done""","0.004723733827578291","155.3971602051197","28.193623796626696","33.64678830263485","38.15958790073845","""Clay loam""","""D""","""woods-grass combination or tree farm | lightly or only occasionally grazed | good""","79","0.563318145553323","0.306","0.15622973081689853","0.14977026918310146","1","1.672896220173925","48.569810717776754","49.75729306204932","""wood-grass""","17.512135346897534"
"5","0","[35.96174485903879 135.9617448590388 0]","""""","9.9","54.080220349155","8","true","1","""done""","0.0011830311456955123","192.2296696466621","25.354223614750115","41.05908551148788","33.586690873761995","""Clay loam""","""D""","""woods-grass combination or tree farm | lightly or only occasionally grazed | good""","79","0.542740108931929","0.306","0.17543589833019962","0.13056410166980037","0.9138923962794486","5.854940353061892","44.75493979863351","49.39011984830461","""wood-grass""","17.530494007584768"
"6","0","[34.036984758435864 134.03698475843586 0]","""""","9.9","53.32661269073964","8","false","0","""done""","0","158.0052047587243","22.561779030467854","39.31729243903787","38.120928530494275","""Clay loam""","""D""","""woods-grass combination or tree farm | lightly or only occasionally grazed | good""","79","0.5631441783872242","0.306","0.15639210017192406","0.14960789982807593","1","7.2375519172233","43.49470664368795","49.26774143908875","""wood-grass""","17.53661292804556"
"7","0","[27.451782797879673 127.45178279787967 0]","""""","9.9","50.74828688892544","8","true","15","""done""","0.017599263791468034","167.46974182378406","17.797218465714394","47.44459581050609","34.75818572377952","""Silty clay loam""","""D""","""woods | used and managed but not planted | good""","77","0.5480118357570078","0.2365","0.10101561996012604","0.13548438003987395","0.7151395966260593","0","48.89648236433116","51.10351763566884","""woodland""","17.44482411821656"
"8","0","[25.836041685314143 125.83604168531414 0]","""""","9.9","50.11567045217339","8","false","0","""done""","0","167.45728296917378","25.824245173839707","37.45397829389329","36.72177653226699","""Clay loam""","""D""","""woods-grass combination or tree farm | lightly or only occasionally grazed | good""","79","0.5568479943952015","0.306","0.16226853856447865","0.14373146143552135","1","7.2375519172233","43.49470664368795","49.26774143908875","""wood-grass""","17.53661292804556"
"9","0","[20.01028148250748 120.01028148250748 0]","""""","9.9","47.83469138182001","8","true","9","""done""","0.010597034888850443","182.2441796710547","18.421851200557512","44.33325707198326","37.24489172745923","""Silty clay loam""","""D""","""woods | used and managed but not planted | good""","77","0.5592020127735665","0.2365","0.09057145474467124","0.14592854525532875","0.6571636132967434","0","49.63071296516659","50.36928703483341","""woodland""","17.48153564825833"
"10","0","[16.83542131449687 116.83542131449687 0]","""""","9.9","46.59162792873762","8","true","1","""done""","0.0011830311456955123","141.30573739277096","23.3118987073624","39.6487172880377","37.0393840045999","""Clay loam""","""D""","""woods-grass combination or tree farm | lightly or only occasionally grazed | good""","79","0.5582772280206996","0.306","0.16093458718068043","0.14506541281931956","1","5.854940353061892","44.75493979863351","49.39011984830461","""wood-grass""","17.530494007584768"
"11","0","[12.520994574888832 112.52099457488883 0]","""""","9.9","44.90238622447424","8","false","0","""done""","0","150.0482849284543","27.577868646903337","41.096962980585246","31.325168372511413","""Clay loam""","""D""","""woods-grass combination or tree farm | lightly or only occasionally grazed | good""","79","0.5325632576763013","0.306","0.18493429283545204","0.12106570716454794","1","7.2375519172233","43.49470664368795","49.26774143908875","""wood-grass""","17.53661292804556"
"12","0","[7.410462685270204 107.4104626852702 0]","""""","9.9","42.90144285008378","8","false","0","""done""","0","176.52919693159166","23.056625642499146","43.79717316995993","33.1462011875409","""Clay loam""","""D""","""woods-grass combination or tree farm | lightly or only occasionally grazed | good""","79","0.5407579053439341","0.306","0.17728595501232822","0.12871404498767178","0.9951738096756483","7.2375519172233","43.49470664368795","49.26774143908875","""wood-grass""","17.53661292804556"
"13","0","[3.4148922543677145 103.41489225436771 0]","""""","9.9","41.33704400602895","8","true","2021","""start""","0.9085827712520165","236.98193834432155","18.170316197063954","44.55327973365688","37.27640406927916","""Silty clay loam""","""D""","""woods | used and managed but not planted | good""","77","0.5593438183117562","0.2365","0.09043910290902754","0.14606089709097245","0.5053728754674985","0","0.005192981641627625","99.99480701835837","""woodland""","15.00025964908208"
"14","0","[4.00299444061848 104.00299444061848 0]","""""","9.9","41.56730559101845","8","false","0","""done""","0","150.0978477892249","23.40193415663238","39.96475856003266","36.633307283334965","""Clay loam""","""D""","""woods-grass combination or tree farm | lightly or only occasionally grazed | good""","79","0.5564498827750073","0.306","0.16264010940999316","0.14335989059000684","1","7.2375519172233","43.49470664368795","49.26774143908875","""wood-grass""","17.53661292804556"
"15","0","[8.249905976539807 108.24990597653981 0]","""""","9.9","43.23011284532527","8","false","0","""done""","0","150.63224181689316","26.44792698542794","34.80343432948686","38.7486386850852","""Clay loam""","""D""","""woods-grass combination or tree farm | lightly or only occasionally grazed | good""","79","0.5659688740828834","0.306","0.1537557175226422","0.1522442824773578","1","7.2375519172233","43.49470664368795","49.26774143908875","""wood-grass""","17.53661292804556"
"16","0","[13.792769587651065 113.79276958765107 0]","""""","9.9","45.40032848184891","8","false","0","""done""","0","146.67650619429892","23.926508929245948","39.36224083782214","36.7112502329319","""Clay loam""","""D""","""woods-grass combination or tree farm | lightly or only occasionally grazed | good""","79","0.5568006260481936","0.306","0.16231274902168602","0.14368725097831397","1","7.2375519172233","43.49470664368795","49.26774143908875","""wood-grass""","17.53661292804556"
"17","0","[18.40504488817848 118.40504488817848 0]","""""","9.9","47.20618781367352","8","false","0","""done""","0","170.27875065941532","20.464183306995682","39.1870647996385","40.34875189336581","""Clay""","""D""","""woods-grass combination or tree farm | lightly or only occasionally grazed | good""","79","0.5731693835201461","0.357","0.1980352420478636","0.15896475795213638","0.5567670563043909","7.2375519172233","43.49470664368795","49.26774143908875","""wood-grass""","17.53661292804556"
"18","0","[21.42880436865306 121.42880436865306 0]","""""","9.9","48.39009031714806","8","false","0","""done""","0","178.00144179128228","27.353379670462832","38.6606657510443","33.985954578492866","""Clay loam""","""D""","""woods-grass combination or tree farm | lightly or only occasionally grazed | good""","79","0.5445367956032179","0.306","0.17375899077032997","0.13224100922967003","0.9869427554153594","7.2375519172233","43.49470664368795","49.26774143908875","""wood-grass""","17.53661292804556"
"19","0","[27.152495974497185 127.15249597449719 0]","""""","9.9","50.63110613372733","8","false","0","""done""","0","162.615723004339","22.260184366933768","39.72742220877921","38.012393424287026","""Clay loam""","""D""","""woods-grass combination or tree farm | lightly or only occasionally grazed | good""","79","0.5626557704092916","0.306","0.1568479476179945","0.1491520523820055","1","7.2375519172233","43.49470664368795","49.26774143908875","""wood-grass""","17.53661292804556"
"20","0","[30.224110891188644 130.22411089118864 0]","""""","9.9","51.833745633681865","8","false","0","""done""","0","190.34632606172627","21.73841837678141","43.20346613264203","35.058115490576554","""Clay loam""","""D""","""woods-grass combination or tree farm | lightly or only occasionally grazed | good""","79","0.5493615197075945","0.306","0.16925591493957848","0.13674408506042152","0.9229347214845928","7.2375519172233","43.49470664368795","49.26774143908875","""wood-grass""","17.53661292804556"
"21","0","[34.157021021575105 134.1570210215751 0]","""""","9.9","53.37361088400068","8","false","0","""done""","0","153.36502683557003","25.911415132182636","37.562118563407196","36.52646630441017","""Clay loam""","""D""","""woods-grass combination or tree farm | lightly or only occasionally grazed | good""","79","0.5559690983698458","0.306","0.1630888415214773","0.1429111584785227","1","7.2375519172233","43.49470664368795","49.26774143908875","""wood-grass""","17.53661292804556"
"22","0","[38.58854032641608 138.58854032641608 0]","""""","9.9","55.10869822579333","8","false","0","""done""","0","167.5542377602727","23.491441244807387","38.034199383021296","38.47435937217131","""Clay loam""","""D""","""woods-grass combination or tree farm | lightly or only occasionally grazed | good""","79","0.5647346171747709","0.306","0.15490769063688054","0.15109230936311946","1","7.2375519172233","43.49470664368795","49.26774143908875","""wood-grass""","17.53661292804556"
"23","0","[42.73128662986403 142.73128662986403 0]","""""","9.9","56.73072132372245","8","false","0","""done""","0","158.38949040241232","19.051042193344127","40.013893301607084","40.935064505048786","""Silty clay""","""D""","""woods-grass combination or tree farm | lightly or only occasionally grazed | good""","79","0.5758077902727196","0.3485","0.1870727290787951","0.16142727092120487","0.8861259109380304","7.2375519172233","43.49470664368795","49.26774143908875","""wood-grass""","17.53661292804556"
"24","0","[47.42781367423808 147.42781367423808 0]","""""","9.9","58.569568018168404","8","false","0","""done""","0","138.3321076328675","25.194952109134043","37.92997196718518","36.87507592368078","""Clay loam""","""D""","""woods-grass combination or tree farm | lightly or only occasionally grazed | good""","79","0.5575378416565635","0.306","0.16162468112054074","0.14437531887945926","1","7.2375519172233","43.49470664368795","49.26774143908875","""wood-grass""","17.53661292804556"
"25","0","[50.575330315244884 150.57533031524488 0]","""""","9.9","59.80192557010929","8","false","0","""done""","0","172.50259891998328","20.791692700827934","43.471044642815244","35.737262656356826","""Clay loam""","""D""","""woods-grass combination or tree farm | lightly or only occasionally grazed | good""","79","0.5524176819536057","0.306","0.16640349684330133","0.13959650315669866","1","7.2375519172233","43.49470664368795","49.26774143908875","""wood-grass""","17.53661292804556"
"26","0","[55.2636254558181 155.2636254558181 0]","""""","9.9","61.63754920016105","8","false","0","""done""","0","126.74890585006972","23.370370201347683","40.677857971555696","35.95177182709663","""Clay loam""","""D""","""woods-grass combination or tree farm | lightly or only occasionally grazed | good""","79","0.5533829732219349","0.306","0.16550255832619418","0.14049744167380582","1","7.2375519172233","43.49470664368795","49.26774143908875","""wood-grass""","17.53661292804556"
"27","0","[58.97419483955025 158.97419483955025 0]","""""","9.9","63.09036064600625","8","false","0","""done""","0","156.51118463130484","24.217664237364048","38.909307907805626","36.873027854830326","""Clay loam""","""D""","""woods-grass combination or tree farm | lightly or only occasionally grazed | good""","79","0.5575286253467364","0.306","0.16163328300971264","0.14436671699028736","1","7.2375519172233","43.49470664368795","49.26774143908875","""wood-grass""","17.53661292804556"
"28","0","[64.28456200483325 164.28456200483325 0]","""""","9.9","65.1695461837266","8","false","0","""done""","0","172.69578753179766","28.17491393677302","32.016053155658625","39.80903290756836","""Clay loam""","""D""","""woods-grass combination or tree farm | lightly or only occasionally grazed | good""","79","0.5707406480840576","0.306","0.1493020617882129","0.1566979382117871","1","7.2375519172233","43.49470664368795","49.26774143908875","""wood-grass""","17.53661292804556"
"29","0","[70.01950072118899 170.019500721189 0]","""""","9.9","67.41496561850947","8","false","0","""done""","0","181.30754924246258","23.509432399894425","38.15514403647412","38.33542356363145","""Clay loam""","""D""","""woods-grass combination or tree farm | lightly or only occasionally grazed | good""","79","0.5641094060363415","0.306","0.15549122103274793","0.15050877896725207","0.9689460486527324","7.2375519172233","43.49470664368795","49.26774143908875","""wood-grass""","17.53661292804556"
"30","0","[74.13178481283776 174.13178481283776 0]","""""","9.9","69.02506174637259","8","false","0","""done""","0","176.693488409314","23.325855876450678","40.66041116496907","36.01373295858025","""Clay loam""","""D""","""woods-grass combination or tree farm | lightly or only occasionally grazed | good""","79","0.5536617983136112","0.306","0.16524232157396296","0.14075767842603704","0.9942484865228027","7.2375519172233","43.49470664368795","49.26774143908875","""wood-grass""","17.53661292804556"
"31","0","[78.34461243266026 178.34461243266026 0]","""""","9.9","70.67452401280646","8","false","0","""done""","0","179.92998340067172","22.628733958469127","41.20394798262733","36.16731805890355","""Clay loam""","""D""","""woods-grass combination or tree farm | lightly or only occasionally grazed | good""","79","0.5543529312650659","0.306","0.16459726415260512","0.14140273584739488","0.9763644174756201","7.2375519172233","43.49470664368795","49.26774143908875","""wood-grass""","17.53661292804556"
"32","0","[85.38377650164318 185.38377650164318 0]","""""","9.9","73.43059109335644","8","false","0","""done""","0","140.63579224384716","22.625140781275867","41.293945916136124","36.08091330258801","""Clay loam""","""D""","""woods-grass combination or tree farm | lightly or only occasionally grazed | good""","79","0.553964109861646","0.306","0.16496016412913037","0.14103983587086963","1","7.2375519172233","43.49470664368795","49.26774143908875","""wood-grass""","17.53661292804556"
"33","0","[87.69666500038494 187.69666500038494 0]","""""","9.9","74.33616394119684","8","false","0","""done""","0","174.16624147310145","25.50552005851078","40.300996587822794","34.19348335366643","""Clay loam""","""D""","""woods-grass combination or tree farm | lightly or only occasionally grazed | good""","79","0.5454706750914989","0.306","0.17288736991460102","0.13311263008539898","1","7.2375519172233","43.49470664368795","49.26774143908875","""wood-grass""","17.53661292804556"
"34","0","[92.3308825289929 192.3308825289929 0]","""""","9.9","76.15061438581469","8","false","0","""done""","0","142.16830949942394","25.402000858983634","35.54900284986129","39.04899629115508","""Clay loam""","""D""","""woods-grass combination or tree farm | lightly or only occasionally grazed | good""","79","0.5673204833101978","0.306","0.15249421557714868","0.15350578442285132","1","7.2375519172233","43.49470664368795","49.26774143908875","""wood-grass""","17.53661292804556"
"35","0","[96.0916776657977 196.0916776657977 0]","""""","9.9","77.62309088610144","8","false","0","""done""","0","159.2004442507162","27.86118181381999","39.47609153640104","32.66272664977896","""Clay loam""","""D""","""woods-grass combination or tree farm | lightly or only occasionally grazed | good""","79","0.5385822699240053","0.306","0.17931654807092837","0.12668345192907163","1","7.2375519172233","43.49470664368795","49.26774143908875","""wood-grass""","17.53661292804556"
"36","0","[100.18705742144863 200.18705742144863 0]","""""","9.9","79.22656840364297","8","false","0","""done""","0","140.62809260287625","25.316271596202228","39.91371418397609","34.77001421982168","""Clay loam""","""D""","""woods-grass combination or tree farm | lightly or only occasionally grazed | good""","79","0.5480650639891975","0.306","0.17046594027674894","0.13553405972325105","1","7.2375519172233","43.49470664368795","49.26774143908875","""wood-grass""","17.53661292804556"
"37","0","[104.0921339537669 204.0921339537669 0]","""""","9.9","80.75553587368317","8","false","0","""done""","0","183.5615834020697","23.317049455857013","42.93509041642235","33.74786012772063","""Clay loam""","""D""","""woods-grass combination or tree farm | lightly or only occasionally grazed | good""","79","0.5434653705747428","0.306","0.17475898746357338","0.13124101253642662","0.9570479300377076","7.2375519172233","43.49470664368795","49.26774143908875","""wood-grass""","17.53661292804556"
"38","0","[107.55785747791396 207.55785747791396 0]","""""","9.9","82.11248201410314","8","false","0","""done""","0","137.59745569186975","24.559276706911675","40.18923477800917","35.25148851507915","""Clay loam""","""D""","""woods-grass combination or tree farm | lightly or only occasionally grazed | good""","79","0.5502316983178561","0.306","0.16844374823666758","0.13755625176333242","1","7.2375519172233","43.49470664368795","49.26774143908875","""wood-grass""","17.53661292804556"
"39","0","[111.62599762178849 211.62599762178849 0]","""""","9.9","83.70529431677426","8","false","0","""done""","0","163.84025935305866","25.096666409384838","41.24589765581128","33.65743593480389","""Clay loam""","""D""","""woods-grass combination or tree farm | lightly or only occasionally grazed | good""","79","0.5430584617066175","0.306","0.17513876907382367","0.13086123092617633","1","7.2375519172233","43.49470664368795","49.26774143908875","""wood-grass""","17.53661292804556"
"40","0","[115.61659996913579 215.6165999691358 0]","""""","9.9","85.26774799072001","8","false","0","""done""","0","179.40635666861138","24.259087707423436","43.155155224682105","32.58575706789446","""Clay loam""","""D""","""woods-grass combination or tree farm | lightly or only occasionally grazed | good""","79","0.5382359068055251","0.306","0.17963982031484327","0.12636017968515673","0.9792140963761682","7.2375519172233","43.49470664368795","49.26774143908875","""wood-grass""","17.53661292804556"
"41","0","[121.05186358597342 221.05186358597342 0]","""""","9.9","87.3958346472712","8","false","0","""done""","0","153.93179609858322","23.094222728339165","43.559582018192295","33.346195253468544","""Clay loam""","""D""","""woods-grass combination or tree farm | lightly or only occasionally grazed | good""","79","0.5416578786406084","0.306","0.17644597993543212","0.12955402006456787","1","7.2375519172233","43.49470664368795","49.26774143908875","""wood-grass""","17.53661292804556"
"42","0","[124.51061360619016 224.51061360619016 0]","""""","9.9","88.75005042874088","8","false","0","""done""","0","155.65208673636144","25.403591059086203","38.281828308932916","36.314580631980874","""Clay loam""","""D""","""woods-grass combination or tree farm | lightly or only occasionally grazed | good""","79","0.5550156128439139","0.306","0.16397876134568035","0.14202123865431965","1","7.2375519172233","43.49470664368795","49.26774143908875","""wood-grass""","17.53661292804556"
"43","0","[127.33087116138489 227.3308711613849 0]","""""","9.9","89.85427515349113","8","false","0","""done""","0","170.1980573636583","27.827142355230993","35.25673242688949","36.91612521787951","""Clay loam""","""D""","""woods-grass combination or tree farm | lightly or only occasionally grazed | good""","79","0.5577225634804578","0.306","0.16145227408490606","0.14454772591509393","1","7.2375519172233","43.49470664368795","49.26774143908875","""wood-grass""","17.53661292804556"
"44","0","[133.58146070231786 233.58146070231786 0]","""""","9.9","92.30158905312075","8","false","0","""done""","0","164.02246698190132","26.626641152472537","39.861672508804666","33.511686338722804","""Clay loam""","""D""","""woods-grass combination or tree farm | lightly or only occasionally grazed | good""","79","0.5424025885242526","0.306","0.17575091737736423","0.13024908262263576","1","7.2375519172233","43.49470664368795","49.26774143908875","""wood-grass""","17.53661292804556"
"45","0","[138.43008917441034 238.43008917441034 0]","""""","9.9","94.19998852027257","8","false","0","""done""","0","164.09918758334024","26.672084162664984","34.780510568171174","38.54740526916384","""Clay loam""","""D""","""woods-grass combination or tree farm | lightly or only occasionally grazed | good""","79","0.5650633237112372","0.306","0.1546008978695119","0.1513991021304881","1","7.2375519172233","43.49470664368795","49.26774143908875","""wood-grass""","17.53661292804556"
"46","0","[142.7223691365961 242.7223691365961 0]","""""","9.9","95.88055902386557","8","false","0","""done""","0","125.20989280235241","27.52427856516875","35.67716221877686","36.7985592160544","""Clay loam""","""D""","""woods-grass combination or tree farm | lightly or only occasionally grazed | good""","79","0.5571935164722448","0.306","0.16194605129257153","0.14405394870742846","1","7.2375519172233","43.49470664368795","49.26774143908875","""wood-grass""","17.53661292804556"
"47","0","[149.15532331235624 249.15532331235624 0]","""""","9.9","98.3992747493055","8","false","0","""done""","0","159.8388854260273","22.64862130483062","38.93106948039067","38.42030921477872","""Clay loam""","""D""","""woods-grass combination or tree farm | lightly or only occasionally grazed | good""","79","0.5644913914665042","0.306","0.1551347012979294","0.1508652987020706","1","7.2375519172233","43.49470664368795","49.26774143908875","""wood-grass""","17.53661292804556"
"48","0","[154.41295248826904 254.41295248826904 0]","""""","9.9","100.45781160843657","8","false","0","""done""","0","159.0301294154927","24.093532820111307","43.41282512875015","32.49364205113854","""Clay loam""","""D""","""woods-grass combination or tree farm | lightly or only occasionally grazed | good""","79","0.5378213892301235","0.306","0.18002670338521812","0.12597329661478188","1","7.2375519172233","43.49470664368795","49.26774143908875","""wood-grass""","17.53661292804556"
"49","0","[154.9999974459388 254.9999974459388 0]","""""","9.9","100.6876592532394","2","false","0","""done""","0","156.11674189246543","20.4001297994979","41.213776256077","38.386093944425106","""Clay loam""","""D""","""woods-grass combination or tree farm | lightly or only occasionally grazed | good""","79","0.5643374227499129","0.306","0.15527840543341456","0.15072159456658543","1","7.2375519172233","43.49470664368795","49.26774143908875","""wood-grass""","17.53661292804556"

"LINKS"
"end1","end2","color","label","label-color","hidden?","breed","thickness","shape","tie-mode"
"{flowholder 0}","{flowholder 981}","97","""""","9.9","false","{all-links}","0","""default""","""none"""
"{flowholder 1}","{flowholder 651}","97","""""","9.9","false","{all-links}","0","""default""","""none"""
"{flowholder 1}","{flowholder 2002}","96.99459834877914","""""","9.9","false","{all-links}","4.3213209766919115E-4","""default""","""none"""
"{flowholder 2}","{flowholder 947}","97","""""","9.9","false","{all-links}","0","""default""","""none"""
"{flowholder 3}","{flowholder 531}","96.87722731549293","""""","9.9","false","{all-links}","0.00982181476056554","""default""","""none"""
"{flowholder 3}","{flowholder 2281}","96.99459834877914","""""","9.9","false","{all-links}","4.3213209766919115E-4","""default""","""none"""
"{flowholder 3}","{flowholder 2353}","96.89306857928337","""""","9.9","false","{all-links}","0.008554513657330754","""default""","""none"""
"{flowholder 4}","{flowholder 848}","96.99459834877914","""""","9.9","false","{all-links}","4.3213209766919115E-4","""default""","""none"""
"{flowholder 4}","{flowholder 1335}","97","""""","9.9","false","{all-links}","0","""default""","""none"""
"{flowholder 5}","{flowholder 552}","96.94624533322164","""""","9.9","false","{all-links}","0.004300373342268804","""default""","""none"""
"{flowholder 5}","{flowholder 1133}","96.94090175479293","""""","9.9","false","{all-links}","0.004727859616565411","""default""","""none"""
"{flowholder 6}","{flowholder 1902}","97","""""","9.9","false","{all-links}","0","""default""","""none"""
"{flowholder 7}","{flowholder 1836}","97","""""","9.9","false","{all-links}","0","""default""","""none"""
"{flowholder 8}","{flowholder 612}","96.9195851070404","""""","9.9","false","{all-links}","0.006433191436767638","""default""","""none"""
"{flowholder 8}","{flowholder 1350}","96.92490563154387","""""","9.9","false","{all-links}","0.0060075494764908035","""default""","""none"""
"{flowholder 9}","{flowholder 611}","96.98920253312531","""""","9.9","false","{all-links}","8.637973499753482E-4","""default""","""none"""
"{flowholder 9}","{flowholder 1159}","96.92490563154387","""""","9.9","false","{all-links}","0.0060075494764908035","""default""","""none"""
"{flowholder 9}","{flowholder 1657}","96.94624533322164","""""","9.9","false","{all-links}","0.004300373342268804","""default""","""none"""
"{flowholder 10}","{flowholder 1182}","96.98920253312531","""""","9.9","false","{all-links}","8.637973499753482E-4","""default""","""none"""
"{flowholder 10}","{flowholder 2090}","96.98381254673447","""""","9.9","false","{all-links}","0.0012949962612424316","""default""","""none"""
"{flowholder 12}","{flowholder 1176}","96.98920253312531","""""","9.9","false","{all-links}","8.637973499753482E-4","""default""","""none"""
"{flowholder 12}","{flowholder 1733}","96.98381254673447","""""","9.9","false","{all-links}","0.0012949962612424316","""default""","""none"""
"{flowholder 13}","{flowholder 717}","96.94624533322164","""""","9.9","false","{all-links}","0.004300373342268804","""default""","""none"""
"{flowholder 13}","{flowholder 777}","96.96767750019758","""""","9.9","false","{all-links}","0.002585799984193482","""default""","""none"""
"{flowholder 13}","{flowholder 2140}","96.98920253312531","""""","9.9","false","{all-links}","8.637973499753482E-4","""default""","""none"""
"{flowholder 14}","{flowholder 71}","96.98381254673447","""""","9.9","false","{all-links}","0.0012949962612424316","""default""","""none"""
"{flowholder 14}","{flowholder 242}","96.97842838330881","""""","9.9","false","{all-links}","0.0017257293352952452","""default""","""none"""
"{flowholder 15}","{flowholder 1164}","96.97305003655786","""""","9.9","false","{all-links}","0.002155997075370797","""default""","""none"""
"{flowholder 15}","{flowholder 1974}","96.96767750019758","""""","9.9","false","{all-links}","0.002585799984193482","""default""","""none"""
"{flowholder 16}","{flowholder 507}","96.99459834877914","""""","9.9","false","{all-links}","4.3213209766919115E-4","""default""","""none"""
"{flowholder 16}","{flowholder 633}","97","""""","9.9","false","{all-links}","0","""default""","""none"""
"{flowholder 16}","{flowholder 992}","96.98381254673447","""""","9.9","false","{all-links}","0.0012949962612424316","""default""","""none"""
"{flowholder 17}","{flowholder 786}","96.98920253312531","""""","9.9","false","{all-links}","8.637973499753482E-4","""default""","""none"""
"{flowholder 17}","{flowholder 1338}","96.99459834877914","""""","9.9","false","{all-links}","4.3213209766919115E-4","""default""","""none"""
"{flowholder 18}","{flowholder 400}","96.79878697298982","""""","9.9","false","{all-links}","0.01609704216081469","""default""","""none"""
"{flowholder 18}","{flowholder 1961}","96.79360269828754","""""","9.9","false","{all-links}","0.016511784136996523","""default""","""none"""
"{flowholder 19}","{flowholder 807}","97","""""","9.9","false","{all-links}","0","""default""","""none"""
"{flowholder 20}","{flowholder 1044}","97","""""","9.9","false","{all-links}","0","""default""","""none"""
"{flowholder 20}","{flowholder 2476}","96.99459834877914","""""","9.9","false","{all-links}","4.3213209766919115E-4","""default""","""none"""
"{flowholder 21}","{flowholder 1076}","97","""""","9.9","false","{all-links}","0","""default""","""none"""
"{flowholder 22}","{flowholder 219}","96.99459834877914","""""","9.9","false","{all-links}","4.3213209766919115E-4","""default""","""none"""
"{flowholder 22}","{flowholder 878}","96.9195851070404","""""","9.9","false","{all-links}","0.006433191436767638","""default""","""none"""
"{flowholder 22}","{flowholder 1144}","96.9036579962392","""""","9.9","false","{all-links}","0.007707360300863675","""default""","""none"""
"{flowholder 23}","{flowholder 1729}","96.99459834877914","""""","9.9","false","{all-links}","4.3213209766919115E-4","""default""","""none"""
"{flowholder 23}","{flowholder 2120}","97","""""","9.9","false","{all-links}","0","""default""","""none"""
"{flowholder 24}","{flowholder 381}","97","""""","9.9","false","{all-links}","0","""default""","""none"""
"{flowholder 24}","{flowholder 1003}","96.99459834877914","""""","9.9","false","{all-links}","4.3213209766919115E-4","""default""","""none"""
"{flowholder 25}","{flowholder 636}","96.98920253312531","""""","9.9","false","{all-links}","8.637973499753482E-4","""default""","""none"""
"{flowholder 25}","{flowholder 1685}","97","""""","9.9","false","{all-links}","0","""default""","""none"""
"{flowholder 25}","{flowholder 2490}","96.97842838330881","""""","9.9","false","{all-links}","0.0017257293352952452","""default""","""none"""
"{flowholder 27}","{flowholder 946}","96.94624533322164","""""","9.9","false","{all-links}","0.004300373342268804","""default""","""none"""
"{flowholder 27}","{flowholder 1694}","96.95694983354709","""""","9.9","false","{all-links}","0.0034440133162331856","""default""","""none"""
"{flowholder 27}","{flowholder 2056}","97","""""","9.9","false","{all-links}","0","""default""","""none"""
"{flowholder 28}","{flowholder 1410}","97","""""","9.9","false","{all-links}","0","""default""","""none"""
"{flowholder 29}","{flowholder 802}","97","""""","9.9","false","{all-links}","0","""default""","""none"""
"{flowholder 29}","{flowholder 937}","96.99459834877914","""""","9.9","false","{all-links}","4.3213209766919115E-4","""default""","""none"""
"{flowholder 30}","{flowholder 232}","96.98920253312531","""""","9.9","false","{all-links}","8.637973499753482E-4","""default""","""none"""
"{flowholder 30}","{flowholder 605}","96.99459834877914","""""","9.9","false","{all-links}","4.3213209766919115E-4","""default""","""none"""
"{flowholder 32}","{flowholder 1451}","96.98381254673447","""""","9.9","false","{all-links}","0.0012949962612424316","""default""","""none"""
"{flowholder 32}","{flowholder 2302}","96.98920253312531","""""","9.9","false","{all-links}","8.637973499753482E-4","""default""","""none"""
"{flowholder 33}","{flowholder 56}","96.98381254673447","""""","9.9","false","{all-links}","0.0012949962612424316","""default""","""none"""
"{flowholder 33}","{flowholder 1149}","96.96231076795068","""""","9.9","false","{all-links}","0.0030151385639453744","""default""","""none"""
"{flowholder 33}","{flowholder 1807}","96.98920253312531","""""","9.9","false","{all-links}","8.637973499753482E-4","""default""","""none"""
"{flowholder 34}","{flowholder 607}","97","""""","9.9","false","{all-links}","0","""default""","""none"""
"{flowholder 35}","{flowholder 532}","96.98381254673447","""""","9.9","false","{all-links}","0.0012949962612424316","""default""","""none"""
"{flowholder 35}","{flowholder 593}","96.54140550489139","""""","9.9","false","{all-links}","0.03668755960868908","""default""","""none"""
"{flowholder 35}","{flowholder 1129}","96.95159469072291","""""","9.9","false","{all-links}","0.0038724247421669136","""default""","""none"""
"{flowholder 35}","{flowholder 1584}","93.2602023206021","""""","9.9","false","{all-links}","0.29918381435183167","""default""","""none"""
"{flowholder 35}","{flowholder 2245}","93.12499240747054","""""","9.9","false","{all-links}","0.3100006074023566","""default""","""none"""
"{flowholder 36}","{flowholder 458}","96.95694983354709","""""","9.9","false","{all-links}","0.0034440133162331856","""default""","""none"""
"{flowholder 36}","{flowholder 2228}","96.96231076795068","""""","9.9","false","{all-links}","0.0030151385639453744","""default""","""none"""
"{flowholder 37}","{flowholder 1754}","96.93556394919374","""""","9.9","false","{all-links}","0.0051548840645011754","""default""","""none"""
"{flowholder 37}","{flowholder 1859}","96.94090175479293","""""","9.9","false","{all-links}","0.004727859616565411","""default""","""none"""
"{flowholder 38}","{flowholder 2138}","97","""""","9.9","false","{all-links}","0","""default""","""none"""
"{flowholder 39}","{flowholder 524}","97","""""","9.9","false","{all-links}","0","""default""","""none"""
"{flowholder 40}","{flowholder 332}","96.94090175479293","""""","9.9","false","{all-links}","0.004727859616565411","""default""","""none"""
"{flowholder 40}","{flowholder 750}","96.97305003655786","""""","9.9","false","{all-links}","0.002155997075370797","""default""","""none"""
"{flowholder 40}","{flowholder 1896}","96.97842838330881","""""","9.9","false","{all-links}","0.0017257293352952452","""default""","""none"""
"{flowholder 41}","{flowholder 209}","96.99459834877914","""""","9.9","false","{all-links}","4.3213209766919115E-4","""default""","""none"""
"{flowholder 41}","{flowholder 221}","97","""""","9.9","false","{all-links}","0","""default""","""none"""
"{flowholder 42}","{flowholder 648}","97","""""","9.9","false","{all-links}","0","""default""","""none"""
"{flowholder 42}","{flowholder 1750}","96.99459834877914","""""","9.9","false","{all-links}","4.3213209766919115E-4","""default""","""none"""
"{flowholder 43}","{flowholder 698}","96.98381254673447","""""","9.9","false","{all-links}","0.0012949962612424316","""default""","""none"""
"{flowholder 43}","{flowholder 900}","96.71650728871283","""""","9.9","false","{all-links}","0.02267941690297333","""default""","""none"""
"{flowholder 43}","{flowholder 2443}","96.7420669951447","""""","9.9","false","{all-links}","0.020634640388424243","""default""","""none"""
"{flowholder 44}","{flowholder 1757}","97","""""","9.9","false","{all-links}","0","""default""","""none"""
"{flowholder 45}","{flowholder 1640}","96.99459834877914","""""","9.9","false","{all-links}","4.3213209766919115E-4","""default""","""none"""
"{flowholder 45}","{flowholder 1819}","97","""""","9.9","false","{all-links}","0","""default""","""none"""
"{flowholder 46}","{flowholder 568}","96.98920253312531","""""","9.9","false","{all-links}","8.637973499753482E-4","""default""","""none"""
"{flowholder 46}","{flowholder 728}","96.98381254673447","""""","9.9","false","{all-links}","0.0012949962612424316","""default""","""none"""
"{flowholder 47}","{flowholder 751}","97","""""","9.9","false","{all-links}","0","""default""","""none"""
"{flowholder 49}","{flowholder 1013}","96.91427033046035","""""","9.9","false","{all-links}","0.006858373563171672","""default""","""none"""
"{flowholder 49}","{flowholder 2020}","96.78842402431404","""""","9.9","false","{all-links}","0.016926078054876826","""default""","""none"""
"{flowholder 49}","{flowholder 2414}","96.8825020301033","""""","9.9","false","{all-links}","0.009399837591736305","""default""","""none"""
"{flowholder 50}","{flowholder 1713}","96.98381254673447","""""","9.9","false","{all-links}","0.0012949962612424316","""default""","""none"""
"{flowholder 50}","{flowholder 1748}","96.97842838330881","""""","9.9","false","{all-links}","0.0017257293352952452","""default""","""none"""
"{flowholder 51}","{flowholder 479}","97","""""","9.9","false","{all-links}","0","""default""","""none"""
"{flowholder 52}","{flowholder 673}","97","""""","9.9","false","{all-links}","0","""default""","""none"""
"{flowholder 52}","{flowholder 1144}","96.99459834877914","""""","9.9","false","{all-links}","4.3213209766919115E-4","""default""","""none"""
"{flowholder 53}","{flowholder 162}","96.89306857928337","""""","9.9","false","{all-links}","0.008554513657330754","""default""","""none"""
"{flowholder 53}","{flowholder 2397}","96.88778244931022","""""","9.9","false","{all-links}","0.008977404055182214","""default""","""none"""
"{flowholder 55}","{flowholder 562}","97","""""","9.9","false","{all-links}","0","""default""","""none"""
"{flowholder 55}","{flowholder 792}","96.96767750019758","""""","9.9","false","{all-links}","0.002585799984193482","""default""","""none"""
"{flowholder 55}","{flowholder 2397}","96.95694983354709","""""","9.9","false","{all-links}","0.0034440133162331856","""default""","""none"""
"{flowholder 56}","{flowholder 1366}","96.98920253312531","""""","9.9","false","{all-links}","8.637973499753482E-4","""default""","""none"""
"{flowholder 57}","{flowholder 1034}","97","""""","9.9","false","{all-links}","0","""default""","""none"""
"{flowholder 58}","{flowholder 369}","96.97842838330881","""""","9.9","false","{all-links}","0.0017257293352952452","""default""","""none"""
"{flowholder 58}","{flowholder 1635}","96.98381254673447","""""","9.9","false","{all-links}","0.0012949962612424316","""default""","""none"""
"{flowholder 59}","{flowholder 690}","96.98920253312531","""""","9.9","false","{all-links}","8.637973499753482E-4","""default""","""none"""
"{flowholder 59}","{flowholder 1833}","96.98381254673447","""""","9.9","false","{all-links}","0.0012949962612424316","""default""","""none"""
"{flowholder 60}","{flowholder 943}","96.89306857928337","""""","9.9","false","{all-links}","0.008554513657330754","""default""","""none"""
"{flowholder 60}","{flowholder 2439}","96.88778244931022","""""","9.9","false","{all-links}","0.008977404055182214","""default""","""none"""
"{flowholder 61}","{flowholder 776}","96.80917234881602","""""","9.9","false","{all-links}","0.015266212094718413","""default""","""none"""
"{flowholder 61}","{flowholder 918}","96.81437346207397","""""","9.9","false","{all-links}","0.014850123034082108","""default""","""none"""
"{flowholder 62}","{flowholder 196}","96.96231076795068","""""","9.9","false","{all-links}","0.0030151385639453744","""default""","""none"""
"{flowholder 62}","{flowholder 379}","96.98920253312531","""""","9.9","false","{all-links}","8.637973499753482E-4","""default""","""none"""
"{flowholder 62}","{flowholder 519}","96.98381254673447","""""","9.9","false","{all-links}","0.0012949962612424316","""default""","""none"""
"{flowholder 63}","{flowholder 129}","97","""""","9.9","false","{all-links}","0","""default""","""none"""
"{flowholder 63}","{flowholder 1565}","96.99459834877914","""""","9.9","false","{all-links}","4.3213209766919115E-4","""default""","""none"""
"{flowholder 64}","{flowholder 154}","97","""""","9.9","false","{all-links}","0","""default""","""none"""
"{flowholder 64}","{flowholder 942}","96.99459834877914","""""","9.9","false","{all-links}","4.3213209766919115E-4","""default""","""none"""
"{flowholder 65}","{flowholder 2078}","97","""""","9.9","false","{all-links}","0","""default""","""none"""
"{flowholder 66}","{flowholder 77}","97","""""","9.9","false","{all-links}","0","""default""","""none"""
"{flowholder 67}","{flowholder 471}","96.86143733764582","""""","9.9","false","{all-links}","0.01108501298833402","""default""","""none"""
"{flowholder 67}","{flowholder 1866}","96.85093909592251","""""","9.9","false","{all-links}","0.011924872326198967","""default""","""none"""
"{flowholder 67}","{flowholder 2031}","97","""""","9.9","false","{all-links}","0","""default""","""none"""
"{flowholder 68}","{flowholder 218}","96.81437346207397","""""","9.9","false","{all-links}","0.014850123034082108","""default""","""none"""
"{flowholder 68}","{flowholder 1472}","96.80917234881602","""""","9.9","false","{all-links}","0.015266212094718413","""default""","""none"""
"{flowholder 69}","{flowholder 1326}","97","""""","9.9","false","{all-links}","0","""default""","""none"""
"{flowholder 69}","{flowholder 1474}","96.99459834877914","""""","9.9","false","{all-links}","4.3213209766919115E-4","""default""","""none"""
"{flowholder 70}","{flowholder 807}","96.98381254673447","""""","9.9","false","{all-links}","0.0012949962612424316","""default""","""none"""
"{flowholder 70}","{flowholder 1909}","97","""""","9.9","false","{all-links}","0","""default""","""none"""
"{flowholder 70}","{flowholder 2195}","96.97305003655786","""""","9.9","false","{all-links}","0.002155997075370797","""default""","""none"""
"{flowholder 71}","{flowholder 640}","96.99459834877914","""""","9.9","false","{all-links}","4.3213209766919115E-4","""default""","""none"""
"{flowholder 71}","{flowholder 2187}","97","""""","9.9","false","{all-links}","0","""default""","""none"""
"{flowholder 72}","{flowholder 834}","97","""""","9.9","false","{all-links}","0","""default""","""none"""
"{flowholder 72}","{flowholder 1210}","96.97305003655786","""""","9.9","false","{all-links}","0.002155997075370797","""default""","""none"""
"{flowholder 72}","{flowholder 1452}","96.98381254673447","""""","9.9","false","{all-links}","0.0012949962612424316","""default""","""none"""
"{flowholder 73}","{flowholder 1742}","97","""""","9.9","false","{all-links}","0","""default""","""none"""
"{flowholder 73}","{flowholder 1753}","96.99459834877914","""""","9.9","false","{all-links}","4.3213209766919115E-4","""default""","""none"""
"{flowholder 74}","{flowholder 142}","97","""""","9.9","false","{all-links}","0","""default""","""none"""
"{flowholder 75}","{flowholder 801}","97","""""","9.9","false","{all-links}","0","""default""","""none"""
"{flowholder 76}","{flowholder 973}","97","""""","9.9","false","{all-links}","0","""default""","""none"""
"{flowholder 76}","{flowholder 1256}","96.95159469072291","""""","9.9","false","{all-links}","0.0038724247421669136","""default""","""none"""
"{flowholder 76}","{flowholder 1947}","96.96231076795068","""""","9.9","false","{all-links}","0.0030151385639453744","""default""","""none"""
"{flowholder 77}","{flowholder 1171}","96.98920253312531","""""","9.9","false","{all-links}","8.637973499753482E-4","""default""","""none"""
"{flowholder 77}","{flowholder 2462}","97","""""","9.9","false","{all-links}","0","""default""","""none"""
"{flowholder 78}","{flowholder 1377}","96.96767750019758","""""","9.9","false","{all-links}","0.002585799984193482","""default""","""none"""
"{flowholder 78}","{flowholder 2186}","96.97305003655786","""""","9.9","false","{all-links}","0.002155997075370797","""default""","""none"""
"{flowholder 80}","{flowholder 1221}","96.99459834877914","""""","9.9","false","{all-links}","4.3213209766919115E-4","""default""","""none"""
"{flowholder 80}","{flowholder 1708}","96.98920253312531","""""","9.9","false","{all-links}","8.637973499753482E-4","""default""","""none"""
"{flowholder 81}","{flowholder 932}","96.99459834877914","""""","9.9","false","{all-links}","4.3213209766919115E-4","""default""","""none"""
"{flowholder 81}","{flowholder 1280}","96.98920253312531","""""","9.9","false","{all-links}","8.637973499753482E-4","""default""","""none"""
"{flowholder 82}","{flowholder 1789}","97","""""","9.9","false","{all-links}","0","""default""","""none"""
"{flowholder 83}","{flowholder 862}","97","""""","9.9","false","{all-links}","0","""default""","""none"""
"{flowholder 84}","{flowholder 407}","97","""""","9.9","false","{all-links}","0","""default""","""none"""
"{flowholder 84}","{flowholder 1294}","96.99459834877914","""""","9.9","false","{all-links}","4.3213209766919115E-4","""default""","""none"""
"{flowholder 84}","{flowholder 2185}","96.98381254673447","""""","9.9","false","{all-links}","0.0012949962612424316","""default""","""none"""
"{flowholder 85}","{flowholder 761}","96.99459834877914","""""","9.9","false","{all-links}","4.3213209766919115E-4","""default""","""none"""
"{flowholder 85}","{flowholder 784}","97","""""","9.9","false","{all-links}","0","""default""","""none"""
"{flowholder 86}","{flowholder 917}","97","""""","9.9","false","{all-links}","0","""default""","""none"""
"{flowholder 86}","{flowholder 1777}","96.97842838330881","""""","9.9","false","{all-links}","0.0017257293352952452","""default""","""none"""
"{flowholder 86}","{flowholder 2158}","96.96767750019758","""""","9.9","false","{all-links}","0.002585799984193482","""default""","""none"""
"{flowholder 87}","{flowholder 1828}","97","""""","9.9","false","{all-links}","0","""default""","""none"""
"{flowholder 88}","{flowholder 1120}","96.99459834877914","""""","9.9","false","{all-links}","4.3213209766919115E-4","""default""","""none"""
"{flowholder 88}","{flowholder 1697}","97","""""","9.9","false","{all-links}","0","""default""","""none"""
"{flowholder 89}","{flowholder 1384}","96.98381254673447","""""","9.9","false","{all-links}","0.0012949962612424316","""default""","""none"""
"{flowholder 89}","{flowholder 1958}","96.98920253312531","""""","9.9","false","{all-links}","8.637973499753482E-4","""default""","""none"""
"{flowholder 90}","{flowholder 1252}","96.9195851070404","""""","9.9","false","{all-links}","0.006433191436767638","""default""","""none"""
"{flowholder 90}","{flowholder 1566}","96.91427033046035","""""","9.9","false","{all-links}","0.006858373563171672","""default""","""none"""
"{flowholder 91}","{flowholder 1282}","96.86143733764582","""""","9.9","false","{all-links}","0.01108501298833402","""default""","""none"""
"{flowholder 91}","{flowholder 1490}","96.86669497541706","""""","9.9","false","{all-links}","0.010664401966635052","""default""","""none"""
"{flowholder 92}","{flowholder 1833}","96.97842838330881","""""","9.9","false","{all-links}","0.0017257293352952452","""default""","""none"""
"{flowholder 92}","{flowholder 1838}","96.96767750019758","""""","9.9","false","{all-links}","0.002585799984193482","""default""","""none"""
"{flowholder 92}","{flowholder 2455}","97","""""","9.9","false","{all-links}","0","""default""","""none"""
"{flowholder 93}","{flowholder 622}","96.8825020301033","""""","9.9","false","{all-links}","0.009399837591736305","""default""","""none"""
"{flowholder 93}","{flowholder 2111}","96.87722731549293","""""","9.9","false","{all-links}","0.00982181476056554","""default""","""none"""
"{flowholder 94}","{flowholder 198}","97","""""","9.9","false","{all-links}","0","""default""","""none"""
"{flowholder 94}","{flowholder 486}","96.7420669951447","""""","9.9","false","{all-links}","0.020634640388424243","""default""","""none"""
"{flowholder 94}","{flowholder 1378}","96.75232961947346","""""","9.9","false","{all-links}","0.019813630442123434","""default""","""none"""
"{flowholder 95}","{flowholder 480}","96.87195829931616","""""","9.9","false","{all-links}","0.010243336054706998","""default""","""none"""
"{flowholder 95}","{flowholder 1789}","96.87722731549293","""""","9.9","false","{all-links}","0.00982181476056554","""default""","""none"""
"{flowholder 96}","{flowholder 1093}","97","""""","9.9","false","{all-links}","0","""default""","""none"""
"{flowholder 96}","{flowholder 1925}","96.95159469072291","""""","9.9","false","{all-links}","0.0038724247421669136","""default""","""none"""
"{flowholder 96}","{flowholder 2119}","96.94090175479293","""""","9.9","false","{all-links}","0.004727859616565411","""default""","""none"""
"{flowholder 97}","{flowholder 892}","96.9195851070404","""""","9.9","false","{all-links}","0.006433191436767638","""default""","""none"""
"{flowholder 97}","{flowholder 2239}","96.92490563154387","""""","9.9","false","{all-links}","0.0060075494764908035","""default""","""none"""
"{flowholder 98}","{flowholder 336}","96.98920253312531","""""","9.9","false","{all-links}","8.637973499753482E-4","""default""","""none"""
"{flowholder 98}","{flowholder 1787}","96.98381254673447","""""","9.9","false","{all-links}","0.0012949962612424316","""default""","""none"""
"{flowholder 99}","{flowholder 375}","97","""""","9.9","false","{all-links}","0","""default""","""none"""
"{flowholder 100}","{flowholder 1584}","96.98920253312531","""""","9.9","false","{all-links}","8.637973499753482E-4","""default""","""none"""
"{flowholder 100}","{flowholder 2464}","96.99459834877914","""""","9.9","false","{all-links}","4.3213209766919115E-4","""default""","""none"""
"{flowholder 101}","{flowholder 1596}","97","""""","9.9","false","{all-links}","0","""default""","""none"""
"{flowholder 102}","{flowholder 1285}","96.98920253312531","""""","9.9","false","{all-links}","8.637973499753482E-4","""default""","""none"""
"{flowholder 102}","{flowholder 1903}","96.98381254673447","""""","9.9","false","{all-links}","0.0012949962612424316","""default""","""none"""
"{flowholder 103}","{flowholder 1899}","97","""""","9.9","false","{all-links}","0","""default""","""none"""
"{flowholder 104}","{flowholder 252}","97","""""","9.9","false","{all-links}","0","""default""","""none"""
"{flowholder 104}","{flowholder 1480}","96.99459834877914","""""","9.9","false","{all-links}","4.3213209766919115E-4","""default""","""none"""
"{flowholder 105}","{flowholder 537}","96.98381254673447","""""","9.9","false","{all-links}","0.0012949962612424316","""default""","""none"""
"{flowholder 105}","{flowholder 1415}","96.99459834877914","""""","9.9","false","{all-links}","4.3213209766919115E-4","""default""","""none"""
"{flowholder 105}","{flowholder 1945}","97","""""","9.9","false","{all-links}","0","""default""","""none"""
"{flowholder 107}","{flowholder 705}","97","""""","9.9","false","{all-links}","0","""default""","""none"""
"{flowholder 108}","{flowholder 419}","96.93556394919374","""""","9.9","false","{all-links}","0.0051548840645011754","""default""","""none"""
"{flowholder 108}","{flowholder 1745}","96.93023191018736","""""","9.9","false","{all-links}","0.005581447185011257","""default""","""none"""
"{flowholder 109}","{flowholder 205}","97","""""","9.9","false","{all-links}","0","""default""","""none"""
"{flowholder 111}","{flowholder 929}","96.97305003655786","""""","9.9","false","{all-links}","0.002155997075370797","""default""","""none"""
"{flowholder 111}","{flowholder 1740}","96.96231076795068","""""","9.9","false","{all-links}","0.0030151385639453744","""default""","""none"""
"{flowholder 111}","{flowholder 2340}","97","""""","9.9","false","{all-links}","0","""default""","""none"""
"{flowholder 112}","{flowholder 228}","96.99459834877914","""""","9.9","false","{all-links}","4.3213209766919115E-4","""default""","""none"""
"{flowholder 112}","{flowholder 1563}","96.98920253312531","""""","9.9","false","{all-links}","8.637973499753482E-4","""default""","""none"""
"{flowholder 113}","{flowholder 157}","96.94090175479293","""""","9.9","false","{all-links}","0.004727859616565411","""default""","""none"""
"{flowholder 113}","{flowholder 2042}","96.95159469072291","""""","9.9","false","{all-links}","0.0038724247421669136","""default""","""none"""
"{flowholder 113}","{flowholder 2126}","97","""""","9.9","false","{all-links}","0","""default""","""none"""
"{flowholder 114}","{flowholder 435}","96.86143733764582","""""","9.9","false","{all-links}","0.01108501298833402","""default""","""none"""
"{flowholder 114}","{flowholder 455}","96.98381254673447","""""","9.9","false","{all-links}","0.0012949962612424316","""default""","""none"""
"{flowholder 114}","{flowholder 2002}","96.88778244931022","""""","9.9","false","{all-links}","0.008977404055182214","""default""","""none"""
"{flowholder 115}","{flowholder 1729}","97","""""","9.9","false","{all-links}","0","""default""","""none"""
"{flowholder 116}","{flowholder 864}","96.98920253312531","""""","9.9","false","{all-links}","8.637973499753482E-4","""default""","""none"""
"{flowholder 116}","{flowholder 1288}","96.97842838330881","""""","9.9","false","{all-links}","0.0017257293352952452","""default""","""none"""
"{flowholder 116}","{flowholder 1533}","97","""""","9.9","false","{all-links}","0","""default""","""none"""
"{flowholder 117}","{flowholder 2030}","96.89836042619866","""""","9.9","false","{all-links}","0.008131165904106874","""default""","""none"""
"{flowholder 117}","{flowholder 2104}","96.89306857928337","""""","9.9","false","{all-links}","0.008554513657330754","""default""","""none"""
"{flowholder 118}","{flowholder 2041}","97","""""","9.9","false","{all-links}","0","""default""","""none"""
"{flowholder 118}","{flowholder 2268}","96.93556394919374","""""","9.9","false","{all-links}","0.0051548840645011754","""default""","""none"""
"{flowholder 118}","{flowholder 2496}","96.92490563154387","""""","9.9","false","{all-links}","0.0060075494764908035","""default""","""none"""
"{flowholder 119}","{flowholder 974}","97","""""","9.9","false","{all-links}","0","""default""","""none"""
"{flowholder 120}","{flowholder 575}","96.99459834877914","""""","9.9","false","{all-links}","4.3213209766919115E-4","""default""","""none"""
"{flowholder 120}","{flowholder 694}","94.74431231136796","""""","9.9","false","{all-links}","0.18045501509056294","""default""","""none"""
"{flowholder 120}","{flowholder 2165}","94.75322585433734","""""","9.9","false","{all-links}","0.17974193165301244","""default""","""none"""
"{flowholder 121}","{flowholder 2027}","97","""""","9.9","false","{all-links}","0","""default""","""none"""
"{flowholder 121}","{flowholder 2479}","96.99459834877914","""""","9.9","false","{all-links}","4.3213209766919115E-4","""default""","""none"""
"{flowholder 122}","{flowholder 1310}","96.93023191018736","""""","9.9","false","{all-links}","0.005581447185011257","""default""","""none"""
"{flowholder 122}","{flowholder 1394}","97","""""","9.9","false","{all-links}","0","""default""","""none"""
"{flowholder 122}","{flowholder 2389}","96.94090175479293","""""","9.9","false","{all-links}","0.004727859616565411","""default""","""none"""
"{flowholder 124}","{flowholder 1605}","96.99459834877914","""""","9.9","false","{all-links}","4.3213209766919115E-4","""default""","""none"""
"{flowholder 124}","{flowholder 2237}","97","""""","9.9","false","{all-links}","0","""default""","""none"""
"{flowholder 125}","{flowholder 141}","96.99459834877914","""""","9.9","false","{all-links}","4.3213209766919115E-4","""default""","""none"""
"{flowholder 125}","{flowholder 1319}","97","""""","9.9","false","{all-links}","0","""default""","""none"""
"{flowholder 126}","{flowholder 225}","96.96767750019758","""""","9.9","false","{all-links}","0.002585799984193482","""default""","""none"""
"{flowholder 126}","{flowholder 1161}","96.96231076795068","""""","9.9","false","{all-links}","0.0030151385639453744","""default""","""none"""
"{flowholder 127}","{flowholder 281}","96.85093909592251","""""","9.9","false","{all-links}","0.011924872326198967","""default""","""none"""
"{flowholder 127}","{flowholder 2358}","96.84046352508277","""""","9.9","false","{all-links}","0.012762917993378543","""default""","""none"""
"{flowholder 127}","{flowholder 2378}","97","""""","9.9","false","{all-links}","0","""default""","""none"""
"{flowholder 128}","{flowholder 1940}","97","""""","9.9","false","{all-links}","0","""default""","""none"""
"{flowholder 130}","{flowholder 1595}","96.89306857928337","""""","9.9","false","{all-links}","0.008554513657330754","""default""","""none"""
"{flowholder 130}","{flowholder 1789}","96.88778244931022","""""","9.9","false","{all-links}","0.008977404055182214","""default""","""none"""
"{flowholder 131}","{flowholder 682}","96.99459834877914","""""","9.9","false","{all-links}","4.3213209766919115E-4","""default""","""none"""
"{flowholder 131}","{flowholder 1059}","92.59197743529988","""""","9.9","false","{all-links}","0.3526418051760095","""default""","""none"""
"{flowholder 131}","{flowholder 1811}","92.59390018158666","""""","9.9","false","{all-links}","0.3524879854730671","""default""","""none"""
"{flowholder 132}","{flowholder 2266}","97","""""","9.9","false","{all-links}","0","""default""","""none"""
"{flowholder 133}","{flowholder 532}","97","""""","9.9","false","{all-links}","0","""default""","""none"""
"{flowholder 134}","{flowholder 159}","96.97842838330881","""""","9.9","false","{all-links}","0.0017257293352952452","""default""","""none"""
"{flowholder 134}","{flowholder 828}","96.99459834877914","""""","9.9","false","{all-links}","4.3213209766919115E-4","""default""","""none"""
"{flowholder 134}","{flowholder 2068}","96.99459834877914","""""","9.9","false","{all-links}","4.3213209766919115E-4","""default""","""none"""
"{flowholder 135}","{flowholder 338}","96.96767750019758","""""","9.9","false","{all-links}","0.002585799984193482","""default""","""none"""
"{flowholder 135}","{flowholder 1330}","96.96231076795068","""""","9.9","false","{all-links}","0.0030151385639453744","""default""","""none"""
"{flowholder 136}","{flowholder 364}","96.99459834877914","""""","9.9","false","{all-links}","4.3213209766919115E-4","""default""","""none"""
"{flowholder 136}","{flowholder 1478}","97","""""","9.9","false","{all-links}","0","""default""","""none"""
"{flowholder 137}","{flowholder 820}","97","""""","9.9","false","{all-links}","0","""default""","""none"""
"{flowholder 138}","{flowholder 145}","96.82479256966349","""""","9.9","false","{all-links}","0.014016594426921093","""default""","""none"""
"{flowholder 138}","{flowholder 715}","96.83001057616872","""""","9.9","false","{all-links}","0.01359915390650257","""default""","""none"""
"{flowholder 139}","{flowholder 926}","96.99459834877914","""""","9.9","false","{all-links}","4.3213209766919115E-4","""default""","""none"""
"{flowholder 139}","{flowholder 2045}","96.98920253312531","""""","9.9","false","{all-links}","8.637973499753482E-4","""default""","""none"""
"{flowholder 140}","{flowholder 2364}","97","""""","9.9","false","{all-links}","0","""default""","""none"""
"{flowholder 141}","{flowholder 1039}","96.98920253312531","""""","9.9","false","{all-links}","8.637973499753482E-4","""default""","""none"""
"{flowholder 142}","{flowholder 257}","96.99459834877914","""""","9.9","false","{all-links}","4.3213209766919115E-4","""default""","""none"""
"{flowholder 143}","{flowholder 273}","96.99459834877914","""""","9.9","false","{all-links}","4.3213209766919115E-4","""default""","""none"""
"{flowholder 143}","{flowholder 1133}","96.91427033046035","""""","9.9","false","{all-links}","0.006858373563171672","""default""","""none"""
"{flowholder 143}","{flowholder 2147}","96.89836042619866","""""","9.9","false","{all-links}","0.008131165904106874","""default""","""none"""
"{flowholder 144}","{flowholder 2450}","97","""""","9.9","false","{all-links}","0","""default""","""none"""
"{flowholder 145}","{flowholder 593}","96.54631702867718","""""","9.9","false","{all-links}","0.03629463770582562","""default""","""none"""
"{flowholder 145}","{flowholder 2086}","96.72160818483604","""""","9.9","false","{all-links}","0.022271345213116557","""default""","""none"""
"{flowholder 146}","{flowholder 786}","96.96231076795068","""""","9.9","false","{all-links}","0.0030151385639453744","""default""","""none"""
"{flowholder 146}","{flowholder 2127}","97","""""","9.9","false","{all-links}","0","""default""","""none"""
"{flowholder 146}","{flowholder 2203}","96.97305003655786","""""","9.9","false","{all-links}","0.002155997075370797","""default""","""none"""
"{flowholder 147}","{flowholder 1473}","96.61065230956287","""""","9.9","false","{all-links}","0.031147815234970722","""default""","""none"""
"{flowholder 147}","{flowholder 2049}","96.60567128242748","""""","9.9","false","{all-links}","0.031546297405801615","""default""","""none"""
"{flowholder 148}","{flowholder 1227}","96.98920253312531","""""","9.9","false","{all-links}","8.637973499753482E-4","""default""","""none"""
"{flowholder 148}","{flowholder 2261}","96.99459834877914","""""","9.9","false","{all-links}","4.3213209766919115E-4","""default""","""none"""
"{flowholder 149}","{flowholder 734}","97","""""","9.9","false","{all-links}","0","""default""","""none"""
"{flowholder 150}","{flowholder 1141}","97","""""","9.9","false","{all-links}","0","""default""","""none"""
"{flowholder 151}","{flowholder 565}","97","""""","9.9","false","{all-links}","0","""default""","""none"""
"{flowholder 152}","{flowholder 1138}","97","""""","9.9","false","{all-links}","0","""default""","""none"""
"{flowholder 152}","{flowholder 1234}","96.98381254673447","""""","9.9","false","{all-links}","0.0012949962612424316","""default""","""none"""
"{flowholder 152}","{flowholder 1309}","96.97305003655786","""""","9.9","false","{all-links}","0.002155997075370797","""default""","""none"""
"{flowholder 153}","{flowholder 764}","96.99459834877914","""""","9.9","false","{all-links}","4.3213209766919115E-4","""default""","""none"""
"{flowholder 153}","{flowholder 1034}","96.98920253312531","""""","9.9","false","{all-links}","8.637973499753482E-4","""default""","""none"""
"{flowholder 155}","{flowholder 706}","96.98381254673447","""""","9.9","false","{all-links}","0.0012949962612424316","""default""","""none"""
"{flowholder 155}","{flowholder 2116}","96.96767750019758","""""","9.9","false","{all-links}","0.002585799984193482","""default""","""none"""
"{flowholder 155}","{flowholder 2173}","96.99459834877914","""""","9.9","false","{all-links}","4.3213209766919115E-4","""default""","""none"""
"{flowholder 156}","{flowholder 1043}","96.64567066147991","""""","9.9","false","{all-links}","0.028346347081607083","""default""","""none"""
"{flowholder 156}","{flowholder 1189}","96.67084648990928","""""","9.9","false","{all-links}","0.02633228080725756","""default""","""none"""
"{flowholder 156}","{flowholder 1359}","96.98381254673447","""""","9.9","false","{all-links}","0.0012949962612424316","""default""","""none"""
"{flowholder 157}","{flowholder 1617}","96.95159469072291","""""","9.9","false","{all-links}","0.0038724247421669136","""default""","""none"""
"{flowholder 157}","{flowholder 2489}","96.8825020301033","""""","9.9","false","{all-links}","0.009399837591736305","""default""","""none"""
"{flowholder 158}","{flowholder 1822}","96.98381254673447","""""","9.9","false","{all-links}","0.0012949962612424316","""default""","""none"""
"{flowholder 158}","{flowholder 2226}","97","""""","9.9","false","{all-links}","0","""default""","""none"""
"{flowholder 158}","{flowholder 2300}","96.99459834877914","""""","9.9","false","{all-links}","4.3213209766919115E-4","""default""","""none"""
"{flowholder 159}","{flowholder 1253}","96.97305003655786","""""","9.9","false","{all-links}","0.002155997075370797","""default""","""none"""
"{flowholder 160}","{flowholder 886}","96.7420669951447","""""","9.9","false","{all-links}","0.020634640388424243","""default""","""none"""
"{flowholder 160}","{flowholder 2310}","96.74719553405514","""""","9.9","false","{all-links}","0.020224357275589","""default""","""none"""
"{flowholder 161}","{flowholder 1098}","96.98920253312531","""""","9.9","false","{all-links}","8.637973499753482E-4","""default""","""none"""
"{flowholder 161}","{flowholder 1327}","96.98381254673447","""""","9.9","false","{all-links}","0.0012949962612424316","""default""","""none"""
"{flowholder 162}","{flowholder 726}","96.9036579962392","""""","9.9","false","{all-links}","0.007707360300863675","""default""","""none"""
"{flowholder 162}","{flowholder 1084}","97","""""","9.9","false","{all-links}","0","""default""","""none"""
"{flowholder 163}","{flowholder 2153}","97","""""","9.9","false","{all-links}","0","""default""","""none"""
"{flowholder 164}","{flowholder 1867}","97","""""","9.9","false","{all-links}","0","""default""","""none"""
"{flowholder 165}","{flowholder 1206}","96.94090175479293","""""","9.9","false","{all-links}","0.004727859616565411","""default""","""none"""
"{flowholder 165}","{flowholder 1262}","96.93556394919374","""""","9.9","false","{all-links}","0.0051548840645011754","""default""","""none"""
"{flowholder 166}","{flowholder 245}","96.96231076795068","""""","9.9","false","{all-links}","0.0030151385639453744","""default""","""none"""
"{flowholder 166}","{flowholder 2254}","96.95694983354709","""""","9.9","false","{all-links}","0.0034440133162331856","""default""","""none"""
"{flowholder 167}","{flowholder 367}","96.94624533322164","""""","9.9","false","{all-links}","0.004300373342268804","""default""","""none"""
"{flowholder 167}","{flowholder 641}","96.95159469072291","""""","9.9","false","{all-links}","0.0038724247421669136","""default""","""none"""
"{flowholder 168}","{flowholder 1691}","96.99459834877914","""""","9.9","false","{all-links}","4.3213209766919115E-4","""default""","""none"""
"{flowholder 168}","{flowholder 1780}","97","""""","9.9","false","{all-links}","0","""default""","""none"""
"{flowholder 169}","{flowholder 513}","96.94624533322164","""""","9.9","false","{all-links}","0.004300373342268804","""default""","""none"""
"{flowholder 169}","{flowholder 527}","96.95694983354709","""""","9.9","false","{all-links}","0.0034440133162331856","""default""","""none"""
"{flowholder 169}","{flowholder 935}","97","""""","9.9","false","{all-links}","0","""default""","""none"""
"{flowholder 170}","{flowholder 278}","96.97842838330881","""""","9.9","false","{all-links}","0.0017257293352952452","""default""","""none"""
"{flowholder 170}","{flowholder 2312}","96.98381254673447","""""","9.9","false","{all-links}","0.0012949962612424316","""default""","""none"""
"{flowholder 171}","{flowholder 988}","97","""""","9.9","false","{all-links}","0","""default""","""none"""
"{flowholder 171}","{flowholder 1512}","96.99459834877914","""""","9.9","false","{all-links}","4.3213209766919115E-4","""default""","""none"""
"{flowholder 172}","{flowholder 1180}","96.98920253312531","""""","9.9","false","{all-links}","8.637973499753482E-4","""default""","""none"""
"{flowholder 172}","{flowholder 1566}","96.98381254673447","""""","9.9","false","{all-links}","0.0012949962612424316","""default""","""none"""
"{flowholder 174}","{flowholder 1466}","96.99459834877914","""""","9.9","false","{all-links}","4.3213209766919115E-4","""default""","""none"""
"{flowholder 174}","{flowholder 1774}","97","""""","9.9","false","{all-links}","0","""default""","""none"""
"{flowholder 176}","{flowholder 2258}","97","""""","9.9","false","{all-links}","0","""default""","""none"""
"{flowholder 177}","{flowholder 1163}","96.97305003655786","""""","9.9","false","{all-links}","0.002155997075370797","""default""","""none"""
"{flowholder 177}","{flowholder 1719}","97","""""","9.9","false","{all-links}","0","""default""","""none"""
"{flowholder 177}","{flowholder 2164}","96.98381254673447","""""","9.9","false","{all-links}","0.0012949962612424316","""default""","""none"""
"{flowholder 178}","{flowholder 1763}","97","""""","9.9","false","{all-links}","0","""default""","""none"""
"{flowholder 179}","{flowholder 573}","97","""""","9.9","false","{all-links}","0","""default""","""none"""
"{flowholder 180}","{flowholder 457}","96.99459834877914","""""","9.9","false","{all-links}","4.3213209766919115E-4","""default""","""none"""
"{flowholder 180}","{flowholder 2149}","97","""""","9.9","false","{all-links}","0","""default""","""none"""
"{flowholder 181}","{flowholder 388}","96.98381254673447","""""","9.9","false","{all-links}","0.0012949962612424316","""default""","""none"""
"{flowholder 181}","{flowholder 390}","96.98920253312531","""""","9.9","false","{all-links}","8.637973499753482E-4","""default""","""none"""
"{flowholder 182}","{flowholder 1850}","96.9195851070404","""""","9.9","false","{all-links}","0.006433191436767638","""default""","""none"""
"{flowholder 182}","{flowholder 2212}","96.92490563154387","""""","9.9","false","{all-links}","0.0060075494764908035","""default""","""none"""
"{flowholder 183}","{flowholder 1776}","96.98381254673447","""""","9.9","false","{all-links}","0.0012949962612424316","""default""","""none"""
"{flowholder 183}","{flowholder 2461}","96.98920253312531","""""","9.9","false","{all-links}","8.637973499753482E-4","""default""","""none"""
"{flowholder 184}","{flowholder 1366}","97","""""","9.9","false","{all-links}","0","""default""","""none"""
"{flowholder 185}","{flowholder 728}","96.97842838330881","""""","9.9","false","{all-links}","0.0017257293352952452","""default""","""none"""
"{flowholder 185}","{flowholder 1117}","96.93023191018736","""""","9.9","false","{all-links}","0.005581447185011257","""default""","""none"""
"{flowholder 185}","{flowholder 2395}","96.96231076795068","""""","9.9","false","{all-links}","0.0030151385639453744","""default""","""none"""
"{flowholder 186}","{flowholder 1069}","96.39175186622535","""""","9.9","false","{all-links}","0.048659850701972124","""default""","""none"""
"{flowholder 186}","{flowholder 1083}","96.38700732385925","""""","9.9","false","{all-links}","0.04903941409125992","""default""","""none"""
"{flowholder 187}","{flowholder 786}","96.94090175479293","""""","9.9","false","{all-links}","0.004727859616565411","""default""","""none"""
"{flowholder 187}","{flowholder 1771}","97","""""","9.9","false","{all-links}","0","""default""","""none"""
"{flowholder 187}","{flowholder 2022}","96.93023191018736","""""","9.9","false","{all-links}","0.005581447185011257","""default""","""none"""
"{flowholder 188}","{flowholder 266}","97","""""","9.9","false","{all-links}","0","""default""","""none"""
"{flowholder 189}","{flowholder 821}","96.96767750019758","""""","9.9","false","{all-links}","0.002585799984193482","""default""","""none"""
"{flowholder 189}","{flowholder 1563}","96.97842838330881","""""","9.9","false","{all-links}","0.0017257293352952452","""default""","""none"""
"{flowholder 189}","{flowholder 2142}","97","""""","9.9","false","{all-links}","0","""default""","""none"""
"{flowholder 190}","{flowholder 1991}","97","""""","9.9","false","{all-links}","0","""default""","""none"""
"{flowholder 190}","{flowholder 2135}","96.99459834877914","""""","9.9","false","{all-links}","4.3213209766919115E-4","""default""","""none"""
"{flowholder 191}","{flowholder 1278}","96.95694983354709","""""","9.9","false","{all-links}","0.0034440133162331856","""default""","""none"""
"{flowholder 191}","{flowholder 1964}","96.95159469072291","""""","9.9","false","{all-links}","0.0038724247421669136","""default""","""none"""
"{flowholder 192}","{flowholder 664}","96.97305003655786","""""","9.9","false","{all-links}","0.002155997075370797","""default""","""none"""
"{flowholder 192}","{flowholder 2069}","96.97842838330881","""""","9.9","false","{all-links}","0.0017257293352952452","""default""","""none"""
"{flowholder 193}","{flowholder 1597}","97","""""","9.9","false","{all-links}","0","""default""","""none"""
"{flowholder 193}","{flowholder 1841}","96.99459834877914","""""","9.9","false","{all-links}","4.3213209766919115E-4","""default""","""none"""
"{flowholder 194}","{flowholder 1023}","97","""""","9.9","false","{all-links}","0","""default""","""none"""
"{flowholder 195}","{flowholder 329}","97","""""","9.9","false","{all-links}","0","""default""","""none"""
"{flowholder 195}","{flowholder 636}","96.99459834877914","""""","9.9","false","{all-links}","4.3213209766919115E-4","""default""","""none"""
"{flowholder 196}","{flowholder 2072}","96.95159469072291","""""","9.9","false","{all-links}","0.0038724247421669136","""default""","""none"""
"{flowholder 196}","{flowholder 2444}","97","""""","9.9","false","{all-links}","0","""default""","""none"""
"{flowholder 197}","{flowholder 732}","96.97842838330881","""""","9.9","false","{all-links}","0.0017257293352952452","""default""","""none"""
"{flowholder 197}","{flowholder 1416}","96.98381254673447","""""","9.9","false","{all-links}","0.0012949962612424316","""default""","""none"""
"{flowholder 199}","{flowholder 1907}","97","""""","9.9","false","{all-links}","0","""default""","""none"""
"{flowholder 200}","{flowholder 308}","94.12181729213657","""""","9.9","false","{all-links}","0.23025461662907448","""default""","""none"""
"{flowholder 200}","{flowholder 473}","97","""""","9.9","false","{all-links}","0","""default""","""none"""
"{flowholder 200}","{flowholder 720}","94.14255954360713","""""","9.9","false","{all-links}","0.2285952365114292","""default""","""none"""
"{flowholder 200}","{flowholder 1226}","96.96767750019758","""""","9.9","false","{all-links}","0.002585799984193482","""default""","""none"""
"{flowholder 201}","{flowholder 2068}","97","""""","9.9","false","{all-links}","0","""default""","""none"""
"{flowholder 203}","{flowholder 655}","96.99459834877914","""""","9.9","false","{all-links}","4.3213209766919115E-4","""default""","""none"""
"{flowholder 203}","{flowholder 1528}","97","""""","9.9","false","{all-links}","0","""default""","""none"""
"{flowholder 204}","{flowholder 343}","97","""""","9.9","false","{all-links}","0","""default""","""none"""
"{flowholder 204}","{flowholder 1701}","96.97305003655786","""""","9.9","false","{all-links}","0.002155997075370797","""default""","""none"""
"{flowholder 204}","{flowholder 2244}","96.96231076795068","""""","9.9","false","{all-links}","0.0030151385639453744","""default""","""none"""
"{flowholder 205}","{flowholder 2446}","96.99459834877914","""""","9.9","false","{all-links}","4.3213209766919115E-4","""default""","""none"""
"{flowholder 206}","{flowholder 1522}","96.97305003655786","""""","9.9","false","{all-links}","0.002155997075370797","""default""","""none"""
"{flowholder 206}","{flowholder 2150}","96.97842838330881","""""","9.9","false","{all-links}","0.0017257293352952452","""default""","""none"""
"{flowholder 207}","{flowholder 210}","97","""""","9.9","false","{all-links}","0","""default""","""none"""
"{flowholder 208}","{flowholder 296}","97","""""","9.9","false","{all-links}","0","""default""","""none"""
"{flowholder 208}","{flowholder 1901}","96.99459834877914","""""","9.9","false","{all-links}","4.3213209766919115E-4","""default""","""none"""
"{flowholder 209}","{flowholder 2499}","96.98920253312531","""""","9.9","false","{all-links}","8.637973499753482E-4","""default""","""none"""
"{flowholder 210}","{flowholder 272}","96.99459834877914","""""","9.9","false","{all-links}","4.3213209766919115E-4","""default""","""none"""
"{flowholder 211}","{flowholder 617}","96.71650728871283","""""","9.9","false","{all-links}","0.02267941690297333","""default""","""none"""
"{flowholder 211}","{flowholder 818}","96.91427033046035","""""","9.9","false","{all-links}","0.006858373563171672","""default""","""none"""
"{flowholder 211}","{flowholder 1018}","96.62562773612332","""""","9.9","false","{all-links}","0.0299497811101344","""default""","""none"""
"{flowholder 213}","{flowholder 374}","97","""""","9.9","false","{all-links}","0","""default""","""none"""
"{flowholder 214}","{flowholder 528}","96.98920253312531","""""","9.9","false","{all-links}","8.637973499753482E-4","""default""","""none"""
"{flowholder 214}","{flowholder 606}","96.89836042619866","""""","9.9","false","{all-links}","0.008131165904106874","""default""","""none"""
"{flowholder 214}","{flowholder 1952}","96.87722731549293","""""","9.9","false","{all-links}","0.00982181476056554","""default""","""none"""
"{flowholder 215}","{flowholder 2334}","97","""""","9.9","false","{all-links}","0","""default""","""none"""
"{flowholder 216}","{flowholder 869}","96.98381254673447","""""","9.9","false","{all-links}","0.0012949962612424316","""default""","""none"""
"{flowholder 216}","{flowholder 922}","96.97842838330881","""""","9.9","false","{all-links}","0.0017257293352952452","""default""","""none"""
"{flowholder 217}","{flowholder 404}","97","""""","9.9","false","{all-links}","0","""default""","""none"""
"{flowholder 218}","{flowholder 612}","96.8195802003286","""""","9.9","false","{all-links}","0.01443358397371184","""default""","""none"""
"{flowholder 219}","{flowholder 958}","97","""""","9.9","false","{all-links}","0","""default""","""none"""
"{flowholder 220}","{flowholder 1151}","97","""""","9.9","false","{all-links}","0","""default""","""none"""
"{flowholder 222}","{flowholder 561}","96.65572466805611","""""","9.9","false","{all-links}","0.02754202655551126","""default""","""none"""
"{flowholder 222}","{flowholder 1672}","96.97305003655786","""""","9.9","false","{all-links}","0.002155997075370797","""default""","""none"""
"{flowholder 222}","{flowholder 2319}","96.62063053058169","""""","9.9","false","{all-links}","0.030349557553464603","""default""","""none"""
"{flowholder 224}","{flowholder 345}","96.99459834877914","""""","9.9","false","{all-links}","4.3213209766919115E-4","""default""","""none"""
"{flowholder 224}","{flowholder 2430}","97","""""","9.9","false","{all-links}","0","""default""","""none"""
"{flowholder 225}","{flowholder 922}","96.97305003655786","""""","9.9","false","{all-links}","0.002155997075370797","""default""","""none"""
"{flowholder 226}","{flowholder 652}","96.98381254673447","""""","9.9","false","{all-links}","0.0012949962612424316","""default""","""none"""
"{flowholder 226}","{flowholder 945}","96.98920253312531","""""","9.9","false","{all-links}","8.637973499753482E-4","""default""","""none"""
"{flowholder 227}","{flowholder 1071}","97","""""","9.9","false","{all-links}","0","""default""","""none"""
"{flowholder 228}","{flowholder 725}","97","""""","9.9","false","{all-links}","0","""default""","""none"""
"{flowholder 229}","{flowholder 488}","97","""""","9.9","false","{all-links}","0","""default""","""none"""
"{flowholder 229}","{flowholder 544}","96.91427033046035","""""","9.9","false","{all-links}","0.006858373563171672","""default""","""none"""
"{flowholder 229}","{flowholder 814}","96.9036579962392","""""","9.9","false","{all-links}","0.007707360300863675","""default""","""none"""
"{flowholder 230}","{flowholder 1583}","96.93023191018736","""""","9.9","false","{all-links}","0.005581447185011257","""default""","""none"""
"{flowholder 231}","{flowholder 341}","96.92490563154387","""""","9.9","false","{all-links}","0.0060075494764908035","""default""","""none"""
"{flowholder 231}","{flowholder 1634}","96.98920253312531","""""","9.9","false","{all-links}","8.637973499753482E-4","""default""","""none"""
"{flowholder 231}","{flowholder 2030}","96.9036579962392","""""","9.9","false","{all-links}","0.007707360300863675","""default""","""none"""
"{flowholder 232}","{flowholder 661}","96.94090175479293","""""","9.9","false","{all-links}","0.004727859616565411","""default""","""none"""
"{flowholder 232}","{flowholder 1757}","96.96231076795068","""""","9.9","false","{all-links}","0.0030151385639453744","""default""","""none"""
"{flowholder 233}","{flowholder 567}","97","""""","9.9","false","{all-links}","0","""default""","""none"""
"{flowholder 235}","{flowholder 2478}","97","""""","9.9","false","{all-links}","0","""default""","""none"""
"{flowholder 236}","{flowholder 306}","97","""""","9.9","false","{all-links}","0","""default""","""none"""
"{flowholder 237}","{flowholder 251}","96.71141190324185","""""","9.9","false","{all-links}","0.02308704774065178","""default""","""none"""
"{flowholder 237}","{flowholder 603}","96.70632202247002","""""","9.9","false","{all-links}","0.023494238202398512","""default""","""none"""
"{flowholder 238}","{flowholder 1005}","93.83769366651622","""""","9.9","false","{all-links}","0.2529845066787027","""default""","""none"""
"{flowholder 238}","{flowholder 1011}","93.96082675207248","""""","9.9","false","{all-links}","0.24313385983420177","""default""","""none"""
"{flowholder 238}","{flowholder 2085}","96.69615875124217","""""","9.9","false","{all-links}","0.024307299900626723","""default""","""none"""
"{flowholder 239}","{flowholder 616}","96.95694983354709","""""","9.9","false","{all-links}","0.0034440133162331856","""default""","""none"""
"{flowholder 239}","{flowholder 1300}","96.94624533322164","""""","9.9","false","{all-links}","0.004300373342268804","""default""","""none"""
"{flowholder 239}","{flowholder 2468}","97","""""","9.9","false","{all-links}","0","""default""","""none"""
"{flowholder 240}","{flowholder 1427}","96.97842838330881","""""","9.9","false","{all-links}","0.0017257293352952452","""default""","""none"""
"{flowholder 240}","{flowholder 1682}","96.98381254673447","""""","9.9","false","{all-links}","0.0012949962612424316","""default""","""none"""
"{flowholder 241}","{flowholder 668}","97","""""","9.9","false","{all-links}","0","""default""","""none"""
"{flowholder 242}","{flowholder 1989}","96.97305003655786","""""","9.9","false","{all-links}","0.002155997075370797","""default""","""none"""
"{flowholder 243}","{flowholder 693}","96.98920253312531","""""","9.9","false","{all-links}","8.637973499753482E-4","""default""","""none"""
"{flowholder 243}","{flowholder 931}","96.98381254673447","""""","9.9","false","{all-links}","0.0012949962612424316","""default""","""none"""
"{flowholder 244}","{flowholder 933}","96.72160818483604","""""","9.9","false","{all-links}","0.022271345213116557","""default""","""none"""
"{flowholder 244}","{flowholder 2301}","96.7267145975715","""""","9.9","false","{all-links}","0.021862832194279938","""default""","""none"""
"{flowholder 245}","{flowholder 1847}","96.96767750019758","""""","9.9","false","{all-links}","0.002585799984193482","""default""","""none"""
"{flowholder 246}","{flowholder 747}","96.99459834877914","""""","9.9","false","{all-links}","4.3213209766919115E-4","""default""","""none"""
"{flowholder 246}","{flowholder 1736}","97","""""","9.9","false","{all-links}","0","""default""","""none"""
"{flowholder 247}","{flowholder 398}","97","""""","9.9","false","{all-links}","0","""default""","""none"""
"{flowholder 247}","{flowholder 1002}","96.99459834877914","""""","9.9","false","{all-links}","4.3213209766919115E-4","""default""","""none"""
"{flowholder 248}","{flowholder 2285}","97","""""","9.9","false","{all-links}","0","""default""","""none"""
"{flowholder 249}","{flowholder 1888}","96.98920253312531","""""","9.9","false","{all-links}","8.637973499753482E-4","""default""","""none"""
"{flowholder 249}","{flowholder 2170}","96.99459834877914","""""","9.9","false","{all-links}","4.3213209766919115E-4","""default""","""none"""
"{flowholder 250}","{flowholder 1197}","96.83001057616872","""""","9.9","false","{all-links}","0.01359915390650257","""default""","""none"""
"{flowholder 250}","{flowholder 1378}","96.75746925739796","""""","9.9","false","{all-links}","0.01940245940816339","""default""","""none"""
"{flowholder 250}","{flowholder 2296}","96.93556394919374","""""","9.9","false","{all-links}","0.0051548840645011754","""default""","""none"""
"{flowholder 251}","{flowholder 857}","96.74719553405514","""""","9.9","false","{all-links}","0.020224357275589","""default""","""none"""
"{flowholder 251}","{flowholder 1297}","96.97305003655786","""""","9.9","false","{all-links}","0.002155997075370797","""default""","""none"""
"{flowholder 253}","{flowholder 985}","96.85093909592251","""""","9.9","false","{all-links}","0.011924872326198967","""default""","""none"""
"{flowholder 253}","{flowholder 1009}","96.86143733764582","""""","9.9","false","{all-links}","0.01108501298833402","""default""","""none"""
"{flowholder 253}","{flowholder 1921}","97","""""","9.9","false","{all-links}","0","""default""","""none"""
"{flowholder 254}","{flowholder 477}","97","""""","9.9","false","{all-links}","0","""default""","""none"""
"{flowholder 254}","{flowholder 510}","96.96767750019758","""""","9.9","false","{all-links}","0.002585799984193482","""default""","""none"""
"{flowholder 254}","{flowholder 829}","96.97842838330881","""""","9.9","false","{all-links}","0.0017257293352952452","""default""","""none"""
"{flowholder 255}","{flowholder 794}","96.97842838330881","""""","9.9","false","{all-links}","0.0017257293352952452","""default""","""none"""
"{flowholder 255}","{flowholder 909}","96.98920253312531","""""","9.9","false","{all-links}","8.637973499753482E-4","""default""","""none"""
"{flowholder 255}","{flowholder 1863}","97","""""","9.9","false","{all-links}","0","""default""","""none"""
"{flowholder 256}","{flowholder 1669}","97","""""","9.9","false","{all-links}","0","""default""","""none"""
"{flowholder 257}","{flowholder 2249}","96.98381254673447","""""","9.9","false","{all-links}","0.0012949962612424316","""default""","""none"""
"{flowholder 257}","{flowholder 2361}","97","""""","9.9","false","{all-links}","0","""default""","""none"""
"{flowholder 258}","{flowholder 1850}","97","""""","9.9","false","{all-links}","0","""default""","""none"""
"{flowholder 259}","{flowholder 996}","96.95159469072291","""""","9.9","false","{all-links}","0.0038724247421669136","""default""","""none"""
"{flowholder 259}","{flowholder 2417}","96.94624533322164","""""","9.9","false","{all-links}","0.004300373342268804","""default""","""none"""
"{flowholder 260}","{flowholder 2234}","97","""""","9.9","false","{all-links}","0","""default""","""none"""
"{flowholder 262}","{flowholder 1568}","97","""""","9.9","false","{all-links}","0","""default""","""none"""
"{flowholder 262}","{flowholder 1659}","96.98920253312531","""""","9.9","false","{all-links}","8.637973499753482E-4","""default""","""none"""
"{flowholder 262}","{flowholder 2282}","97","""""","9.9","false","{all-links}","0","""default""","""none"""
"{flowholder 263}","{flowholder 1963}","97","""""","9.9","false","{all-links}","0","""default""","""none"""
"{flowholder 264}","{flowholder 1351}","97","""""","9.9","false","{all-links}","0","""default""","""none"""
"{flowholder 265}","{flowholder 2168}","97","""""","9.9","false","{all-links}","0","""default""","""none"""
"{flowholder 266}","{flowholder 795}","96.99459834877914","""""","9.9","false","{all-links}","4.3213209766919115E-4","""default""","""none"""
"{flowholder 267}","{flowholder 1525}","97","""""","9.9","false","{all-links}","0","""default""","""none"""
"{flowholder 268}","{flowholder 1516}","96.98381254673447","""""","9.9","false","{all-links}","0.0012949962612424316","""default""","""none"""
"{flowholder 268}","{flowholder 1820}","96.97842838330881","""""","9.9","false","{all-links}","0.0017257293352952452","""default""","""none"""
"{flowholder 269}","{flowholder 1169}","96.84046352508277","""""","9.9","false","{all-links}","0.012762917993378543","""default""","""none"""
"{flowholder 269}","{flowholder 1546}","96.84569847970454","""""","9.9","false","{all-links}","0.012344121623636984","""default""","""none"""
"{flowholder 270}","{flowholder 835}","96.98381254673447","""""","9.9","false","{all-links}","0.0012949962612424316","""default""","""none"""
"{flowholder 270}","{flowholder 1460}","96.98920253312531","""""","9.9","false","{all-links}","8.637973499753482E-4","""default""","""none"""
"{flowholder 271}","{flowholder 1108}","96.99459834877914","""""","9.9","false","{all-links}","4.3213209766919115E-4","""default""","""none"""
"{flowholder 271}","{flowholder 1999}","97","""""","9.9","false","{all-links}","0","""default""","""none"""
"{flowholder 272}","{flowholder 672}","96.98920253312531","""""","9.9","false","{all-links}","8.637973499753482E-4","""default""","""none"""
"{flowholder 273}","{flowholder 2105}","97","""""","9.9","false","{all-links}","0","""default""","""none"""
"{flowholder 274}","{flowholder 652}","96.96767750019758","""""","9.9","false","{all-links}","0.002585799984193482","""default""","""none"""
"{flowholder 274}","{flowholder 1134}","96.96231076795068","""""","9.9","false","{all-links}","0.0030151385639453744","""default""","""none"""
"{flowholder 275}","{flowholder 1933}","97","""""","9.9","false","{all-links}","0","""default""","""none"""
"{flowholder 277}","{flowholder 377}","96.95159469072291","""""","9.9","false","{all-links}","0.0038724247421669136","""default""","""none"""
"{flowholder 277}","{flowholder 722}","96.95694983354709","""""","9.9","false","{all-links}","0.0034440133162331856","""default""","""none"""
"{flowholder 278}","{flowholder 1606}","96.99459834877914","""""","9.9","false","{all-links}","4.3213209766919115E-4","""default""","""none"""
"{flowholder 278}","{flowholder 2038}","96.96231076795068","""""","9.9","false","{all-links}","0.0030151385639453744","""default""","""none"""
"{flowholder 279}","{flowholder 282}","96.9036579962392","""""","9.9","false","{all-links}","0.007707360300863675","""default""","""none"""
"{flowholder 279}","{flowholder 801}","96.99459834877914","""""","9.9","false","{all-links}","4.3213209766919115E-4","""default""","""none"""
"{flowholder 279}","{flowholder 2107}","96.88778244931022","""""","9.9","false","{all-links}","0.008977404055182214","""default""","""none"""
"{flowholder 280}","{flowholder 1954}","96.99459834877914","""""","9.9","false","{all-links}","4.3213209766919115E-4","""default""","""none"""
"{flowholder 280}","{flowholder 2186}","96.97842838330881","""""","9.9","false","{all-links}","0.0017257293352952452","""default""","""none"""
"{flowholder 280}","{flowholder 2270}","96.99459834877914","""""","9.9","false","{all-links}","4.3213209766919115E-4","""default""","""none"""
"{flowholder 281}","{flowholder 480}","96.86669497541706","""""","9.9","false","{all-links}","0.010664401966635052","""default""","""none"""
"{flowholder 281}","{flowholder 1323}","96.99459834877914","""""","9.9","false","{all-links}","4.3213209766919115E-4","""default""","""none"""
"{flowholder 282}","{flowholder 2108}","96.90896129559431","""""","9.9","false","{all-links}","0.007283096352455232","""default""","""none"""
"{flowholder 283}","{flowholder 464}","97","""""","9.9","false","{all-links}","0","""default""","""none"""
"{flowholder 283}","{flowholder 665}","96.95159469072291","""""","9.9","false","{all-links}","0.0038724247421669136","""default""","""none"""
"{flowholder 283}","{flowholder 1048}","96.94090175479293","""""","9.9","false","{all-links}","0.004727859616565411","""default""","""none"""
"{flowholder 284}","{flowholder 571}","97","""""","9.9","false","{all-links}","0","""default""","""none"""
"{flowholder 285}","{flowholder 911}","96.99459834877914","""""","9.9","false","{all-links}","4.3213209766919115E-4","""default""","""none"""
"{flowholder 285}","{flowholder 2365}","97","""""","9.9","false","{all-links}","0","""default""","""none"""
"{flowholder 286}","{flowholder 1707}","97","""""","9.9","false","{all-links}","0","""default""","""none"""
"{flowholder 287}","{flowholder 1313}","97","""""","9.9","false","{all-links}","0","""default""","""none"""
"{flowholder 289}","{flowholder 582}","97","""""","9.9","false","{all-links}","0","""default""","""none"""
"{flowholder 290}","{flowholder 530}","97","""""","9.9","false","{all-links}","0","""default""","""none"""
"{flowholder 290}","{flowholder 1779}","96.97305003655786","""""","9.9","false","{all-links}","0.002155997075370797","""default""","""none"""
"{flowholder 290}","{flowholder 2254}","96.96231076795068","""""","9.9","false","{all-links}","0.0030151385639453744","""default""","""none"""
"{flowholder 292}","{flowholder 1066}","96.95159469072291","""""","9.9","false","{all-links}","0.0038724247421669136","""default""","""none"""
"{flowholder 292}","{flowholder 1580}","96.94624533322164","""""","9.9","false","{all-links}","0.004300373342268804","""default""","""none"""
"{flowholder 293}","{flowholder 658}","96.94624533322164","""""","9.9","false","{all-links}","0.004300373342268804","""default""","""none"""
"{flowholder 293}","{flowholder 827}","96.96231076795068","""""","9.9","false","{all-links}","0.0030151385639453744","""default""","""none"""
"{flowholder 293}","{flowholder 1990}","96.99459834877914","""""","9.9","false","{all-links}","4.3213209766919115E-4","""default""","""none"""
"{flowholder 295}","{flowholder 919}","96.98920253312531","""""","9.9","false","{all-links}","8.637973499753482E-4","""default""","""none"""
"{flowholder 295}","{flowholder 1773}","96.99459834877914","""""","9.9","false","{all-links}","4.3213209766919115E-4","""default""","""none"""
"{flowholder 297}","{flowholder 395}","96.98381254673447","""""","9.9","false","{all-links}","0.0012949962612424316","""default""","""none"""
"{flowholder 297}","{flowholder 761}","96.98920253312531","""""","9.9","false","{all-links}","8.637973499753482E-4","""default""","""none"""
"{flowholder 298}","{flowholder 970}","97","""""","9.9","false","{all-links}","0","""default""","""none"""
"{flowholder 298}","{flowholder 1234}","96.99459834877914","""""","9.9","false","{all-links}","4.3213209766919115E-4","""default""","""none"""
"{flowholder 300}","{flowholder 388}","96.95159469072291","""""","9.9","false","{all-links}","0.0038724247421669136","""default""","""none"""
"{flowholder 300}","{flowholder 766}","96.95694983354709","""""","9.9","false","{all-links}","0.0034440133162331856","""default""","""none"""
"{flowholder 301}","{flowholder 1637}","96.98381254673447","""""","9.9","false","{all-links}","0.0012949962612424316","""default""","""none"""
"{flowholder 301}","{flowholder 1672}","96.97842838330881","""""","9.9","false","{all-links}","0.0017257293352952452","""default""","""none"""
"{flowholder 302}","{flowholder 1170}","97","""""","9.9","false","{all-links}","0","""default""","""none"""
"{flowholder 303}","{flowholder 1799}","97","""""","9.9","false","{all-links}","0","""default""","""none"""
"{flowholder 304}","{flowholder 710}","96.95159469072291","""""","9.9","false","{all-links}","0.0038724247421669136","""default""","""none"""
"{flowholder 304}","{flowholder 2465}","96.95694983354709","""""","9.9","false","{all-links}","0.0034440133162331856","""default""","""none"""
"{flowholder 305}","{flowholder 2170}","97","""""","9.9","false","{all-links}","0","""default""","""none"""
"{flowholder 306}","{flowholder 943}","96.99459834877914","""""","9.9","false","{all-links}","4.3213209766919115E-4","""default""","""none"""
"{flowholder 307}","{flowholder 678}","96.99459834877914","""""","9.9","false","{all-links}","4.3213209766919115E-4","""default""","""none"""
"{flowholder 307}","{flowholder 742}","97","""""","9.9","false","{all-links}","0","""default""","""none"""
"{flowholder 308}","{flowholder 1011}","94.11952502874325","""""","9.9","false","{all-links}","0.23043799770053966","""default""","""none"""
"{flowholder 309}","{flowholder 401}","97","""""","9.9","false","{all-links}","0","""default""","""none"""
"{flowholder 311}","{flowholder 1310}","97","""""","9.9","false","{all-links}","0","""default""","""none"""
"{flowholder 312}","{flowholder 813}","97","""""","9.9","false","{all-links}","0","""default""","""none"""
"{flowholder 313}","{flowholder 1874}","96.99459834877914","""""","9.9","false","{all-links}","4.3213209766919115E-4","""default""","""none"""
"{flowholder 313}","{flowholder 2481}","97","""""","9.9","false","{all-links}","0","""default""","""none"""
"{flowholder 314}","{flowholder 867}","97","""""","9.9","false","{all-links}","0","""default""","""none"""
"{flowholder 314}","{flowholder 2302}","96.99459834877914","""""","9.9","false","{all-links}","4.3213209766919115E-4","""default""","""none"""
"{flowholder 315}","{flowholder 965}","97","""""","9.9","false","{all-links}","0","""default""","""none"""
"{flowholder 317}","{flowholder 1264}","96.82479256966349","""""","9.9","false","{all-links}","0.014016594426921093","""default""","""none"""
"{flowholder 317}","{flowholder 2401}","96.8195802003286","""""","9.9","false","{all-links}","0.01443358397371184","""default""","""none"""
"{flowholder 318}","{flowholder 346}","96.99459834877914","""""","9.9","false","{all-links}","4.3213209766919115E-4","""default""","""none"""
"{flowholder 318}","{flowholder 2276}","96.98920253312531","""""","9.9","false","{all-links}","8.637973499753482E-4","""default""","""none"""
"{flowholder 319}","{flowholder 449}","96.95694983354709","""""","9.9","false","{all-links}","0.0034440133162331856","""default""","""none"""
"{flowholder 319}","{flowholder 809}","96.94624533322164","""""","9.9","false","{all-links}","0.004300373342268804","""default""","""none"""
"{flowholder 319}","{flowholder 1136}","97","""""","9.9","false","{all-links}","0","""default""","""none"""
"{flowholder 320}","{flowholder 438}","97","""""","9.9","false","{all-links}","0","""default""","""none"""
"{flowholder 321}","{flowholder 1888}","97","""""","9.9","false","{all-links}","0","""default""","""none"""
"{flowholder 322}","{flowholder 2452}","97","""""","9.9","false","{all-links}","0","""default""","""none"""
"{flowholder 323}","{flowholder 351}","96.99459834877914","""""","9.9","false","{all-links}","4.3213209766919115E-4","""default""","""none"""
"{flowholder 323}","{flowholder 803}","97","""""","9.9","false","{all-links}","0","""default""","""none"""
"{flowholder 324}","{flowholder 325}","97","""""","9.9","false","{all-links}","0","""default""","""none"""
"{flowholder 325}","{flowholder 778}","96.96231076795068","""""","9.9","false","{all-links}","0.0030151385639453744","""default""","""none"""
"{flowholder 325}","{flowholder 1299}","96.97305003655786","""""","9.9","false","{all-links}","0.002155997075370797","""default""","""none"""
"{flowholder 326}","{flowholder 2274}","96.98381254673447","""""","9.9","false","{all-links}","0.0012949962612424316","""default""","""none"""
"{flowholder 326}","{flowholder 2389}","96.97842838330881","""""","9.9","false","{all-links}","0.0017257293352952452","""default""","""none"""
"{flowholder 327}","{flowholder 613}","96.99459834877914","""""","9.9","false","{all-links}","4.3213209766919115E-4","""default""","""none"""
"{flowholder 327}","{flowholder 1696}","97","""""","9.9","false","{all-links}","0","""default""","""none"""
"{flowholder 328}","{flowholder 352}","96.90896129559431","""""","9.9","false","{all-links}","0.007283096352455232","""default""","""none"""
"{flowholder 328}","{flowholder 461}","96.84569847970454","""""","9.9","false","{all-links}","0.012344121623636984","""default""","""none"""
"{flowholder 328}","{flowholder 710}","96.94624533322164","""""","9.9","false","{all-links}","0.004300373342268804","""default""","""none"""
"{flowholder 330}","{flowholder 341}","96.99459834877914","""""","9.9","false","{all-links}","4.3213209766919115E-4","""default""","""none"""
"{flowholder 330}","{flowholder 1154}","97","""""","9.9","false","{all-links}","0","""default""","""none"""
"{flowholder 331}","{flowholder 762}","96.50230385230823","""""","9.9","false","{all-links}","0.03981569181534157","""default""","""none"""
"{flowholder 331}","{flowholder 2202}","96.51692736242484","""""","9.9","false","{all-links}","0.03864581100601301","""default""","""none"""
"{flowholder 331}","{flowholder 2407}","96.99459834877914","""""","9.9","false","{all-links}","4.3213209766919115E-4","""default""","""none"""
"{flowholder 332}","{flowholder 1920}","96.89836042619866","""""","9.9","false","{all-links}","0.008131165904106874","""default""","""none"""
"{flowholder 332}","{flowholder 2429}","96.96767750019758","""""","9.9","false","{all-links}","0.002585799984193482","""default""","""none"""
"{flowholder 333}","{flowholder 1411}","96.99459834877914","""""","9.9","false","{all-links}","4.3213209766919115E-4","""default""","""none"""
"{flowholder 333}","{flowholder 2208}","97","""""","9.9","false","{all-links}","0","""default""","""none"""
"{flowholder 334}","{flowholder 367}","96.94090175479293","""""","9.9","false","{all-links}","0.004727859616565411","""default""","""none"""
"{flowholder 334}","{flowholder 2065}","96.93556394919374","""""","9.9","false","{all-links}","0.0051548840645011754","""default""","""none"""
"{flowholder 335}","{flowholder 1637}","96.98920253312531","""""","9.9","false","{all-links}","8.637973499753482E-4","""default""","""none"""
"{flowholder 335}","{flowholder 1902}","96.99459834877914","""""","9.9","false","{all-links}","4.3213209766919115E-4","""default""","""none"""
"{flowholder 336}","{flowholder 1501}","97","""""","9.9","false","{all-links}","0","""default""","""none"""
"{flowholder 336}","{flowholder 2370}","97","""""","9.9","false","{all-links}","0","""default""","""none"""
"{flowholder 337}","{flowholder 402}","96.94090175479293","""""","9.9","false","{all-links}","0.004727859616565411","""default""","""none"""
"{flowholder 337}","{flowholder 2039}","96.93556394919374","""""","9.9","false","{all-links}","0.0051548840645011754","""default""","""none"""
"{flowholder 338}","{flowholder 930}","96.99459834877914","""""","9.9","false","{all-links}","4.3213209766919115E-4","""default""","""none"""
"{flowholder 338}","{flowholder 1837}","96.98381254673447","""""","9.9","false","{all-links}","0.0012949962612424316","""default""","""none"""
"{flowholder 339}","{flowholder 1841}","96.89836042619866","""""","9.9","false","{all-links}","0.008131165904106874","""default""","""none"""
"{flowholder 339}","{flowholder 2276}","96.97842838330881","""""","9.9","false","{all-links}","0.0017257293352952452","""default""","""none"""
"{flowholder 339}","{flowholder 2355}","96.93023191018736","""""","9.9","false","{all-links}","0.005581447185011257","""default""","""none"""
"{flowholder 341}","{flowholder 1300}","96.94090175479293","""""","9.9","false","{all-links}","0.004727859616565411","""default""","""none"""
"{flowholder 342}","{flowholder 1657}","96.95694983354709","""""","9.9","false","{all-links}","0.0034440133162331856","""default""","""none"""
"{flowholder 342}","{flowholder 2035}","96.96231076795068","""""","9.9","false","{all-links}","0.0030151385639453744","""default""","""none"""
"{flowholder 344}","{flowholder 994}","97","""""","9.9","false","{all-links}","0","""default""","""none"""
"{flowholder 345}","{flowholder 618}","96.98920253312531","""""","9.9","false","{all-links}","8.637973499753482E-4","""default""","""none"""
"{flowholder 346}","{flowholder 2076}","97","""""","9.9","false","{all-links}","0","""default""","""none"""
"{flowholder 347}","{flowholder 2139}","97","""""","9.9","false","{all-links}","0","""default""","""none"""
"{flowholder 348}","{flowholder 577}","96.93023191018736","""""","9.9","false","{all-links}","0.005581447185011257","""default""","""none"""
"{flowholder 348}","{flowholder 2321}","96.93556394919374","""""","9.9","false","{all-links}","0.0051548840645011754","""default""","""none"""
"{flowholder 349}","{flowholder 872}","96.7420669951447","""""","9.9","false","{all-links}","0.020634640388424243","""default""","""none"""
"{flowholder 349}","{flowholder 1311}","96.73694399674982","""""","9.9","false","{all-links}","0.0210444802600148","""default""","""none"""
"{flowholder 351}","{flowholder 2164}","96.98920253312531","""""","9.9","false","{all-links}","8.637973499753482E-4","""default""","""none"""
"{flowholder 352}","{flowholder 1172}","96.92490563154387","""""","9.9","false","{all-links}","0.0060075494764908035","""default""","""none"""
"{flowholder 352}","{flowholder 1876}","96.99459834877914","""""","9.9","false","{all-links}","4.3213209766919115E-4","""default""","""none"""
"{flowholder 353}","{flowholder 1103}","97","""""","9.9","false","{all-links}","0","""default""","""none"""
"{flowholder 353}","{flowholder 2109}","96.97305003655786","""""","9.9","false","{all-links}","0.002155997075370797","""default""","""none"""
"{flowholder 353}","{flowholder 2214}","96.98381254673447","""""","9.9","false","{all-links}","0.0012949962612424316","""default""","""none"""
"{flowholder 354}","{flowholder 1486}","97","""""","9.9","false","{all-links}","0","""default""","""none"""
"{flowholder 355}","{flowholder 550}","96.81437346207397","""""","9.9","false","{all-links}","0.014850123034082108","""default""","""none"""
"{flowholder 355}","{flowholder 1308}","92.68720639786974","""""","9.9","false","{all-links}","0.3450234881704205","""default""","""none"""
"{flowholder 355}","{flowholder 2413}","96.98920253312531","""""","9.9","false","{all-links}","8.637973499753482E-4","""default""","""none"""
"{flowholder 355}","{flowholder 2450}","92.71757053508665","""""","9.9","false","{all-links}","0.34259435719306797","""default""","""none"""
"{flowholder 356}","{flowholder 2316}","97","""""","9.9","false","{all-links}","0","""default""","""none"""
"{flowholder 356}","{flowholder 2369}","96.99459834877914","""""","9.9","false","{all-links}","4.3213209766919115E-4","""default""","""none"""
"{flowholder 357}","{flowholder 729}","97","""""","9.9","false","{all-links}","0","""default""","""none"""
"{flowholder 357}","{flowholder 1423}","94.9728413288644","""""","9.9","false","{all-links}","0.1621726936908476","""default""","""none"""
"{flowholder 357}","{flowholder 2165}","94.88421444563252","""""","9.9","false","{all-links}","0.16926284434939817","""default""","""none"""
"{flowholder 357}","{flowholder 2182}","96.86669497541706","""""","9.9","false","{all-links}","0.010664401966635052","""default""","""none"""
"{flowholder 358}","{flowholder 549}","97","""""","9.9","false","{all-links}","0","""default""","""none"""
"{flowholder 360}","{flowholder 838}","97","""""","9.9","false","{all-links}","0","""default""","""none"""
"{flowholder 360}","{flowholder 2051}","96.99459834877914","""""","9.9","false","{all-links}","4.3213209766919115E-4","""default""","""none"""
"{flowholder 361}","{flowholder 463}","97","""""","9.9","false","{all-links}","0","""default""","""none"""
"{flowholder 362}","{flowholder 1095}","97","""""","9.9","false","{all-links}","0","""default""","""none"""
"{flowholder 363}","{flowholder 584}","96.76261445383378","""""","9.9","false","{all-links}","0.018990843693297867","""default""","""none"""
"{flowholder 363}","{flowholder 1179}","96.77292154629208","""""","9.9","false","{all-links}","0.01816627629663343","""default""","""none"""
"{flowholder 363}","{flowholder 1653}","97","""""","9.9","false","{all-links}","0","""default""","""none"""
"{flowholder 364}","{flowholder 1692}","96.98920253312531","""""","9.9","false","{all-links}","8.637973499753482E-4","""default""","""none"""
"{flowholder 366}","{flowholder 560}","97","""""","9.9","false","{all-links}","0","""default""","""none"""
"{flowholder 366}","{flowholder 1569}","96.97305003655786","""""","9.9","false","{all-links}","0.002155997075370797","""default""","""none"""
"{flowholder 366}","{flowholder 2403}","96.96231076795068","""""","9.9","false","{all-links}","0.0030151385639453744","""default""","""none"""
"{flowholder 368}","{flowholder 411}","96.93556394919374","""""","9.9","false","{all-links}","0.0051548840645011754","""default""","""none"""
"{flowholder 368}","{flowholder 1724}","96.95159469072291","""""","9.9","false","{all-links}","0.0038724247421669136","""default""","""none"""
"{flowholder 368}","{flowholder 2144}","96.99459834877914","""""","9.9","false","{all-links}","4.3213209766919115E-4","""default""","""none"""
"{flowholder 369}","{flowholder 1370}","96.91427033046035","""""","9.9","false","{all-links}","0.006858373563171672","""default""","""none"""
"{flowholder 369}","{flowholder 1940}","96.94624533322164","""""","9.9","false","{all-links}","0.004300373342268804","""default""","""none"""
"{flowholder 370}","{flowholder 1367}","96.44428171635371","""""","9.9","false","{all-links}","0.04445746269170288","""default""","""none"""
"{flowholder 370}","{flowholder 1879}","96.4394804244019","""""","9.9","false","{all-links}","0.04484156604784744","""default""","""none"""
"{flowholder 371}","{flowholder 738}","96.94090175479293","""""","9.9","false","{all-links}","0.004727859616565411","""default""","""none"""
"{flowholder 371}","{flowholder 2135}","96.94624533322164","""""","9.9","false","{all-links}","0.004300373342268804","""default""","""none"""
"{flowholder 372}","{flowholder 1714}","97","""""","9.9","false","{all-links}","0","""default""","""none"""
"{flowholder 373}","{flowholder 1606}","97","""""","9.9","false","{all-links}","0","""default""","""none"""
"{flowholder 374}","{flowholder 1930}","96.73182653288517","""""","9.9","false","{all-links}","0.021453877369186802","""default""","""none"""
"{flowholder 374}","{flowholder 2475}","96.7420669951447","""""","9.9","false","{all-links}","0.020634640388424243","""default""","""none"""
"{flowholder 375}","{flowholder 1119}","96.99459834877914","""""","9.9","false","{all-links}","4.3213209766919115E-4","""default""","""none"""
"{flowholder 376}","{flowholder 740}","96.98381254673447","""""","9.9","false","{all-links}","0.0012949962612424316","""default""","""none"""
"{flowholder 376}","{flowholder 2308}","96.98920253312531","""""","9.9","false","{all-links}","8.637973499753482E-4","""default""","""none"""
"{flowholder 377}","{flowholder 689}","96.99459834877914","""""","9.9","false","{all-links}","4.3213209766919115E-4","""default""","""none"""
"{flowholder 377}","{flowholder 2355}","96.93556394919374","""""","9.9","false","{all-links}","0.0051548840645011754","""default""","""none"""
"{flowholder 378}","{flowholder 545}","96.97305003655786","""""","9.9","false","{all-links}","0.002155997075370797","""default""","""none"""
"{flowholder 378}","{flowholder 1689}","96.99459834877914","""""","9.9","false","{all-links}","4.3213209766919115E-4","""default""","""none"""
"{flowholder 378}","{flowholder 1816}","96.98920253312531","""""","9.9","false","{all-links}","8.637973499753482E-4","""default""","""none"""
"{flowholder 379}","{flowholder 2006}","96.99459834877914","""""","9.9","false","{all-links}","4.3213209766919115E-4","""default""","""none"""
"{flowholder 380}","{flowholder 429}","96.99459834877914","""""","9.9","false","{all-links}","4.3213209766919115E-4","""default""","""none"""
"{flowholder 380}","{flowholder 2181}","96.98920253312531","""""","9.9","false","{all-links}","8.637973499753482E-4","""default""","""none"""
"{flowholder 382}","{flowholder 1674}","97","""""","9.9","false","{all-links}","0","""default""","""none"""
"{flowholder 383}","{flowholder 2348}","97","""""","9.9","false","{all-links}","0","""default""","""none"""
"{flowholder 384}","{flowholder 1537}","96.97842838330881","""""","9.9","false","{all-links}","0.0017257293352952452","""default""","""none"""
"{flowholder 384}","{flowholder 2082}","96.97305003655786","""""","9.9","false","{all-links}","0.002155997075370797","""default""","""none"""
"{flowholder 385}","{flowholder 611}","96.99459834877914","""""","9.9","false","{all-links}","4.3213209766919115E-4","""default""","""none"""
"{flowholder 385}","{flowholder 1727}","97","""""","9.9","false","{all-links}","0","""default""","""none"""
"{flowholder 386}","{flowholder 751}","96.93023191018736","""""","9.9","false","{all-links}","0.005581447185011257","""default""","""none"""
"{flowholder 386}","{flowholder 1269}","96.93556394919374","""""","9.9","false","{all-links}","0.0051548840645011754","""default""","""none"""
"{flowholder 387}","{flowholder 774}","96.8195802003286","""""","9.9","false","{all-links}","0.01443358397371184","""default""","""none"""
"{flowholder 387}","{flowholder 1576}","96.78842402431404","""""","9.9","false","{all-links}","0.016926078054876826","""default""","""none"""
"{flowholder 387}","{flowholder 2325}","96.97842838330881","""""","9.9","false","{all-links}","0.0017257293352952452","""default""","""none"""
"{flowholder 388}","{flowholder 1695}","96.92490563154387","""""","9.9","false","{all-links}","0.0060075494764908035","""default""","""none"""
"{flowholder 389}","{flowholder 1995}","97","""""","9.9","false","{all-links}","0","""default""","""none"""
"{flowholder 390}","{flowholder 1570}","96.99459834877914","""""","9.9","false","{all-links}","4.3213209766919115E-4","""default""","""none"""
"{flowholder 391}","{flowholder 1838}","96.96231076795068","""""","9.9","false","{all-links}","0.0030151385639453744","""default""","""none"""
"{flowholder 391}","{flowholder 1917}","96.86143733764582","""""","9.9","false","{all-links}","0.01108501298833402","""default""","""none"""
"{flowholder 391}","{flowholder 1922}","96.81437346207397","""""","9.9","false","{all-links}","0.014850123034082108","""default""","""none"""
"{flowholder 392}","{flowholder 424}","96.9195851070404","""""","9.9","false","{all-links}","0.006433191436767638","""default""","""none"""
"{flowholder 392}","{flowholder 577}","96.92490563154387","""""","9.9","false","{all-links}","0.0060075494764908035","""default""","""none"""
"{flowholder 394}","{flowholder 592}","97","""""","9.9","false","{all-links}","0","""default""","""none"""
"{flowholder 395}","{flowholder 672}","96.97842838330881","""""","9.9","false","{all-links}","0.0017257293352952452","""default""","""none"""
"{flowholder 396}","{flowholder 747}","97","""""","9.9","false","{all-links}","0","""default""","""none"""
"{flowholder 397}","{flowholder 991}","97","""""","9.9","false","{all-links}","0","""default""","""none"""
"{flowholder 399}","{flowholder 869}","97","""""","9.9","false","{all-links}","0","""default""","""none"""
"{flowholder 400}","{flowholder 1636}","96.80397685447815","""""","9.9","false","{all-links}","0.015681851641747936","""default""","""none"""
"{flowholder 401}","{flowholder 1457}","96.98381254673447","""""","9.9","false","{all-links}","0.0012949962612424316","""default""","""none"""
"{flowholder 401}","{flowholder 1890}","96.99459834877914","""""","9.9","false","{all-links}","4.3213209766919115E-4","""default""","""none"""
"{flowholder 402}","{flowholder 607}","96.94624533322164","""""","9.9","false","{all-links}","0.004300373342268804","""default""","""none"""
"{flowholder 403}","{flowholder 1729}","96.98381254673447","""""","9.9","false","{all-links}","0.0012949962612424316","""default""","""none"""
"{flowholder 403}","{flowholder 1947}","96.97842838330881","""""","9.9","false","{all-links}","0.0017257293352952452","""default""","""none"""
"{flowholder 404}","{flowholder 2160}","96.99459834877914","""""","9.9","false","{all-links}","4.3213209766919115E-4","""default""","""none"""
"{flowholder 405}","{flowholder 1116}","97","""""","9.9","false","{all-links}","0","""default""","""none"""
"{flowholder 408}","{flowholder 1681}","96.98920253312531","""""","9.9","false","{all-links}","8.637973499753482E-4","""default""","""none"""
"{flowholder 408}","{flowholder 2325}","96.98381254673447","""""","9.9","false","{all-links}","0.0012949962612424316","""default""","""none"""
"{flowholder 409}","{flowholder 894}","97","""""","9.9","false","{all-links}","0","""default""","""none"""
"{flowholder 409}","{flowholder 1061}","96.79878697298982","""""","9.9","false","{all-links}","0.01609704216081469","""default""","""none"""
"{flowholder 409}","{flowholder 1545}","92.91712041511721","""""","9.9","false","{all-links}","0.3266303667906232","""default""","""none"""
"{flowholder 409}","{flowholder 2458}","92.87736341846103","""""","9.9","false","{all-links}","0.3298109265231176","""default""","""none"""
"{flowholder 410}","{flowholder 1426}","96.99459834877914","""""","9.9","false","{all-links}","4.3213209766919115E-4","""default""","""none"""
"{flowholder 410}","{flowholder 2333}","96.98920253312531","""""","9.9","false","{all-links}","8.637973499753482E-4","""default""","""none"""
"{flowholder 411}","{flowholder 516}","96.93023191018736","""""","9.9","false","{all-links}","0.005581447185011257","""default""","""none"""
"{flowholder 412}","{flowholder 1291}","97","""""","9.9","false","{all-links}","0","""default""","""none"""
"{flowholder 413}","{flowholder 2247}","96.57095443968623","""""","9.9","false","{all-links}","0.034323644825101376","""default""","""none"""
"{flowholder 413}","{flowholder 2422}","96.56601629936017","""""","9.9","false","{all-links}","0.03471869605118627","""default""","""none"""
"{flowholder 414}","{flowholder 2040}","97","""""","9.9","false","{all-links}","0","""default""","""none"""
"{flowholder 416}","{flowholder 2185}","97","""""","9.9","false","{all-links}","0","""default""","""none"""
"{flowholder 417}","{flowholder 861}","96.97842838330881","""""","9.9","false","{all-links}","0.0017257293352952452","""default""","""none"""
"{flowholder 417}","{flowholder 2389}","96.97305003655786","""""","9.9","false","{all-links}","0.002155997075370797","""default""","""none"""
"{flowholder 418}","{flowholder 825}","96.8825020301033","""""","9.9","false","{all-links}","0.009399837591736305","""default""","""none"""
"{flowholder 418}","{flowholder 1364}","96.88778244931022","""""","9.9","false","{all-links}","0.008977404055182214","""default""","""none"""
"{flowholder 419}","{flowholder 1435}","96.97842838330881","""""","9.9","false","{all-links}","0.0017257293352952452","""default""","""none"""
"{flowholder 419}","{flowholder 1817}","96.96767750019758","""""","9.9","false","{all-links}","0.002585799984193482","""default""","""none"""
"{flowholder 420}","{flowholder 1145}","97","""""","9.9","false","{all-links}","0","""default""","""none"""
"{flowholder 421}","{flowholder 895}","97","""""","9.9","false","{all-links}","0","""default""","""none"""
"{flowholder 421}","{flowholder 2328}","96.99459834877914","""""","9.9","false","{all-links}","4.3213209766919115E-4","""default""","""none"""
"{flowholder 422}","{flowholder 1618}","96.90896129559431","""""","9.9","false","{all-links}","0.007283096352455232","""default""","""none"""
"{flowholder 422}","{flowholder 1670}","96.9036579962392","""""","9.9","false","{all-links}","0.007707360300863675","""default""","""none"""
"{flowholder 423}","{flowholder 683}","97","""""","9.9","false","{all-links}","0","""default""","""none"""
"{flowholder 423}","{flowholder 1357}","96.97842838330881","""""","9.9","false","{all-links}","0.0017257293352952452","""default""","""none"""
"{flowholder 423}","{flowholder 1645}","96.96767750019758","""""","9.9","false","{all-links}","0.002585799984193482","""default""","""none"""
"{flowholder 424}","{flowholder 1422}","96.98381254673447","""""","9.9","false","{all-links}","0.0012949962612424316","""default""","""none"""
"{flowholder 424}","{flowholder 1937}","96.89306857928337","""""","9.9","false","{all-links}","0.008554513657330754","""default""","""none"""
"{flowholder 425}","{flowholder 1625}","96.98381254673447","""""","9.9","false","{all-links}","0.0012949962612424316","""default""","""none"""
"{flowholder 425}","{flowholder 2480}","96.98920253312531","""""","9.9","false","{all-links}","8.637973499753482E-4","""default""","""none"""
"{flowholder 426}","{flowholder 1221}","97","""""","9.9","false","{all-links}","0","""default""","""none"""
"{flowholder 427}","{flowholder 980}","96.87722731549293","""""","9.9","false","{all-links}","0.00982181476056554","""default""","""none"""
"{flowholder 427}","{flowholder 1785}","96.8825020301033","""""","9.9","false","{all-links}","0.009399837591736305","""default""","""none"""
"{flowholder 428}","{flowholder 657}","96.96231076795068","""""","9.9","false","{all-links}","0.0030151385639453744","""default""","""none"""
"{flowholder 428}","{flowholder 2449}","96.70123764045032","""""","9.9","false","{all-links}","0.02390098876397473","""default""","""none"""
"{flowholder 428}","{flowholder 2491}","96.65572466805611","""""","9.9","false","{all-links}","0.02754202655551126","""default""","""none"""
"{flowholder 429}","{flowholder 1704}","97","""""","9.9","false","{all-links}","0","""default""","""none"""
"{flowholder 430}","{flowholder 1869}","97","""""","9.9","false","{all-links}","0","""default""","""none"""
"{flowholder 431}","{flowholder 2260}","97","""""","9.9","false","{all-links}","0","""default""","""none"""
"{flowholder 432}","{flowholder 1121}","96.93556394919374","""""","9.9","false","{all-links}","0.0051548840645011754","""default""","""none"""
"{flowholder 432}","{flowholder 1762}","96.9195851070404","""""","9.9","false","{all-links}","0.006433191436767638","""default""","""none"""
"{flowholder 432}","{flowholder 1764}","96.99459834877914","""""","9.9","false","{all-links}","4.3213209766919115E-4","""default""","""none"""
"{flowholder 433}","{flowholder 1008}","96.98920253312531","""""","9.9","false","{all-links}","8.637973499753482E-4","""default""","""none"""
"{flowholder 433}","{flowholder 1461}","96.02358845078746","""""","9.9","false","{all-links}","0.0781129239370034","""default""","""none"""
"{flowholder 434}","{flowholder 858}","96.96231076795068","""""","9.9","false","{all-links}","0.0030151385639453744","""default""","""none"""
"{flowholder 434}","{flowholder 1113}","97","""""","9.9","false","{all-links}","0","""default""","""none"""
"{flowholder 434}","{flowholder 2385}","96.97305003655786","""""","9.9","false","{all-links}","0.002155997075370797","""default""","""none"""
"{flowholder 435}","{flowholder 442}","96.85093909592251","""""","9.9","false","{all-links}","0.011924872326198967","""default""","""none"""
"{flowholder 435}","{flowholder 1982}","97","""""","9.9","false","{all-links}","0","""default""","""none"""
"{flowholder 436}","{flowholder 450}","97","""""","9.9","false","{all-links}","0","""default""","""none"""
"{flowholder 437}","{flowholder 1421}","97","""""","9.9","false","{all-links}","0","""default""","""none"""
"{flowholder 438}","{flowholder 726}","96.99459834877914","""""","9.9","false","{all-links}","4.3213209766919115E-4","""default""","""none"""
"{flowholder 439}","{flowholder 762}","96.27004530002873","""""","9.9","false","{all-links}","0.058396375997701845","""default""","""none"""
"{flowholder 439}","{flowholder 1827}","96.265432240947","""""","9.9","false","{all-links}","0.05876542072423945","""default""","""none"""
"{flowholder 440}","{flowholder 2239}","96.93556394919374","""""","9.9","false","{all-links}","0.0051548840645011754","""default""","""none"""
"{flowholder 440}","{flowholder 2493}","96.94090175479293","""""","9.9","false","{all-links}","0.004727859616565411","""default""","""none"""
"{flowholder 441}","{flowholder 809}","97","""""","9.9","false","{all-links}","0","""default""","""none"""
"{flowholder 442}","{flowholder 846}","96.84569847970454","""""","9.9","false","{all-links}","0.012344121623636984","""default""","""none"""
"{flowholder 443}","{flowholder 1258}","96.99459834877914","""""","9.9","false","{all-links}","4.3213209766919115E-4","""default""","""none"""
"{flowholder 443}","{flowholder 2497}","96.98920253312531","""""","9.9","false","{all-links}","8.637973499753482E-4","""default""","""none"""
"{flowholder 444}","{flowholder 826}","96.95694983354709","""""","9.9","false","{all-links}","0.0034440133162331856","""default""","""none"""
"{flowholder 444}","{flowholder 1099}","96.95159469072291","""""","9.9","false","{all-links}","0.0038724247421669136","""default""","""none"""
"{flowholder 445}","{flowholder 1939}","97","""""","9.9","false","{all-links}","0","""default""","""none"""
"{flowholder 447}","{flowholder 745}","97","""""","9.9","false","{all-links}","0","""default""","""none"""
"{flowholder 448}","{flowholder 1785}","97","""""","9.9","false","{all-links}","0","""default""","""none"""
"{flowholder 449}","{flowholder 835}","96.97842838330881","""""","9.9","false","{all-links}","0.0017257293352952452","""default""","""none"""
"{flowholder 449}","{flowholder 2273}","96.98920253312531","""""","9.9","false","{all-links}","8.637973499753482E-4","""default""","""none"""
"{flowholder 450}","{flowholder 1507}","96.95159469072291","""""","9.9","false","{all-links}","0.0038724247421669136","""default""","""none"""
"{flowholder 450}","{flowholder 2082}","96.96231076795068","""""","9.9","false","{all-links}","0.0030151385639453744","""default""","""none"""
"{flowholder 451}","{flowholder 755}","96.99459834877914","""""","9.9","false","{all-links}","4.3213209766919115E-4","""default""","""none"""
"{flowholder 451}","{flowholder 2207}","96.97305003655786","""""","9.9","false","{all-links}","0.002155997075370797","""default""","""none"""
"{flowholder 451}","{flowholder 2452}","96.95694983354709","""""","9.9","false","{all-links}","0.0034440133162331856","""default""","""none"""
"{flowholder 452}","{flowholder 591}","96.97842838330881","""""","9.9","false","{all-links}","0.0017257293352952452","""default""","""none"""
"{flowholder 452}","{flowholder 632}","96.98920253312531","""""","9.9","false","{all-links}","8.637973499753482E-4","""default""","""none"""
"{flowholder 452}","{flowholder 2359}","97","""""","9.9","false","{all-links}","0","""default""","""none"""
"{flowholder 453}","{flowholder 1123}","96.99459834877914","""""","9.9","false","{all-links}","4.3213209766919115E-4","""default""","""none"""
"{flowholder 453}","{flowholder 1612}","97","""""","9.9","false","{all-links}","0","""default""","""none"""
"{flowholder 454}","{flowholder 561}","96.87195829931616","""""","9.9","false","{all-links}","0.010243336054706998","""default""","""none"""
"{flowholder 454}","{flowholder 631}","96.8825020301033","""""","9.9","false","{all-links}","0.009399837591736305","""default""","""none"""
"{flowholder 454}","{flowholder 782}","97","""""","9.9","false","{all-links}","0","""default""","""none"""
"{flowholder 455}","{flowholder 599}","96.98920253312531","""""","9.9","false","{all-links}","8.637973499753482E-4","""default""","""none"""
"{flowholder 457}","{flowholder 793}","96.98920253312531","""""","9.9","false","{all-links}","8.637973499753482E-4","""default""","""none"""
"{flowholder 458}","{flowholder 873}","96.95159469072291","""""","9.9","false","{all-links}","0.0038724247421669136","""default""","""none"""
"{flowholder 460}","{flowholder 978}","96.90896129559431","""""","9.9","false","{all-links}","0.007283096352455232","""default""","""none"""
"{flowholder 460}","{flowholder 1576}","96.9036579962392","""""","9.9","false","{all-links}","0.007707360300863675","""default""","""none"""
"{flowholder 461}","{flowholder 554}","96.84046352508277","""""","9.9","false","{all-links}","0.012762917993378543","""default""","""none"""
"{flowholder 462}","{flowholder 814}","96.89836042619866","""""","9.9","false","{all-links}","0.008131165904106874","""default""","""none"""
"{flowholder 462}","{flowholder 1353}","96.66580043318034","""""","9.9","false","{all-links}","0.026735965345573032","""default""","""none"""
"{flowholder 462}","{flowholder 1899}","96.77292154629208","""""","9.9","false","{all-links}","0.01816627629663343","""default""","""none"""
"{flowholder 463}","{flowholder 523}","96.95694983354709","""""","9.9","false","{all-links}","0.0034440133162331856","""default""","""none"""
"{flowholder 463}","{flowholder 1115}","96.96767750019758","""""","9.9","false","{all-links}","0.002585799984193482","""default""","""none"""
"{flowholder 465}","{flowholder 1062}","96.99459834877914","""""","9.9","false","{all-links}","4.3213209766919115E-4","""default""","""none"""
"{flowholder 465}","{flowholder 2040}","96.98920253312531","""""","9.9","false","{all-links}","8.637973499753482E-4","""default""","""none"""
"{flowholder 466}","{flowholder 1390}","97","""""","9.9","false","{all-links}","0","""default""","""none"""
"{flowholder 466}","{flowholder 2000}","96.99459834877914","""""","9.9","false","{all-links}","4.3213209766919115E-4","""default""","""none"""
"{flowholder 467}","{flowholder 961}","97","""""","9.9","false","{all-links}","0","""default""","""none"""
"{flowholder 468}","{flowholder 2317}","97","""""","9.9","false","{all-links}","0","""default""","""none"""
"{flowholder 469}","{flowholder 494}","96.98920253312531","""""","9.9","false","{all-links}","8.637973499753482E-4","""default""","""none"""
"{flowholder 469}","{flowholder 1749}","96.99459834877914","""""","9.9","false","{all-links}","4.3213209766919115E-4","""default""","""none"""
"{flowholder 470}","{flowholder 890}","96.98920253312531","""""","9.9","false","{all-links}","8.637973499753482E-4","""default""","""none"""
"{flowholder 470}","{flowholder 1355}","96.99459834877914","""""","9.9","false","{all-links}","4.3213209766919115E-4","""default""","""none"""
"{flowholder 471}","{flowholder 1670}","96.87722731549293","""""","9.9","false","{all-links}","0.00982181476056554","""default""","""none"""
"{flowholder 471}","{flowholder 2067}","96.99459834877914","""""","9.9","false","{all-links}","4.3213209766919115E-4","""default""","""none"""
"{flowholder 472}","{flowholder 1269}","96.94090175479293","""""","9.9","false","{all-links}","0.004727859616565411","""default""","""none"""
"{flowholder 472}","{flowholder 2097}","96.95159469072291","""""","9.9","false","{all-links}","0.0038724247421669136","""default""","""none"""
"{flowholder 472}","{flowholder 2102}","97","""""","9.9","false","{all-links}","0","""default""","""none"""
"{flowholder 474}","{flowholder 990}","96.78325094501852","""""","9.9","false","{all-links}","0.01733992439851817","""default""","""none"""
"{flowholder 474}","{flowholder 2421}","96.77808345435714","""""","9.9","false","{all-links}","0.017753323651428454","""default""","""none"""
"{flowholder 475}","{flowholder 1875}","96.76776521479256","""""","9.9","false","{all-links}","0.018578782816595085","""default""","""none"""
"{flowholder 475}","{flowholder 2020}","96.77808345435714","""""","9.9","false","{all-links}","0.017753323651428454","""default""","""none"""
"{flowholder 475}","{flowholder 2472}","97","""""","9.9","false","{all-links}","0","""default""","""none"""
"{flowholder 478}","{flowholder 640}","97","""""","9.9","false","{all-links}","0","""default""","""none"""
"{flowholder 479}","{flowholder 1807}","96.99459834877914","""""","9.9","false","{all-links}","4.3213209766919115E-4","""default""","""none"""
"{flowholder 481}","{flowholder 2057}","97","""""","9.9","false","{all-links}","0","""default""","""none"""
"{flowholder 482}","{flowholder 1290}","97","""""","9.9","false","{all-links}","0","""default""","""none"""
"{flowholder 483}","{flowholder 1796}","97","""""","9.9","false","{all-links}","0","""default""","""none"""
"{flowholder 484}","{flowholder 624}","97","""""","9.9","false","{all-links}","0","""default""","""none"""
"{flowholder 485}","{flowholder 1515}","97","""""","9.9","false","{all-links}","0","""default""","""none"""
"{flowholder 486}","{flowholder 1743}","97","""""","9.9","false","{all-links}","0","""default""","""none"""
"{flowholder 486}","{flowholder 2086}","96.73182653288517","""""","9.9","false","{all-links}","0.021453877369186802","""default""","""none"""
"{flowholder 487}","{flowholder 896}","96.84569847970454","""""","9.9","false","{all-links}","0.012344121623636984","""default""","""none"""
"{flowholder 487}","{flowholder 1427}","96.86669497541706","""""","9.9","false","{all-links}","0.010664401966635052","""default""","""none"""
"{flowholder 487}","{flowholder 1662}","97","""""","9.9","false","{all-links}","0","""default""","""none"""
"{flowholder 487}","{flowholder 2080}","96.99459834877914","""""","9.9","false","{all-links}","4.3213209766919115E-4","""default""","""none"""
"{flowholder 489}","{flowholder 983}","97","""""","9.9","false","{all-links}","0","""default""","""none"""
"{flowholder 489}","{flowholder 1496}","96.92490563154387","""""","9.9","false","{all-links}","0.0060075494764908035","""default""","""none"""
"{flowholder 489}","{flowholder 2236}","96.93556394919374","""""","9.9","false","{all-links}","0.0051548840645011754","""default""","""none"""
"{flowholder 490}","{flowholder 1267}","97","""""","9.9","false","{all-links}","0","""default""","""none"""
"{flowholder 490}","{flowholder 1619}","97","""""","9.9","false","{all-links}","0","""default""","""none"""
"{flowholder 490}","{flowholder 1837}","96.98920253312531","""""","9.9","false","{all-links}","8.637973499753482E-4","""default""","""none"""
"{flowholder 491}","{flowholder 2172}","97","""""","9.9","false","{all-links}","0","""default""","""none"""
"{flowholder 492}","{flowholder 904}","97","""""","9.9","false","{all-links}","0","""default""","""none"""
"{flowholder 493}","{flowholder 525}","96.99459834877914","""""","9.9","false","{all-links}","4.3213209766919115E-4","""default""","""none"""
"{flowholder 493}","{flowholder 666}","97","""""","9.9","false","{all-links}","0","""default""","""none"""
"{flowholder 494}","{flowholder 1699}","96.98381254673447","""""","9.9","false","{all-links}","0.0012949962612424316","""default""","""none"""
"{flowholder 496}","{flowholder 1919}","97","""""","9.9","false","{all-links}","0","""default""","""none"""
"{flowholder 497}","{flowholder 1140}","97","""""","9.9","false","{all-links}","0","""default""","""none"""
"{flowholder 498}","{flowholder 1925}","97","""""","9.9","false","{all-links}","0","""default""","""none"""
"{flowholder 499}","{flowholder 1994}","97","""""","9.9","false","{all-links}","0","""default""","""none"""
"{flowholder 502}","{flowholder 2349}","97","""""","9.9","false","{all-links}","0","""default""","""none"""
"{flowholder 503}","{flowholder 1129}","97","""""","9.9","false","{all-links}","0","""default""","""none"""
"{flowholder 504}","{flowholder 816}","97","""""","9.9","false","{all-links}","0","""default""","""none"""
"{flowholder 505}","{flowholder 862}","97","""""","9.9","false","{all-links}","0","""default""","""none"""
"{flowholder 506}","{flowholder 749}","97","""""","9.9","false","{all-links}","0","""default""","""none"""
"{flowholder 506}","{flowholder 2083}","96.99459834877914","""""","9.9","false","{all-links}","4.3213209766919115E-4","""default""","""none"""
"{flowholder 507}","{flowholder 923}","97","""""","9.9","false","{all-links}","0","""default""","""none"""
"{flowholder 508}","{flowholder 655}","96.98920253312531","""""","9.9","false","{all-links}","8.637973499753482E-4","""default""","""none"""
"{flowholder 508}","{flowholder 974}","96.99459834877914","""""","9.9","false","{all-links}","4.3213209766919115E-4","""default""","""none"""
"{flowholder 509}","{flowholder 841}","97","""""","9.9","false","{all-links}","0","""default""","""none"""
"{flowholder 509}","{flowholder 1620}","96.99459834877914","""""","9.9","false","{all-links}","4.3213209766919115E-4","""default""","""none"""
"{flowholder 510}","{flowholder 1940}","96.95694983354709","""""","9.9","false","{all-links}","0.0034440133162331856","""default""","""none"""
"{flowholder 510}","{flowholder 1988}","97","""""","9.9","false","{all-links}","0","""default""","""none"""
"{flowholder 511}","{flowholder 533}","96.99459834877914","""""","9.9","false","{all-links}","4.3213209766919115E-4","""default""","""none"""
"{flowholder 511}","{flowholder 1238}","97","""""","9.9","false","{all-links}","0","""default""","""none"""
"{flowholder 512}","{flowholder 1168}","97","""""","9.9","false","{all-links}","0","""default""","""none"""
"{flowholder 512}","{flowholder 1912}","96.99459834877914","""""","9.9","false","{all-links}","4.3213209766919115E-4","""default""","""none"""
"{flowholder 513}","{flowholder 1614}","96.94090175479293","""""","9.9","false","{all-links}","0.004727859616565411","""default""","""none"""
"{flowholder 514}","{flowholder 1489}","96.83523422594067","""""","9.9","false","{all-links}","0.013181261924746668","""default""","""none"""
"{flowholder 514}","{flowholder 1571}","97","""""","9.9","false","{all-links}","0","""default""","""none"""
"{flowholder 514}","{flowholder 2242}","96.84569847970454","""""","9.9","false","{all-links}","0.012344121623636984","""default""","""none"""
"{flowholder 515}","{flowholder 908}","97","""""","9.9","false","{all-links}","0","""default""","""none"""
"{flowholder 515}","{flowholder 1733}","96.95694983354709","""""","9.9","false","{all-links}","0.0034440133162331856","""default""","""none"""
"{flowholder 515}","{flowholder 2057}","96.94624533322164","""""","9.9","false","{all-links}","0.004300373342268804","""default""","""none"""
"{flowholder 516}","{flowholder 1580}","96.92490563154387","""""","9.9","false","{all-links}","0.0060075494764908035","""default""","""none"""
"{flowholder 518}","{flowholder 939}","97","""""","9.9","false","{all-links}","0","""default""","""none"""
"{flowholder 518}","{flowholder 2098}","96.99459834877914","""""","9.9","false","{all-links}","4.3213209766919115E-4","""default""","""none"""
"{flowholder 519}","{flowholder 1664}","96.98920253312531","""""","9.9","false","{all-links}","8.637973499753482E-4","""default""","""none"""
"{flowholder 521}","{flowholder 1233}","97","""""","9.9","false","{all-links}","0","""default""","""none"""
"{flowholder 522}","{flowholder 566}","96.96767750019758","""""","9.9","false","{all-links}","0.002585799984193482","""default""","""none"""
"{flowholder 522}","{flowholder 826}","96.96231076795068","""""","9.9","false","{all-links}","0.0030151385639453744","""default""","""none"""
"{flowholder 523}","{flowholder 1252}","96.95159469072291","""""","9.9","false","{all-links}","0.0038724247421669136","""default""","""none"""
"{flowholder 524}","{flowholder 1387}","96.91427033046035","""""","9.9","false","{all-links}","0.006858373563171672","""default""","""none"""
"{flowholder 524}","{flowholder 2362}","96.92490563154387","""""","9.9","false","{all-links}","0.0060075494764908035","""default""","""none"""
"{flowholder 525}","{flowholder 1829}","96.98920253312531","""""","9.9","false","{all-links}","8.637973499753482E-4","""default""","""none"""
"{flowholder 526}","{flowholder 1195}","97","""""","9.9","false","{all-links}","0","""default""","""none"""
"{flowholder 526}","{flowholder 1368}","96.99459834877914","""""","9.9","false","{all-links}","4.3213209766919115E-4","""default""","""none"""
"{flowholder 527}","{flowholder 655}","96.97305003655786","""""","9.9","false","{all-links}","0.002155997075370797","""default""","""none"""
"{flowholder 527}","{flowholder 962}","96.99459834877914","""""","9.9","false","{all-links}","4.3213209766919115E-4","""default""","""none"""
"{flowholder 528}","{flowholder 2267}","96.99459834877914","""""","9.9","false","{all-links}","4.3213209766919115E-4","""default""","""none"""
"{flowholder 529}","{flowholder 953}","97","""""","9.9","false","{all-links}","0","""default""","""none"""
"{flowholder 531}","{flowholder 1917}","96.87195829931616","""""","9.9","false","{all-links}","0.010243336054706998","""default""","""none"""
"{flowholder 532}","{flowholder 1068}","96.99459834877914","""""","9.9","false","{all-links}","4.3213209766919115E-4","""default""","""none"""
"{flowholder 533}","{flowholder 659}","96.75746925739796","""""","9.9","false","{all-links}","0.01940245940816339","""default""","""none"""
"{flowholder 533}","{flowholder 2301}","96.7420669951447","""""","9.9","false","{all-links}","0.020634640388424243","""default""","""none"""
"{flowholder 535}","{flowholder 1616}","97","""""","9.9","false","{all-links}","0","""default""","""none"""
"{flowholder 536}","{flowholder 1114}","97","""""","9.9","false","{all-links}","0","""default""","""none"""
"{flowholder 536}","{flowholder 1647}","96.99459834877914","""""","9.9","false","{all-links}","4.3213209766919115E-4","""default""","""none"""
"{flowholder 537}","{flowholder 1162}","97","""""","9.9","false","{all-links}","0","""default""","""none"""
"{flowholder 537}","{flowholder 1524}","96.97305003655786","""""","9.9","false","{all-links}","0.002155997075370797","""default""","""none"""
"{flowholder 538}","{flowholder 1244}","97","""""","9.9","false","{all-links}","0","""default""","""none"""
"{flowholder 539}","{flowholder 695}","96.99459834877914","""""","9.9","false","{all-links}","4.3213209766919115E-4","""default""","""none"""
"{flowholder 539}","{flowholder 1808}","97","""""","9.9","false","{all-links}","0","""default""","""none"""
"{flowholder 539}","{flowholder 2310}","96.98381254673447","""""","9.9","false","{all-links}","0.0012949962612424316","""default""","""none"""
"{flowholder 540}","{flowholder 1087}","97","""""","9.9","false","{all-links}","0","""default""","""none"""
"{flowholder 540}","{flowholder 1845}","96.96767750019758","""""","9.9","false","{all-links}","0.002585799984193482","""default""","""none"""
"{flowholder 540}","{flowholder 2188}","96.95694983354709","""""","9.9","false","{all-links}","0.0034440133162331856","""default""","""none"""
"{flowholder 541}","{flowholder 1127}","96.84569847970454","""""","9.9","false","{all-links}","0.012344121623636984","""default""","""none"""
"{flowholder 541}","{flowholder 1487}","96.84046352508277","""""","9.9","false","{all-links}","0.012762917993378543","""default""","""none"""
"{flowholder 544}","{flowholder 1155}","96.9195851070404","""""","9.9","false","{all-links}","0.006433191436767638","""default""","""none"""
"{flowholder 545}","{flowholder 2097}","96.96767750019758","""""","9.9","false","{all-links}","0.002585799984193482","""default""","""none"""
"{flowholder 546}","{flowholder 602}","97","""""","9.9","false","{all-links}","0","""default""","""none"""
"{flowholder 547}","{flowholder 837}","96.39650153980736","""""","9.9","false","{all-links}","0.048279876815411175","""default""","""none"""
"{flowholder 547}","{flowholder 1814}","96.38700732385925","""""","9.9","false","{all-links}","0.04903941409125992","""default""","""none"""
"{flowholder 547}","{flowholder 2297}","97","""""","9.9","false","{all-links}","0","""default""","""none"""
"{flowholder 548}","{flowholder 1939}","96.97842838330881","""""","9.9","false","{all-links}","0.0017257293352952452","""default""","""none"""
"{flowholder 548}","{flowholder 2007}","96.97305003655786","""""","9.9","false","{all-links}","0.002155997075370797","""default""","""none"""
"{flowholder 549}","{flowholder 1591}","96.94624533322164","""""","9.9","false","{all-links}","0.004300373342268804","""default""","""none"""
"{flowholder 549}","{flowholder 2402}","96.93556394919374","""""","9.9","false","{all-links}","0.0051548840645011754","""default""","""none"""
"{flowholder 550}","{flowholder 714}","97","""""","9.9","false","{all-links}","0","""default""","""none"""
"{flowholder 550}","{flowholder 1666}","96.82479256966349","""""","9.9","false","{all-links}","0.014016594426921093","""default""","""none"""
"{flowholder 551}","{flowholder 1330}","96.95694983354709","""""","9.9","false","{all-links}","0.0034440133162331856","""default""","""none"""
"{flowholder 551}","{flowholder 1410}","96.96767750019758","""""","9.9","false","{all-links}","0.002585799984193482","""default""","""none"""
"{flowholder 551}","{flowholder 1541}","96.91427033046035","""""","9.9","false","{all-links}","0.006858373563171672","""default""","""none"""
"{flowholder 552}","{flowholder 1615}","96.95159469072291","""""","9.9","false","{all-links}","0.0038724247421669136","""default""","""none"""
"{flowholder 553}","{flowholder 1355}","97","""""","9.9","false","{all-links}","0","""default""","""none"""
"{flowholder 554}","{flowholder 1230}","96.99459834877914","""""","9.9","false","{all-links}","4.3213209766919115E-4","""default""","""none"""
"{flowholder 554}","{flowholder 1306}","96.82479256966349","""""","9.9","false","{all-links}","0.014016594426921093","""default""","""none"""
"{flowholder 555}","{flowholder 615}","96.97842838330881","""""","9.9","false","{all-links}","0.0017257293352952452","""default""","""none"""
"{flowholder 555}","{flowholder 1411}","96.98920253312531","""""","9.9","false","{all-links}","8.637973499753482E-4","""default""","""none"""
"{flowholder 555}","{flowholder 1881}","97","""""","9.9","false","{all-links}","0","""default""","""none"""
"{flowholder 556}","{flowholder 1461}","96.85093909592251","""""","9.9","false","{all-links}","0.011924872326198967","""default""","""none"""
"{flowholder 556}","{flowholder 2445}","96.85618537985981","""""","9.9","false","{all-links}","0.011505169611215262","""default""","""none"""
"{flowholder 557}","{flowholder 820}","96.99459834877914","""""","9.9","false","{all-links}","4.3213209766919115E-4","""default""","""none"""
"{flowholder 557}","{flowholder 2201}","97","""""","9.9","false","{all-links}","0","""default""","""none"""
"{flowholder 558}","{flowholder 694}","97","""""","9.9","false","{all-links}","0","""default""","""none"""
"{flowholder 559}","{flowholder 1801}","96.98381254673447","""""","9.9","false","{all-links}","0.0012949962612424316","""default""","""none"""
"{flowholder 559}","{flowholder 1972}","96.96767750019758","""""","9.9","false","{all-links}","0.002585799984193482","""default""","""none"""
"{flowholder 559}","{flowholder 1983}","96.99459834877914","""""","9.9","false","{all-links}","4.3213209766919115E-4","""default""","""none"""
"{flowholder 561}","{flowholder 1577}","96.78842402431404","""""","9.9","false","{all-links}","0.016926078054876826","""default""","""none"""
"{flowholder 563}","{flowholder 1231}","96.97305003655786","""""","9.9","false","{all-links}","0.002155997075370797","""default""","""none"""
"{flowholder 563}","{flowholder 1849}","96.99459834877914","""""","9.9","false","{all-links}","4.3213209766919115E-4","""default""","""none"""
"{flowholder 563}","{flowholder 2376}","96.95694983354709","""""","9.9","false","{all-links}","0.0034440133162331856","""default""","""none"""
"{flowholder 565}","{flowholder 845}","96.99459834877914","""""","9.9","false","{all-links}","4.3213209766919115E-4","""default""","""none"""
"{flowholder 565}","{flowholder 1347}","96.98381254673447","""""","9.9","false","{all-links}","0.0012949962612424316","""default""","""none"""
"{flowholder 566}","{flowholder 1842}","96.97842838330881","""""","9.9","false","{all-links}","0.0017257293352952452","""default""","""none"""
"{flowholder 566}","{flowholder 2393}","97","""""","9.9","false","{all-links}","0","""default""","""none"""
"{flowholder 567}","{flowholder 1364}","96.99459834877914","""""","9.9","false","{all-links}","4.3213209766919115E-4","""default""","""none"""
"{flowholder 568}","{flowholder 1425}","96.99459834877914","""""","9.9","false","{all-links}","4.3213209766919115E-4","""default""","""none"""
"{flowholder 569}","{flowholder 2050}","97","""""","9.9","false","{all-links}","0","""default""","""none"""
"{flowholder 570}","{flowholder 697}","97","""""","9.9","false","{all-links}","0","""default""","""none"""
"{flowholder 570}","{flowholder 2111}","96.99459834877914","""""","9.9","false","{all-links}","4.3213209766919115E-4","""default""","""none"""
"{flowholder 571}","{flowholder 1245}","96.99459834877914","""""","9.9","false","{all-links}","4.3213209766919115E-4","""default""","""none"""
"{flowholder 571}","{flowholder 2385}","96.98381254673447","""""","9.9","false","{all-links}","0.0012949962612424316","""default""","""none"""
"{flowholder 573}","{flowholder 1337}","96.99459834877914","""""","9.9","false","{all-links}","4.3213209766919115E-4","""default""","""none"""
"{flowholder 574}","{flowholder 1341}","97","""""","9.9","false","{all-links}","0","""default""","""none"""
"{flowholder 575}","{flowholder 1132}","97","""""","9.9","false","{all-links}","0","""default""","""none"""
"{flowholder 576}","{flowholder 1397}","97","""""","9.9","false","{all-links}","0","""default""","""none"""
"{flowholder 578}","{flowholder 1143}","96.95159469072291","""""","9.9","false","{all-links}","0.0038724247421669136","""default""","""none"""
"{flowholder 578}","{flowholder 1547}","96.96231076795068","""""","9.9","false","{all-links}","0.0030151385639453744","""default""","""none"""
"{flowholder 578}","{flowholder 1671}","97","""""","9.9","false","{all-links}","0","""default""","""none"""
"{flowholder 579}","{flowholder 2025}","97","""""","9.9","false","{all-links}","0","""default""","""none"""
"{flowholder 580}","{flowholder 886}","96.73694399674982","""""","9.9","false","{all-links}","0.0210444802600148","""default""","""none"""
"{flowholder 580}","{flowholder 1224}","96.97842838330881","""""","9.9","false","{all-links}","0.0017257293352952452","""default""","""none"""
"{flowholder 580}","{flowholder 2449}","96.70632202247002","""""","9.9","false","{all-links}","0.023494238202398512","""default""","""none"""
"{flowholder 581}","{flowholder 753}","97","""""","9.9","false","{all-links}","0","""default""","""none"""
"{flowholder 582}","{flowholder 1900}","96.94624533322164","""""","9.9","false","{all-links}","0.004300373342268804","""default""","""none"""
"{flowholder 582}","{flowholder 2131}","96.93556394919374","""""","9.9","false","{all-links}","0.0051548840645011754","""default""","""none"""
"{flowholder 583}","{flowholder 2441}","97","""""","9.9","false","{all-links}","0","""default""","""none"""
"{flowholder 584}","{flowholder 936}","97","""""","9.9","false","{all-links}","0","""default""","""none"""
"{flowholder 584}","{flowholder 2475}","96.75232961947346","""""","9.9","false","{all-links}","0.019813630442123434","""default""","""none"""
"{flowholder 585}","{flowholder 1041}","97","""""","9.9","false","{all-links}","0","""default""","""none"""
"{flowholder 587}","{flowholder 760}","96.90896129559431","""""","9.9","false","{all-links}","0.007283096352455232","""default""","""none"""
"{flowholder 587}","{flowholder 873}","96.94624533322164","""""","9.9","false","{all-links}","0.004300373342268804","""default""","""none"""
"{flowholder 587}","{flowholder 2379}","96.97305003655786","""""","9.9","false","{all-links}","0.002155997075370797","""default""","""none"""
"{flowholder 588}","{flowholder 915}","96.99459834877914","""""","9.9","false","{all-links}","4.3213209766919115E-4","""default""","""none"""
"{flowholder 588}","{flowholder 1057}","96.98920253312531","""""","9.9","false","{all-links}","8.637973499753482E-4","""default""","""none"""
"{flowholder 589}","{flowholder 1017}","96.98381254673447","""""","9.9","false","{all-links}","0.0012949962612424316","""default""","""none"""
"{flowholder 589}","{flowholder 1799}","96.97305003655786","""""","9.9","false","{all-links}","0.002155997075370797","""default""","""none"""
"{flowholder 589}","{flowholder 2243}","97","""""","9.9","false","{all-links}","0","""default""","""none"""
"{flowholder 590}","{flowholder 1620}","96.81437346207397","""""","9.9","false","{all-links}","0.014850123034082108","""default""","""none"""
"{flowholder 590}","{flowholder 1823}","97","""""","9.9","false","{all-links}","0","""default""","""none"""
"{flowholder 590}","{flowholder 2402}","96.82479256966349","""""","9.9","false","{all-links}","0.014016594426921093","""default""","""none"""
"{flowholder 591}","{flowholder 663}","96.75746925739796","""""","9.9","false","{all-links}","0.01940245940816339","""default""","""none"""
"{flowholder 591}","{flowholder 1320}","96.78842402431404","""""","9.9","false","{all-links}","0.016926078054876826","""default""","""none"""
"{flowholder 592}","{flowholder 1186}","96.99459834877914","""""","9.9","false","{all-links}","4.3213209766919115E-4","""default""","""none"""
"{flowholder 592}","{flowholder 2463}","96.98381254673447","""""","9.9","false","{all-links}","0.0012949962612424316","""default""","""none"""
"{flowholder 594}","{flowholder 1175}","96.93023191018736","""""","9.9","false","{all-links}","0.005581447185011257","""default""","""none"""
"{flowholder 594}","{flowholder 1448}","96.90896129559431","""""","9.9","false","{all-links}","0.007283096352455232","""default""","""none"""
"{flowholder 594}","{flowholder 1996}","96.98920253312531","""""","9.9","false","{all-links}","8.637973499753482E-4","""default""","""none"""
"{flowholder 595}","{flowholder 1058}","96.64065180295984","""""","9.9","false","{all-links}","0.028747855763212996","""default""","""none"""
"{flowholder 595}","{flowholder 2285}","96.64567066147991","""""","9.9","false","{all-links}","0.028346347081607083","""default""","""none"""
"{flowholder 596}","{flowholder 1209}","97","""""","9.9","false","{all-links}","0","""default""","""none"""
"{flowholder 596}","{flowholder 1308}","96.99459834877914","""""","9.9","false","{all-links}","4.3213209766919115E-4","""default""","""none"""
"{flowholder 597}","{flowholder 2390}","97","""""","9.9","false","{all-links}","0","""default""","""none"""
"{flowholder 599}","{flowholder 987}","96.99459834877914","""""","9.9","false","{all-links}","4.3213209766919115E-4","""default""","""none"""
"{flowholder 600}","{flowholder 766}","96.99459834877914","""""","9.9","false","{all-links}","4.3213209766919115E-4","""default""","""none"""
"{flowholder 600}","{flowholder 1314}","97","""""","9.9","false","{all-links}","0","""default""","""none"""
"{flowholder 601}","{flowholder 659}","96.98381254673447","""""","9.9","false","{all-links}","0.0012949962612424316","""default""","""none"""
"{flowholder 601}","{flowholder 1781}","96.98920253312531","""""","9.9","false","{all-links}","8.637973499753482E-4","""default""","""none"""
"{flowholder 602}","{flowholder 1047}","96.99459834877914","""""","9.9","false","{all-links}","4.3213209766919115E-4","""default""","""none"""
"{flowholder 603}","{flowholder 2070}","96.70123764045032","""""","9.9","false","{all-links}","0.02390098876397473","""default""","""none"""
"{flowholder 604}","{flowholder 1767}","97","""""","9.9","false","{all-links}","0","""default""","""none"""
"{flowholder 605}","{flowholder 1497}","97","""""","9.9","false","{all-links}","0","""default""","""none"""
"{flowholder 606}","{flowholder 1573}","96.97305003655786","""""","9.9","false","{all-links}","0.002155997075370797","""default""","""none"""
"{flowholder 606}","{flowholder 1614}","96.93556394919374","""""","9.9","false","{all-links}","0.0051548840645011754","""default""","""none"""
"{flowholder 607}","{flowholder 2315}","96.95694983354709","""""","9.9","false","{all-links}","0.0034440133162331856","""default""","""none"""
"{flowholder 608}","{flowholder 630}","96.95159469072291","""""","9.9","false","{all-links}","0.0038724247421669136","""default""","""none"""
"{flowholder 608}","{flowholder 2484}","96.95694983354709","""""","9.9","false","{all-links}","0.0034440133162331856","""default""","""none"""
"{flowholder 609}","{flowholder 1050}","96.99459834877914","""""","9.9","false","{all-links}","4.3213209766919115E-4","""default""","""none"""
"{flowholder 609}","{flowholder 1548}","96.89306857928337","""""","9.9","false","{all-links}","0.008554513657330754","""default""","""none"""
"{flowholder 609}","{flowholder 2254}","96.90896129559431","""""","9.9","false","{all-links}","0.007283096352455232","""default""","""none"""
"{flowholder 610}","{flowholder 1639}","96.96231076795068","""""","9.9","false","{all-links}","0.0030151385639453744","""default""","""none"""
"{flowholder 610}","{flowholder 1715}","96.96767750019758","""""","9.9","false","{all-links}","0.002585799984193482","""default""","""none"""
"{flowholder 612}","{flowholder 1090}","96.90896129559431","""""","9.9","false","{all-links}","0.007283096352455232","""default""","""none"""
"{flowholder 613}","{flowholder 2332}","96.91427033046035","""""","9.9","false","{all-links}","0.006858373563171672","""default""","""none"""
"{flowholder 613}","{flowholder 2381}","96.89836042619866","""""","9.9","false","{all-links}","0.008131165904106874","""default""","""none"""
"{flowholder 615}","{flowholder 777}","96.97305003655786","""""","9.9","false","{all-links}","0.002155997075370797","""default""","""none"""
"{flowholder 616}","{flowholder 2219}","96.96231076795068","""""","9.9","false","{all-links}","0.0030151385639453744","""default""","""none"""
"{flowholder 617}","{flowholder 1106}","96.72160818483604","""""","9.9","false","{all-links}","0.022271345213116557","""default""","""none"""
"{flowholder 618}","{flowholder 2213}","96.98381254673447","""""","9.9","false","{all-links}","0.0012949962612424316","""default""","""none"""
"{flowholder 619}","{flowholder 889}","97","""""","9.9","false","{all-links}","0","""default""","""none"""
"{flowholder 620}","{flowholder 885}","96.99459834877914","""""","9.9","false","{all-links}","4.3213209766919115E-4","""default""","""none"""
"{flowholder 620}","{flowholder 1232}","97","""""","9.9","false","{all-links}","0","""default""","""none"""
"{flowholder 621}","{flowholder 1936}","97","""""","9.9","false","{all-links}","0","""default""","""none"""
"{flowholder 622}","{flowholder 964}","96.88778244931022","""""","9.9","false","{all-links}","0.008977404055182214","""default""","""none"""
"{flowholder 623}","{flowholder 1001}","97","""""","9.9","false","{all-links}","0","""default""","""none"""
"{flowholder 623}","{flowholder 1257}","96.99459834877914","""""","9.9","false","{all-links}","4.3213209766919115E-4","""default""","""none"""
"{flowholder 624}","{flowholder 756}","96.96767750019758","""""","9.9","false","{all-links}","0.002585799984193482","""default""","""none"""
"{flowholder 624}","{flowholder 1721}","96.97842838330881","""""","9.9","false","{all-links}","0.0017257293352952452","""default""","""none"""
"{flowholder 626}","{flowholder 1913}","97","""""","9.9","false","{all-links}","0","""default""","""none"""
"{flowholder 627}","{flowholder 1066}","96.99459834877914","""""","9.9","false","{all-links}","4.3213209766919115E-4","""default""","""none"""
"{flowholder 627}","{flowholder 1886}","97","""""","9.9","false","{all-links}","0","""default""","""none"""
"{flowholder 628}","{flowholder 734}","97","""""","9.9","false","{all-links}","0","""default""","""none"""
"{flowholder 629}","{flowholder 1090}","96.99459834877914","""""","9.9","false","{all-links}","4.3213209766919115E-4","""default""","""none"""
"{flowholder 629}","{flowholder 2412}","97","""""","9.9","false","{all-links}","0","""default""","""none"""
"{flowholder 630}","{flowholder 953}","96.64065180295984","""""","9.9","false","{all-links}","0.028747855763212996","""default""","""none"""
"{flowholder 630}","{flowholder 2070}","96.69615875124217","""""","9.9","false","{all-links}","0.024307299900626723","""default""","""none"""
"{flowholder 631}","{flowholder 1892}","96.88778244931022","""""","9.9","false","{all-links}","0.008977404055182214","""default""","""none"""
"{flowholder 632}","{flowholder 2492}","96.99459834877914","""""","9.9","false","{all-links}","4.3213209766919115E-4","""default""","""none"""
"{flowholder 634}","{flowholder 798}","97","""""","9.9","false","{all-links}","0","""default""","""none"""
"{flowholder 634}","{flowholder 1624}","96.99459834877914","""""","9.9","false","{all-links}","4.3213209766919115E-4","""default""","""none"""
"{flowholder 635}","{flowholder 2132}","97","""""","9.9","false","{all-links}","0","""default""","""none"""
"{flowholder 637}","{flowholder 1397}","96.99459834877914","""""","9.9","false","{all-links}","4.3213209766919115E-4","""default""","""none"""
"{flowholder 637}","{flowholder 2474}","97","""""","9.9","false","{all-links}","0","""default""","""none"""
"{flowholder 638}","{flowholder 1998}","97","""""","9.9","false","{all-links}","0","""default""","""none"""
"{flowholder 639}","{flowholder 1177}","96.96231076795068","""""","9.9","false","{all-links}","0.0030151385639453744","""default""","""none"""
"{flowholder 639}","{flowholder 2109}","96.96767750019758","""""","9.9","false","{all-links}","0.002585799984193482","""default""","""none"""
"{flowholder 641}","{flowholder 1740}","96.95694983354709","""""","9.9","false","{all-links}","0.0034440133162331856","""default""","""none"""
"{flowholder 642}","{flowholder 2082}","97","""""","9.9","false","{all-links}","0","""default""","""none"""
"{flowholder 643}","{flowholder 2270}","97","""""","9.9","false","{all-links}","0","""default""","""none"""
"{flowholder 644}","{flowholder 1721}","97","""""","9.9","false","{all-links}","0","""default""","""none"""
"{flowholder 645}","{flowholder 1744}","97","""""","9.9","false","{all-links}","0","""default""","""none"""
"{flowholder 646}","{flowholder 892}","97","""""","9.9","false","{all-links}","0","""default""","""none"""
"{flowholder 647}","{flowholder 1434}","96.95159469072291","""""","9.9","false","{all-links}","0.0038724247421669136","""default""","""none"""
"{flowholder 647}","{flowholder 1628}","96.94624533322164","""""","9.9","false","{all-links}","0.004300373342268804","""default""","""none"""
"{flowholder 649}","{flowholder 1024}","96.98920253312531","""""","9.9","false","{all-links}","8.637973499753482E-4","""default""","""none"""
"{flowholder 649}","{flowholder 1377}","96.98381254673447","""""","9.9","false","{all-links}","0.0012949962612424316","""default""","""none"""
"{flowholder 652}","{flowholder 1986}","96.99459834877914","""""","9.9","false","{all-links}","4.3213209766919115E-4","""default""","""none"""
"{flowholder 653}","{flowholder 1600}","97","""""","9.9","false","{all-links}","0","""default""","""none"""
"{flowholder 656}","{flowholder 1405}","97","""""","9.9","false","{all-links}","0","""default""","""none"""
"{flowholder 657}","{flowholder 1266}","96.97305003655786","""""","9.9","false","{all-links}","0.002155997075370797","""default""","""none"""
"{flowholder 657}","{flowholder 2470}","97","""""","9.9","false","{all-links}","0","""default""","""none"""
"{flowholder 658}","{flowholder 893}","96.93556394919374","""""","9.9","false","{all-links}","0.0051548840645011754","""default""","""none"""
"{flowholder 658}","{flowholder 1491}","97","""""","9.9","false","{all-links}","0","""default""","""none"""
"{flowholder 659}","{flowholder 1914}","96.78325094501852","""""","9.9","false","{all-links}","0.01733992439851817","""default""","""none"""
"{flowholder 661}","{flowholder 1229}","96.99459834877914","""""","9.9","false","{all-links}","4.3213209766919115E-4","""default""","""none"""
"{flowholder 661}","{flowholder 2241}","96.92490563154387","""""","9.9","false","{all-links}","0.0060075494764908035","""default""","""none"""
"{flowholder 662}","{flowholder 892}","96.90896129559431","""""","9.9","false","{all-links}","0.007283096352455232","""default""","""none"""
"{flowholder 662}","{flowholder 2292}","96.9036579962392","""""","9.9","false","{all-links}","0.007707360300863675","""default""","""none"""
"{flowholder 663}","{flowholder 762}","96.75232961947346","""""","9.9","false","{all-links}","0.019813630442123434","""default""","""none"""
"{flowholder 664}","{flowholder 1977}","96.96767750019758","""""","9.9","false","{all-links}","0.002585799984193482","""default""","""none"""
"{flowholder 665}","{flowholder 1524}","96.96767750019758","""""","9.9","false","{all-links}","0.002585799984193482","""default""","""none"""
"{flowholder 665}","{flowholder 1554}","96.99459834877914","""""","9.9","false","{all-links}","4.3213209766919115E-4","""default""","""none"""
"{flowholder 667}","{flowholder 756}","97","""""","9.9","false","{all-links}","0","""default""","""none"""
"{flowholder 668}","{flowholder 919}","96.97305003655786","""""","9.9","false","{all-links}","0.002155997075370797","""default""","""none"""
"{flowholder 668}","{flowholder 961}","96.96231076795068","""""","9.9","false","{all-links}","0.0030151385639453744","""default""","""none"""
"{flowholder 669}","{flowholder 2465}","97","""""","9.9","false","{all-links}","0","""default""","""none"""
"{flowholder 671}","{flowholder 999}","96.89836042619866","""""","9.9","false","{all-links}","0.008131165904106874","""default""","""none"""
"{flowholder 671}","{flowholder 2248}","96.89306857928337","""""","9.9","false","{all-links}","0.008554513657330754","""default""","""none"""
"{flowholder 672}","{flowholder 800}","96.95694983354709","""""","9.9","false","{all-links}","0.0034440133162331856","""default""","""none"""
"{flowholder 674}","{flowholder 1341}","96.98381254673447","""""","9.9","false","{all-links}","0.0012949962612424316","""default""","""none"""
"{flowholder 674}","{flowholder 1536}","96.98920253312531","""""","9.9","false","{all-links}","8.637973499753482E-4","""default""","""none"""
"{flowholder 675}","{flowholder 1061}","96.96231076795068","""""","9.9","false","{all-links}","0.0030151385639453744","""default""","""none"""
"{flowholder 675}","{flowholder 1065}","96.98381254673447","""""","9.9","false","{all-links}","0.0012949962612424316","""default""","""none"""
"{flowholder 675}","{flowholder 2284}","96.98920253312531","""""","9.9","false","{all-links}","8.637973499753482E-4","""default""","""none"""
"{flowholder 677}","{flowholder 2193}","97","""""","9.9","false","{all-links}","0","""default""","""none"""
"{flowholder 678}","{flowholder 1635}","96.98920253312531","""""","9.9","false","{all-links}","8.637973499753482E-4","""default""","""none"""
"{flowholder 679}","{flowholder 705}","96.99459834877914","""""","9.9","false","{all-links}","4.3213209766919115E-4","""default""","""none"""
"{flowholder 679}","{flowholder 1709}","97","""""","9.9","false","{all-links}","0","""default""","""none"""
"{flowholder 679}","{flowholder 1891}","96.98381254673447","""""","9.9","false","{all-links}","0.0012949962612424316","""default""","""none"""
"{flowholder 680}","{flowholder 1950}","97","""""","9.9","false","{all-links}","0","""default""","""none"""
"{flowholder 680}","{flowholder 2114}","96.89836042619866","""""","9.9","false","{all-links}","0.008131165904106874","""default""","""none"""
"{flowholder 680}","{flowholder 2414}","96.88778244931022","""""","9.9","false","{all-links}","0.008977404055182214","""default""","""none"""
"{flowholder 681}","{flowholder 1021}","97","""""","9.9","false","{all-links}","0","""default""","""none"""
"{flowholder 682}","{flowholder 1589}","97","""""","9.9","false","{all-links}","0","""default""","""none"""
"{flowholder 685}","{flowholder 865}","96.99459834877914","""""","9.9","false","{all-links}","4.3213209766919115E-4","""default""","""none"""
"{flowholder 685}","{flowholder 1929}","97","""""","9.9","false","{all-links}","0","""default""","""none"""
"{flowholder 686}","{flowholder 765}","97","""""","9.9","false","{all-links}","0","""default""","""none"""
"{flowholder 687}","{flowholder 1562}","96.98920253312531","""""","9.9","false","{all-links}","8.637973499753482E-4","""default""","""none"""
"{flowholder 687}","{flowholder 1733}","96.98381254673447","""""","9.9","false","{all-links}","0.0012949962612424316","""default""","""none"""
"{flowholder 689}","{flowholder 2311}","97","""""","9.9","false","{all-links}","0","""default""","""none"""
"{flowholder 690}","{flowholder 2092}","96.99459834877914","""""","9.9","false","{all-links}","4.3213209766919115E-4","""default""","""none"""
"{flowholder 691}","{flowholder 992}","96.97305003655786","""""","9.9","false","{all-links}","0.002155997075370797","""default""","""none"""
"{flowholder 691}","{flowholder 1483}","96.96767750019758","""""","9.9","false","{all-links}","0.002585799984193482","""default""","""none"""
"{flowholder 692}","{flowholder 1596}","96.96231076795068","""""","9.9","false","{all-links}","0.0030151385639453744","""default""","""none"""
"{flowholder 692}","{flowholder 1989}","96.96767750019758","""""","9.9","false","{all-links}","0.002585799984193482","""default""","""none"""
"{flowholder 693}","{flowholder 2054}","96.99459834877914","""""","9.9","false","{all-links}","4.3213209766919115E-4","""default""","""none"""
"{flowholder 694}","{flowholder 1893}","96.98381254673447","""""","9.9","false","{all-links}","0.0012949962612424316","""default""","""none"""
"{flowholder 694}","{flowholder 2330}","94.72657170453957","""""","9.9","false","{all-links}","0.18187426363683473","""default""","""none"""
"{flowholder 695}","{flowholder 1851}","97","""""","9.9","false","{all-links}","0","""default""","""none"""
"{flowholder 696}","{flowholder 2004}","96.99459834877914","""""","9.9","false","{all-links}","4.3213209766919115E-4","""default""","""none"""
"{flowholder 696}","{flowholder 2183}","97","""""","9.9","false","{all-links}","0","""default""","""none"""
"{flowholder 698}","{flowholder 1361}","97","""""","9.9","false","{all-links}","0","""default""","""none"""
"{flowholder 698}","{flowholder 1791}","96.99459834877914","""""","9.9","false","{all-links}","4.3213209766919115E-4","""default""","""none"""
"{flowholder 699}","{flowholder 874}","97","""""","9.9","false","{all-links}","0","""default""","""none"""
"{flowholder 700}","{flowholder 902}","96.98381254673447","""""","9.9","false","{all-links}","0.0012949962612424316","""default""","""none"""
"{flowholder 700}","{flowholder 925}","96.97305003655786","""""","9.9","false","{all-links}","0.002155997075370797","""default""","""none"""
"{flowholder 700}","{flowholder 2180}","97","""""","9.9","false","{all-links}","0","""default""","""none"""
"{flowholder 701}","{flowholder 1011}","97","""""","9.9","false","{all-links}","0","""default""","""none"""
"{flowholder 702}","{flowholder 2063}","97","""""","9.9","false","{all-links}","0","""default""","""none"""
"{flowholder 703}","{flowholder 1142}","97","""""","9.9","false","{all-links}","0","""default""","""none"""
"{flowholder 703}","{flowholder 1539}","96.99459834877914","""""","9.9","false","{all-links}","4.3213209766919115E-4","""default""","""none"""
"{flowholder 704}","{flowholder 1380}","96.93023191018736","""""","9.9","false","{all-links}","0.005581447185011257","""default""","""none"""
"{flowholder 704}","{flowholder 2196}","96.99459834877914","""""","9.9","false","{all-links}","4.3213209766919115E-4","""default""","""none"""
"{flowholder 704}","{flowholder 2415}","96.91427033046035","""""","9.9","false","{all-links}","0.006858373563171672","""default""","""none"""
"{flowholder 706}","{flowholder 1594}","96.98920253312531","""""","9.9","false","{all-links}","8.637973499753482E-4","""default""","""none"""
"{flowholder 707}","{flowholder 1344}","96.98920253312531","""""","9.9","false","{all-links}","8.637973499753482E-4","""default""","""none"""
"{flowholder 707}","{flowholder 1751}","97","""""","9.9","false","{all-links}","0","""default""","""none"""
"{flowholder 707}","{flowholder 2482}","96.97842838330881","""""","9.9","false","{all-links}","0.0017257293352952452","""default""","""none"""
"{flowholder 708}","{flowholder 1323}","97","""""","9.9","false","{all-links}","0","""default""","""none"""
"{flowholder 709}","{flowholder 1867}","96.99459834877914","""""","9.9","false","{all-links}","4.3213209766919115E-4","""default""","""none"""
"{flowholder 709}","{flowholder 2422}","96.98920253312531","""""","9.9","false","{all-links}","8.637973499753482E-4","""default""","""none"""
"{flowholder 711}","{flowholder 1111}","96.89836042619866","""""","9.9","false","{all-links}","0.008131165904106874","""default""","""none"""
"{flowholder 711}","{flowholder 1159}","96.90896129559431","""""","9.9","false","{all-links}","0.007283096352455232","""default""","""none"""
"{flowholder 711}","{flowholder 2028}","97","""""","9.9","false","{all-links}","0","""default""","""none"""
"{flowholder 712}","{flowholder 785}","96.99459834877914","""""","9.9","false","{all-links}","4.3213209766919115E-4","""default""","""none"""
"{flowholder 712}","{flowholder 888}","97","""""","9.9","false","{all-links}","0","""default""","""none"""
"{flowholder 712}","{flowholder 1455}","96.98381254673447","""""","9.9","false","{all-links}","0.0012949962612424316","""default""","""none"""
"{flowholder 713}","{flowholder 1550}","97","""""","9.9","false","{all-links}","0","""default""","""none"""
"{flowholder 715}","{flowholder 1734}","96.87722731549293","""""","9.9","false","{all-links}","0.00982181476056554","""default""","""none"""
"{flowholder 715}","{flowholder 2258}","96.96231076795068","""""","9.9","false","{all-links}","0.0030151385639453744","""default""","""none"""
"{flowholder 716}","{flowholder 740}","96.8825020301033","""""","9.9","false","{all-links}","0.009399837591736305","""default""","""none"""
"{flowholder 716}","{flowholder 1998}","96.87722731549293","""""","9.9","false","{all-links}","0.00982181476056554","""default""","""none"""
"{flowholder 717}","{flowholder 2460}","96.94090175479293","""""","9.9","false","{all-links}","0.004727859616565411","""default""","""none"""
"{flowholder 718}","{flowholder 1607}","97","""""","9.9","false","{all-links}","0","""default""","""none"""
"{flowholder 718}","{flowholder 2388}","96.99459834877914","""""","9.9","false","{all-links}","4.3213209766919115E-4","""default""","""none"""
"{flowholder 719}","{flowholder 1250}","97","""""","9.9","false","{all-links}","0","""default""","""none"""
"{flowholder 720}","{flowholder 2137}","97","""""","9.9","false","{all-links}","0","""default""","""none"""
"{flowholder 720}","{flowholder 2292}","96.89836042619866","""""","9.9","false","{all-links}","0.008131165904106874","""default""","""none"""
"{flowholder 720}","{flowholder 2330}","94.19412048412585","""""","9.9","false","{all-links}","0.22447036126993228","""default""","""none"""
"{flowholder 722}","{flowholder 952}","96.96767750019758","""""","9.9","false","{all-links}","0.002585799984193482","""default""","""none"""
"{flowholder 722}","{flowholder 2416}","97","""""","9.9","false","{all-links}","0","""default""","""none"""
"{flowholder 723}","{flowholder 963}","96.99459834877914","""""","9.9","false","{all-links}","4.3213209766919115E-4","""default""","""none"""
"{flowholder 723}","{flowholder 1301}","97","""""","9.9","false","{all-links}","0","""default""","""none"""
"{flowholder 724}","{flowholder 1069}","96.39650153980736","""""","9.9","false","{all-links}","0.048279876815411175","""default""","""none"""
"{flowholder 724}","{flowholder 1539}","96.71141190324185","""""","9.9","false","{all-links}","0.02308704774065178","""default""","""none"""
"{flowholder 724}","{flowholder 1804}","96.67589800394161","""""","9.9","false","{all-links}","0.025928159684671083","""default""","""none"""
"{flowholder 726}","{flowholder 1152}","96.9195851070404","""""","9.9","false","{all-links}","0.006433191436767638","""default""","""none"""
"{flowholder 727}","{flowholder 857}","97","""""","9.9","false","{all-links}","0","""default""","""none"""
"{flowholder 730}","{flowholder 740}","96.90896129559431","""""","9.9","false","{all-links}","0.007283096352455232","""default""","""none"""
"{flowholder 730}","{flowholder 1431}","96.91427033046035","""""","9.9","false","{all-links}","0.006858373563171672","""default""","""none"""
"{flowholder 731}","{flowholder 1847}","97","""""","9.9","false","{all-links}","0","""default""","""none"""
"{flowholder 732}","{flowholder 951}","96.97305003655786","""""","9.9","false","{all-links}","0.002155997075370797","""default""","""none"""
"{flowholder 733}","{flowholder 804}","96.99459834877914","""""","9.9","false","{all-links}","4.3213209766919115E-4","""default""","""none"""
"{flowholder 733}","{flowholder 2410}","97","""""","9.9","false","{all-links}","0","""default""","""none"""
"{flowholder 734}","{flowholder 1223}","96.98920253312531","""""","9.9","false","{all-links}","8.637973499753482E-4","""default""","""none"""
"{flowholder 735}","{flowholder 1005}","93.49489613121638","""""","9.9","false","{all-links}","0.2804083095026897","""default""","""none"""
"{flowholder 735}","{flowholder 1758}","96.98920253312531","""""","9.9","false","{all-links}","8.637973499753482E-4","""default""","""none"""
"{flowholder 735}","{flowholder 2049}","93.48844666594923","""""","9.9","false","{all-links}","0.2809242667240619","""default""","""none"""
"{flowholder 737}","{flowholder 1016}","96.73182653288517","""""","9.9","false","{all-links}","0.021453877369186802","""default""","""none"""
"{flowholder 737}","{flowholder 1539}","96.7267145975715","""""","9.9","false","{all-links}","0.021862832194279938","""default""","""none"""
"{flowholder 738}","{flowholder 1351}","96.93556394919374","""""","9.9","false","{all-links}","0.0051548840645011754","""default""","""none"""
"{flowholder 739}","{flowholder 909}","96.99459834877914","""""","9.9","false","{all-links}","4.3213209766919115E-4","""default""","""none"""
"{flowholder 739}","{flowholder 1333}","97","""""","9.9","false","{all-links}","0","""default""","""none"""
"{flowholder 741}","{flowholder 2261}","97","""""","9.9","false","{all-links}","0","""default""","""none"""
"{flowholder 743}","{flowholder 905}","96.96767750019758","""""","9.9","false","{all-links}","0.002585799984193482","""default""","""none"""
"{flowholder 743}","{flowholder 1317}","96.97305003655786","""""","9.9","false","{all-links}","0.002155997075370797","""default""","""none"""
"{flowholder 744}","{flowholder 1710}","97","""""","9.9","false","{all-links}","0","""default""","""none"""
"{flowholder 744}","{flowholder 2013}","96.99459834877914","""""","9.9","false","{all-links}","4.3213209766919115E-4","""default""","""none"""
"{flowholder 745}","{flowholder 874}","96.92490563154387","""""","9.9","false","{all-links}","0.0060075494764908035","""default""","""none"""
"{flowholder 745}","{flowholder 1354}","96.97305003655786","""""","9.9","false","{all-links}","0.002155997075370797","""default""","""none"""
"{flowholder 745}","{flowholder 1995}","96.96767750019758","""""","9.9","false","{all-links}","0.002585799984193482","""default""","""none"""
"{flowholder 746}","{flowholder 1156}","96.98920253312531","""""","9.9","false","{all-links}","8.637973499753482E-4","""default""","""none"""
"{flowholder 746}","{flowholder 1196}","96.86143733764582","""""","9.9","false","{all-links}","0.01108501298833402","""default""","""none"""
"{flowholder 746}","{flowholder 2364}","96.84046352508277","""""","9.9","false","{all-links}","0.012762917993378543","""default""","""none"""
"{flowholder 747}","{flowholder 1698}","96.98381254673447","""""","9.9","false","{all-links}","0.0012949962612424316","""default""","""none"""
"{flowholder 748}","{flowholder 946}","96.94090175479293","""""","9.9","false","{all-links}","0.004727859616565411","""default""","""none"""
"{flowholder 748}","{flowholder 1380}","96.93556394919374","""""","9.9","false","{all-links}","0.0051548840645011754","""default""","""none"""
"{flowholder 750}","{flowholder 1362}","96.97842838330881","""""","9.9","false","{all-links}","0.0017257293352952452","""default""","""none"""
"{flowholder 751}","{flowholder 1127}","96.9195851070404","""""","9.9","false","{all-links}","0.006433191436767638","""default""","""none"""
"{flowholder 752}","{flowholder 1657}","97","""""","9.9","false","{all-links}","0","""default""","""none"""
"{flowholder 753}","{flowholder 1203}","96.80397685447815","""""","9.9","false","{all-links}","0.015681851641747936","""default""","""none"""
"{flowholder 753}","{flowholder 2401}","96.81437346207397","""""","9.9","false","{all-links}","0.014850123034082108","""default""","""none"""
"{flowholder 754}","{flowholder 1772}","96.8195802003286","""""","9.9","false","{all-links}","0.01443358397371184","""default""","""none"""
"{flowholder 754}","{flowholder 1956}","96.82479256966349","""""","9.9","false","{all-links}","0.014016594426921093","""default""","""none"""
"{flowholder 755}","{flowholder 2346}","97","""""","9.9","false","{all-links}","0","""default""","""none"""
"{flowholder 756}","{flowholder 2242}","96.95694983354709","""""","9.9","false","{all-links}","0.0034440133162331856","""default""","""none"""
"{flowholder 757}","{flowholder 1151}","97","""""","9.9","false","{all-links}","0","""default""","""none"""
"{flowholder 758}","{flowholder 792}","96.97842838330881","""""","9.9","false","{all-links}","0.0017257293352952452","""default""","""none"""
"{flowholder 758}","{flowholder 1466}","96.98381254673447","""""","9.9","false","{all-links}","0.0012949962612424316","""default""","""none"""
"{flowholder 759}","{flowholder 1015}","96.99459834877914","""""","9.9","false","{all-links}","4.3213209766919115E-4","""default""","""none"""
"{flowholder 759}","{flowholder 1750}","96.98381254673447","""""","9.9","false","{all-links}","0.0012949962612424316","""default""","""none"""
"{flowholder 759}","{flowholder 2404}","97","""""","9.9","false","{all-links}","0","""default""","""none"""
"{flowholder 760}","{flowholder 1494}","96.89836042619866","""""","9.9","false","{all-links}","0.008131165904106874","""default""","""none"""
"{flowholder 760}","{flowholder 1906}","97","""""","9.9","false","{all-links}","0","""default""","""none"""
"{flowholder 763}","{flowholder 1512}","97","""""","9.9","false","{all-links}","0","""default""","""none"""
"{flowholder 764}","{flowholder 2094}","97","""""","9.9","false","{all-links}","0","""default""","""none"""
"{flowholder 765}","{flowholder 2036}","96.99459834877914","""""","9.9","false","{all-links}","4.3213209766919115E-4","""default""","""none"""
"{flowholder 766}","{flowholder 1183}","96.97305003655786","""""","9.9","false","{all-links}","0.002155997075370797","""default""","""none"""
"{flowholder 767}","{flowholder 1096}","96.99459834877914","""""","9.9","false","{all-links}","4.3213209766919115E-4","""default""","""none"""
"{flowholder 767}","{flowholder 1961}","96.98920253312531","""""","9.9","false","{all-links}","8.637973499753482E-4","""default""","""none"""
"{flowholder 768}","{flowholder 1061}","96.84569847970454","""""","9.9","false","{all-links}","0.012344121623636984","""default""","""none"""
"{flowholder 768}","{flowholder 1201}","96.85618537985981","""""","9.9","false","{all-links}","0.011505169611215262","""default""","""none"""
"{flowholder 768}","{flowholder 2344}","97","""""","9.9","false","{all-links}","0","""default""","""none"""
"{flowholder 769}","{flowholder 1578}","96.82479256966349","""""","9.9","false","{all-links}","0.014016594426921093","""default""","""none"""
"{flowholder 769}","{flowholder 2364}","96.83001057616872","""""","9.9","false","{all-links}","0.01359915390650257","""default""","""none"""
"{flowholder 771}","{flowholder 1060}","96.94090175479293","""""","9.9","false","{all-links}","0.004727859616565411","""default""","""none"""
"{flowholder 771}","{flowholder 2216}","96.93556394919374","""""","9.9","false","{all-links}","0.0051548840645011754","""default""","""none"""
"{flowholder 772}","{flowholder 1287}","96.98381254673447","""""","9.9","false","{all-links}","0.0012949962612424316","""default""","""none"""
"{flowholder 772}","{flowholder 2026}","97","""""","9.9","false","{all-links}","0","""default""","""none"""
"{flowholder 772}","{flowholder 2268}","96.97305003655786","""""","9.9","false","{all-links}","0.002155997075370797","""default""","""none"""
"{flowholder 773}","{flowholder 1918}","96.96767750019758","""""","9.9","false","{all-links}","0.002585799984193482","""default""","""none"""
"{flowholder 774}","{flowholder 1293}","96.98920253312531","""""","9.9","false","{all-links}","8.637973499753482E-4","""default""","""none"""
"{flowholder 774}","{flowholder 2093}","96.84046352508277","""""","9.9","false","{all-links}","0.012762917993378543","""default""","""none"""
"{flowholder 775}","{flowholder 1701}","96.98381254673447","""""","9.9","false","{all-links}","0.0012949962612424316","""default""","""none"""
"{flowholder 775}","{flowholder 1760}","96.99459834877914","""""","9.9","false","{all-links}","4.3213209766919115E-4","""default""","""none"""
"{flowholder 775}","{flowholder 2194}","97","""""","9.9","false","{all-links}","0","""default""","""none"""
"{flowholder 776}","{flowholder 824}","97","""""","9.9","false","{all-links}","0","""default""","""none"""
"{flowholder 776}","{flowholder 1880}","96.79878697298982","""""","9.9","false","{all-links}","0.01609704216081469","""default""","""none"""
"{flowholder 778}","{flowholder 1522}","96.95159469072291","""""","9.9","false","{all-links}","0.0038724247421669136","""default""","""none"""
"{flowholder 778}","{flowholder 1586}","97","""""","9.9","false","{all-links}","0","""default""","""none"""
"{flowholder 779}","{flowholder 2061}","97","""""","9.9","false","{all-links}","0","""default""","""none"""
"{flowholder 780}","{flowholder 1616}","96.99459834877914","""""","9.9","false","{all-links}","4.3213209766919115E-4","""default""","""none"""
"{flowholder 780}","{flowholder 2083}","96.98920253312531","""""","9.9","false","{all-links}","8.637973499753482E-4","""default""","""none"""
"{flowholder 781}","{flowholder 956}","97","""""","9.9","false","{all-links}","0","""default""","""none"""
"{flowholder 781}","{flowholder 1217}","97","""""","9.9","false","{all-links}","0","""default""","""none"""
"{flowholder 781}","{flowholder 1354}","96.98920253312531","""""","9.9","false","{all-links}","8.637973499753482E-4","""default""","""none"""
"{flowholder 783}","{flowholder 2477}","97","""""","9.9","false","{all-links}","0","""default""","""none"""
"{flowholder 785}","{flowholder 2279}","97","""""","9.9","false","{all-links}","0","""default""","""none"""
"{flowholder 787}","{flowholder 2475}","97","""""","9.9","false","{all-links}","0","""default""","""none"""
"{flowholder 788}","{flowholder 1502}","96.89836042619866","""""","9.9","false","{all-links}","0.008131165904106874","""default""","""none"""
"{flowholder 788}","{flowholder 2451}","96.9036579962392","""""","9.9","false","{all-links}","0.007707360300863675","""default""","""none"""
"{flowholder 789}","{flowholder 989}","96.97305003655786","""""","9.9","false","{all-links}","0.002155997075370797","""default""","""none"""
"{flowholder 789}","{flowholder 1578}","96.8195802003286","""""","9.9","false","{all-links}","0.01443358397371184","""default""","""none"""
"{flowholder 789}","{flowholder 1899}","96.78325094501852","""""","9.9","false","{all-links}","0.01733992439851817","""default""","""none"""
"{flowholder 790}","{flowholder 2206}","97","""""","9.9","false","{all-links}","0","""default""","""none"""
"{flowholder 790}","{flowholder 2392}","96.99459834877914","""""","9.9","false","{all-links}","4.3213209766919115E-4","""default""","""none"""
"{flowholder 791}","{flowholder 1027}","96.98920253312531","""""","9.9","false","{all-links}","8.637973499753482E-4","""default""","""none"""
"{flowholder 791}","{flowholder 1053}","96.98381254673447","""""","9.9","false","{all-links}","0.0012949962612424316","""default""","""none"""
"{flowholder 792}","{flowholder 2327}","97","""""","9.9","false","{all-links}","0","""default""","""none"""
"{flowholder 793}","{flowholder 934}","96.97842838330881","""""","9.9","false","{all-links}","0.0017257293352952452","""default""","""none"""
"{flowholder 793}","{flowholder 1679}","97","""""","9.9","false","{all-links}","0","""default""","""none"""
"{flowholder 794}","{flowholder 1521}","96.96767750019758","""""","9.9","false","{all-links}","0.002585799984193482","""default""","""none"""
"{flowholder 794}","{flowholder 2009}","97","""""","9.9","false","{all-links}","0","""default""","""none"""
"{flowholder 795}","{flowholder 1003}","96.98920253312531","""""","9.9","false","{all-links}","8.637973499753482E-4","""default""","""none"""
"{flowholder 796}","{flowholder 1832}","96.95694983354709","""""","9.9","false","{all-links}","0.0034440133162331856","""default""","""none"""
"{flowholder 796}","{flowholder 1977}","96.96231076795068","""""","9.9","false","{all-links}","0.0030151385639453744","""default""","""none"""
"{flowholder 797}","{flowholder 1056}","96.99459834877914","""""","9.9","false","{all-links}","4.3213209766919115E-4","""default""","""none"""
"{flowholder 797}","{flowholder 2283}","97","""""","9.9","false","{all-links}","0","""default""","""none"""
"{flowholder 799}","{flowholder 2434}","97","""""","9.9","false","{all-links}","0","""default""","""none"""
"{flowholder 800}","{flowholder 1677}","96.95159469072291","""""","9.9","false","{all-links}","0.0038724247421669136","""default""","""none"""
"{flowholder 804}","{flowholder 1723}","96.98381254673447","""""","9.9","false","{all-links}","0.0012949962612424316","""default""","""none"""
"{flowholder 804}","{flowholder 2228}","96.96767750019758","""""","9.9","false","{all-links}","0.002585799984193482","""default""","""none"""
"{flowholder 805}","{flowholder 1983}","97","""""","9.9","false","{all-links}","0","""default""","""none"""
"{flowholder 806}","{flowholder 1240}","96.99459834877914","""""","9.9","false","{all-links}","4.3213209766919115E-4","""default""","""none"""
"{flowholder 806}","{flowholder 2322}","96.98920253312531","""""","9.9","false","{all-links}","8.637973499753482E-4","""default""","""none"""
"{flowholder 807}","{flowholder 2110}","96.99459834877914","""""","9.9","false","{all-links}","4.3213209766919115E-4","""default""","""none"""
"{flowholder 808}","{flowholder 1108}","96.98920253312531","""""","9.9","false","{all-links}","8.637973499753482E-4","""default""","""none"""
"{flowholder 808}","{flowholder 1560}","96.98381254673447","""""","9.9","false","{all-links}","0.0012949962612424316","""default""","""none"""
"{flowholder 809}","{flowholder 866}","97","""""","9.9","false","{all-links}","0","""default""","""none"""
"{flowholder 809}","{flowholder 1275}","96.93023191018736","""""","9.9","false","{all-links}","0.005581447185011257","""default""","""none"""
"{flowholder 810}","{flowholder 854}","97","""""","9.9","false","{all-links}","0","""default""","""none"""
"{flowholder 810}","{flowholder 1009}","96.98381254673447","""""","9.9","false","{all-links}","0.0012949962612424316","""default""","""none"""
"{flowholder 810}","{flowholder 1963}","96.99459834877914","""""","9.9","false","{all-links}","4.3213209766919115E-4","""default""","""none"""
"{flowholder 811}","{flowholder 1329}","96.99459834877914","""""","9.9","false","{all-links}","4.3213209766919115E-4","""default""","""none"""
"{flowholder 811}","{flowholder 1869}","96.93556394919374","""""","9.9","false","{all-links}","0.0051548840645011754","""default""","""none"""
"{flowholder 811}","{flowholder 2188}","96.95159469072291","""""","9.9","false","{all-links}","0.0038724247421669136","""default""","""none"""
"{flowholder 812}","{flowholder 915}","97","""""","9.9","false","{all-links}","0","""default""","""none"""
"{flowholder 813}","{flowholder 1091}","96.99459834877914","""""","9.9","false","{all-links}","4.3213209766919115E-4","""default""","""none"""
"{flowholder 815}","{flowholder 1957}","97","""""","9.9","false","{all-links}","0","""default""","""none"""
"{flowholder 816}","{flowholder 1650}","96.99459834877914","""""","9.9","false","{all-links}","4.3213209766919115E-4","""default""","""none"""
"{flowholder 817}","{flowholder 996}","96.96231076795068","""""","9.9","false","{all-links}","0.0030151385639453744","""default""","""none"""
"{flowholder 817}","{flowholder 2313}","96.96767750019758","""""","9.9","false","{all-links}","0.002585799984193482","""default""","""none"""
"{flowholder 818}","{flowholder 1437}","96.9195851070404","""""","9.9","false","{all-links}","0.006433191436767638","""default""","""none"""
"{flowholder 820}","{flowholder 1145}","96.46353886625553","""""","9.9","false","{all-links}","0.042916890699557356","""default""","""none"""
"{flowholder 820}","{flowholder 1457}","96.97842838330881","""""","9.9","false","{all-links}","0.0017257293352952452","""default""","""none"""
"{flowholder 820}","{flowholder 1566}","96.50717308771061","""""","9.9","false","{all-links}","0.039426152983151046","""default""","""none"""
"{flowholder 821}","{flowholder 1011}","96.95694983354709","""""","9.9","false","{all-links}","0.0034440133162331856","""default""","""none"""
"{flowholder 821}","{flowholder 2263}","97","""""","9.9","false","{all-links}","0","""default""","""none"""
"{flowholder 822}","{flowholder 1215}","97","""""","9.9","false","{all-links}","0","""default""","""none"""
"{flowholder 822}","{flowholder 1579}","96.97305003655786","""""","9.9","false","{all-links}","0.002155997075370797","""default""","""none"""
"{flowholder 822}","{flowholder 2294}","96.98381254673447","""""","9.9","false","{all-links}","0.0012949962612424316","""default""","""none"""
"{flowholder 823}","{flowholder 839}","97","""""","9.9","false","{all-links}","0","""default""","""none"""
"{flowholder 823}","{flowholder 954}","97","""""","9.9","false","{all-links}","0","""default""","""none"""
"{flowholder 823}","{flowholder 1842}","96.98920253312531","""""","9.9","false","{all-links}","8.637973499753482E-4","""default""","""none"""
"{flowholder 827}","{flowholder 1557}","96.97305003655786","""""","9.9","false","{all-links}","0.002155997075370797","""default""","""none"""
"{flowholder 827}","{flowholder 2217}","97","""""","9.9","false","{all-links}","0","""default""","""none"""
"{flowholder 828}","{flowholder 2306}","97","""""","9.9","false","{all-links}","0","""default""","""none"""
"{flowholder 829}","{flowholder 1967}","96.98381254673447","""""","9.9","false","{all-links}","0.0012949962612424316","""default""","""none"""
"{flowholder 830}","{flowholder 2175}","97","""""","9.9","false","{all-links}","0","""default""","""none"""
"{flowholder 831}","{flowholder 913}","96.96231076795068","""""","9.9","false","{all-links}","0.0030151385639453744","""default""","""none"""
"{flowholder 831}","{flowholder 2043}","96.95694983354709","""""","9.9","false","{all-links}","0.0034440133162331856","""default""","""none"""
"{flowholder 832}","{flowholder 2286}","97","""""","9.9","false","{all-links}","0","""default""","""none"""
"{flowholder 833}","{flowholder 1563}","97","""""","9.9","false","{all-links}","0","""default""","""none"""
"{flowholder 837}","{flowholder 1290}","96.4012563501548","""""","9.9","false","{all-links}","0.04789949198761634","""default""","""none"""
"{flowholder 843}","{flowholder 2032}","97","""""","9.9","false","{all-links}","0","""default""","""none"""
"{flowholder 844}","{flowholder 933}","96.81437346207397","""""","9.9","false","{all-links}","0.014850123034082108","""default""","""none"""
"{flowholder 844}","{flowholder 1012}","96.8195802003286","""""","9.9","false","{all-links}","0.01443358397371184","""default""","""none"""
"{flowholder 845}","{flowholder 1006}","97","""""","9.9","false","{all-links}","0","""default""","""none"""
"{flowholder 846}","{flowholder 881}","97","""""","9.9","false","{all-links}","0","""default""","""none"""
"{flowholder 846}","{flowholder 2421}","96.83523422594067","""""","9.9","false","{all-links}","0.013181261924746668","""default""","""none"""
"{flowholder 847}","{flowholder 1473}","97","""""","9.9","false","{all-links}","0","""default""","""none"""
"{flowholder 848}","{flowholder 1211}","96.98920253312531","""""","9.9","false","{all-links}","8.637973499753482E-4","""default""","""none"""
"{flowholder 849}","{flowholder 1187}","97","""""","9.9","false","{all-links}","0","""default""","""none"""
"{flowholder 850}","{flowholder 963}","96.81437346207397","""""","9.9","false","{all-links}","0.014850123034082108","""default""","""none"""
"{flowholder 850}","{flowholder 2456}","96.80917234881602","""""","9.9","false","{all-links}","0.015266212094718413","""default""","""none"""
"{flowholder 851}","{flowholder 1260}","97","""""","9.9","false","{all-links}","0","""default""","""none"""
"{flowholder 852}","{flowholder 875}","97","""""","9.9","false","{all-links}","0","""default""","""none"""
"{flowholder 852}","{flowholder 1313}","96.96231076795068","""""","9.9","false","{all-links}","0.0030151385639453744","""default""","""none"""
"{flowholder 852}","{flowholder 2099}","96.97305003655786","""""","9.9","false","{all-links}","0.002155997075370797","""default""","""none"""
"{flowholder 853}","{flowholder 1806}","97","""""","9.9","false","{all-links}","0","""default""","""none"""
"{flowholder 853}","{flowholder 2487}","96.99459834877914","""""","9.9","false","{all-links}","4.3213209766919115E-4","""default""","""none"""
"{flowholder 855}","{flowholder 1916}","97","""""","9.9","false","{all-links}","0","""default""","""none"""
"{flowholder 856}","{flowholder 1050}","97","""""","9.9","false","{all-links}","0","""default""","""none"""
"{flowholder 857}","{flowholder 2071}","96.75746925739796","""""","9.9","false","{all-links}","0.01940245940816339","""default""","""none"""
"{flowholder 858}","{flowholder 1545}","92.97540316535603","""""","9.9","false","{all-links}","0.32196774677151785","""default""","""none"""
"{flowholder 858}","{flowholder 1750}","92.98493841507616","""""","9.9","false","{all-links}","0.3212049267939074","""default""","""none"""
"{flowholder 859}","{flowholder 2394}","97","""""","9.9","false","{all-links}","0","""default""","""none"""
"{flowholder 860}","{flowholder 1446}","96.99459834877914","""""","9.9","false","{all-links}","4.3213209766919115E-4","""default""","""none"""
"{flowholder 860}","{flowholder 1449}","97","""""","9.9","false","{all-links}","0","""default""","""none"""
"{flowholder 861}","{flowholder 1871}","96.98381254673447","""""","9.9","false","{all-links}","0.0012949962612424316","""default""","""none"""
"{flowholder 862}","{flowholder 2099}","96.98920253312531","""""","9.9","false","{all-links}","8.637973499753482E-4","""default""","""none"""
"{flowholder 863}","{flowholder 1503}","96.97305003655786","""""","9.9","false","{all-links}","0.002155997075370797","""default""","""none"""
"{flowholder 863}","{flowholder 1955}","96.94090175479293","""""","9.9","false","{all-links}","0.004727859616565411","""default""","""none"""
"{flowholder 863}","{flowholder 2001}","96.9036579962392","""""","9.9","false","{all-links}","0.007707360300863675","""default""","""none"""
"{flowholder 864}","{flowholder 1085}","97","""""","9.9","false","{all-links}","0","""default""","""none"""
"{flowholder 864}","{flowholder 1802}","97","""""","9.9","false","{all-links}","0","""default""","""none"""
"{flowholder 865}","{flowholder 1086}","96.98920253312531","""""","9.9","false","{all-links}","8.637973499753482E-4","""default""","""none"""
"{flowholder 868}","{flowholder 1650}","97","""""","9.9","false","{all-links}","0","""default""","""none"""
"{flowholder 869}","{flowholder 2044}","96.99459834877914","""""","9.9","false","{all-links}","4.3213209766919115E-4","""default""","""none"""
"{flowholder 871}","{flowholder 1923}","96.98381254673447","""""","9.9","false","{all-links}","0.0012949962612424316","""default""","""none"""
"{flowholder 871}","{flowholder 2101}","96.98920253312531","""""","9.9","false","{all-links}","8.637973499753482E-4","""default""","""none"""
"{flowholder 872}","{flowholder 1413}","96.75746925739796","""""","9.9","false","{all-links}","0.01940245940816339","""default""","""none"""
"{flowholder 872}","{flowholder 1951}","96.99459834877914","""""","9.9","false","{all-links}","4.3213209766919115E-4","""default""","""none"""
"{flowholder 874}","{flowholder 1259}","96.91427033046035","""""","9.9","false","{all-links}","0.006858373563171672","""default""","""none"""
"{flowholder 876}","{flowholder 1202}","96.99459834877914","""""","9.9","false","{all-links}","4.3213209766919115E-4","""default""","""none"""
"{flowholder 876}","{flowholder 1274}","97","""""","9.9","false","{all-links}","0","""default""","""none"""
"{flowholder 876}","{flowholder 1312}","96.98381254673447","""""","9.9","false","{all-links}","0.0012949962612424316","""default""","""none"""
"{flowholder 878}","{flowholder 1628}","96.93023191018736","""""","9.9","false","{all-links}","0.005581447185011257","""default""","""none"""
"{flowholder 878}","{flowholder 1885}","97","""""","9.9","false","{all-links}","0","""default""","""none"""
"{flowholder 879}","{flowholder 1642}","97","""""","9.9","false","{all-links}","0","""default""","""none"""
"{flowholder 880}","{flowholder 998}","96.83523422594067","""""","9.9","false","{all-links}","0.013181261924746668","""default""","""none"""
"{flowholder 880}","{flowholder 1599}","97","""""","9.9","false","{all-links}","0","""default""","""none"""
"{flowholder 880}","{flowholder 1759}","96.84569847970454","""""","9.9","false","{all-links}","0.012344121623636984","""default""","""none"""
"{flowholder 882}","{flowholder 1712}","97","""""","9.9","false","{all-links}","0","""default""","""none"""
"{flowholder 883}","{flowholder 1495}","96.60069563644623","""""","9.9","false","{all-links}","0.031944349084301396","""default""","""none"""
"{flowholder 883}","{flowholder 2046}","96.59572536580593","""""","9.9","false","{all-links}","0.03234197073552538","""default""","""none"""
"{flowholder 884}","{flowholder 1559}","97","""""","9.9","false","{all-links}","0","""default""","""none"""
"{flowholder 887}","{flowholder 1241}","96.99459834877914","""""","9.9","false","{all-links}","4.3213209766919115E-4","""default""","""none"""
"{flowholder 887}","{flowholder 2432}","97","""""","9.9","false","{all-links}","0","""default""","""none"""
"{flowholder 889}","{flowholder 1357}","96.99459834877914","""""","9.9","false","{all-links}","4.3213209766919115E-4","""default""","""none"""
"{flowholder 890}","{flowholder 1382}","97","""""","9.9","false","{all-links}","0","""default""","""none"""
"{flowholder 890}","{flowholder 2162}","96.97842838330881","""""","9.9","false","{all-links}","0.0017257293352952452","""default""","""none"""
"{flowholder 893}","{flowholder 961}","96.95159469072291","""""","9.9","false","{all-links}","0.0038724247421669136","""default""","""none"""
"{flowholder 893}","{flowholder 2182}","96.87722731549293","""""","9.9","false","{all-links}","0.00982181476056554","""default""","""none"""
"{flowholder 896}","{flowholder 1340}","96.60567128242748","""""","9.9","false","{all-links}","0.031546297405801615","""default""","""none"""
"{flowholder 896}","{flowholder 2157}","96.76261445383378","""""","9.9","false","{all-links}","0.018990843693297867","""default""","""none"""
"{flowholder 898}","{flowholder 940}","97","""""","9.9","false","{all-links}","0","""default""","""none"""
"{flowholder 898}","{flowholder 1176}","96.99459834877914","""""","9.9","false","{all-links}","4.3213209766919115E-4","""default""","""none"""
"{flowholder 899}","{flowholder 1630}","97","""""","9.9","false","{all-links}","0","""default""","""none"""
"{flowholder 899}","{flowholder 2171}","96.99459834877914","""""","9.9","false","{all-links}","4.3213209766919115E-4","""default""","""none"""
"{flowholder 900}","{flowholder 1684}","96.71141190324185","""""","9.9","false","{all-links}","0.02308704774065178","""default""","""none"""
"{flowholder 901}","{flowholder 2403}","97","""""","9.9","false","{all-links}","0","""default""","""none"""
"{flowholder 902}","{flowholder 957}","96.98920253312531","""""","9.9","false","{all-links}","8.637973499753482E-4","""default""","""none"""
"{flowholder 904}","{flowholder 2466}","96.99459834877914","""""","9.9","false","{all-links}","4.3213209766919115E-4","""default""","""none"""
"{flowholder 905}","{flowholder 1564}","97","""""","9.9","false","{all-links}","0","""default""","""none"""
"{flowholder 905}","{flowholder 1581}","96.95694983354709","""""","9.9","false","{all-links}","0.0034440133162331856","""default""","""none"""
"{flowholder 906}","{flowholder 1750}","97","""""","9.9","false","{all-links}","0","""default""","""none"""
"{flowholder 907}","{flowholder 1329}","97","""""","9.9","false","{all-links}","0","""default""","""none"""
"{flowholder 910}","{flowholder 1197}","97","""""","9.9","false","{all-links}","0","""default""","""none"""
"{flowholder 911}","{flowholder 1219}","96.98920253312531","""""","9.9","false","{all-links}","8.637973499753482E-4","""default""","""none"""
"{flowholder 912}","{flowholder 1265}","96.99459834877914","""""","9.9","false","{all-links}","4.3213209766919115E-4","""default""","""none"""
"{flowholder 912}","{flowholder 1444}","96.98920253312531","""""","9.9","false","{all-links}","8.637973499753482E-4","""default""","""none"""
"{flowholder 913}","{flowholder 1627}","96.99459834877914","""""","9.9","false","{all-links}","4.3213209766919115E-4","""default""","""none"""
"{flowholder 913}","{flowholder 1787}","96.97842838330881","""""","9.9","false","{all-links}","0.0017257293352952452","""default""","""none"""
"{flowholder 914}","{flowholder 1071}","96.99459834877914","""""","9.9","false","{all-links}","4.3213209766919115E-4","""default""","""none"""
"{flowholder 914}","{flowholder 1854}","97","""""","9.9","false","{all-links}","0","""default""","""none"""
"{flowholder 918}","{flowholder 1169}","96.83523422594067","""""","9.9","false","{all-links}","0.013181261924746668","""default""","""none"""
"{flowholder 918}","{flowholder 2476}","96.98920253312531","""""","9.9","false","{all-links}","8.637973499753482E-4","""default""","""none"""
"{flowholder 919}","{flowholder 2342}","96.99459834877914","""""","9.9","false","{all-links}","4.3213209766919115E-4","""default""","""none"""
"{flowholder 920}","{flowholder 1846}","96.98920253312531","""""","9.9","false","{all-links}","8.637973499753482E-4","""default""","""none"""
"{flowholder 920}","{flowholder 1992}","96.99459834877914","""""","9.9","false","{all-links}","4.3213209766919115E-4","""default""","""none"""
"{flowholder 921}","{flowholder 1315}","96.96767750019758","""""","9.9","false","{all-links}","0.002585799984193482","""default""","""none"""
"{flowholder 921}","{flowholder 1446}","96.97842838330881","""""","9.9","false","{all-links}","0.0017257293352952452","""default""","""none"""
"{flowholder 921}","{flowholder 1693}","97","""""","9.9","false","{all-links}","0","""default""","""none"""
"{flowholder 924}","{flowholder 975}","96.98381254673447","""""","9.9","false","{all-links}","0.0012949962612424316","""default""","""none"""
"{flowholder 924}","{flowholder 1167}","96.97842838330881","""""","9.9","false","{all-links}","0.0017257293352952452","""default""","""none"""
"{flowholder 924}","{flowholder 2369}","96.95159469072291","""""","9.9","false","{all-links}","0.0038724247421669136","""default""","""none"""
"{flowholder 925}","{flowholder 1741}","97","""""","9.9","false","{all-links}","0","""default""","""none"""
"{flowholder 925}","{flowholder 2025}","96.96231076795068","""""","9.9","false","{all-links}","0.0030151385639453744","""default""","""none"""
"{flowholder 926}","{flowholder 1603}","97","""""","9.9","false","{all-links}","0","""default""","""none"""
"{flowholder 927}","{flowholder 1088}","97","""""","9.9","false","{all-links}","0","""default""","""none"""
"{flowholder 928}","{flowholder 1668}","97","""""","9.9","false","{all-links}","0","""default""","""none"""
"{flowholder 928}","{flowholder 1958}","96.99459834877914","""""","9.9","false","{all-links}","4.3213209766919115E-4","""default""","""none"""
"{flowholder 929}","{flowholder 1402}","96.97842838330881","""""","9.9","false","{all-links}","0.0017257293352952452","""default""","""none"""
"{flowholder 930}","{flowholder 1467}","97","""""","9.9","false","{all-links}","0","""default""","""none"""
"{flowholder 931}","{flowholder 1423}","96.97305003655786","""""","9.9","false","{all-links}","0.002155997075370797","""default""","""none"""
"{flowholder 931}","{flowholder 1793}","97","""""","9.9","false","{all-links}","0","""default""","""none"""
"{flowholder 932}","{flowholder 2405}","97","""""","9.9","false","{all-links}","0","""default""","""none"""
"{flowholder 933}","{flowholder 1188}","96.5364992871734","""""","9.9","false","{all-links}","0.03708005702612809","""default""","""none"""
"{flowholder 934}","{flowholder 2219}","96.97305003655786","""""","9.9","false","{all-links}","0.002155997075370797","""default""","""none"""
"{flowholder 937}","{flowholder 2332}","96.9195851070404","""""","9.9","false","{all-links}","0.006433191436767638","""default""","""none"""
"{flowholder 937}","{flowholder 2369}","96.93556394919374","""""","9.9","false","{all-links}","0.0051548840645011754","""default""","""none"""
"{flowholder 938}","{flowholder 2406}","97","""""","9.9","false","{all-links}","0","""default""","""none"""
"{flowholder 942}","{flowholder 2312}","96.98920253312531","""""","9.9","false","{all-links}","8.637973499753482E-4","""default""","""none"""
"{flowholder 943}","{flowholder 1259}","96.90896129559431","""""","9.9","false","{all-links}","0.007283096352455232","""default""","""none"""
"{flowholder 944}","{flowholder 1021}","96.99459834877914","""""","9.9","false","{all-links}","4.3213209766919115E-4","""default""","""none"""
"{flowholder 944}","{flowholder 1732}","97","""""","9.9","false","{all-links}","0","""default""","""none"""
"{flowholder 945}","{flowholder 2324}","96.99459834877914","""""","9.9","false","{all-links}","4.3213209766919115E-4","""default""","""none"""
"{flowholder 947}","{flowholder 1966}","96.50230385230823","""""","9.9","false","{all-links}","0.03981569181534157","""default""","""none"""
"{flowholder 947}","{flowholder 2286}","96.51204758918448","""""","9.9","false","{all-links}","0.039036192865241896","""default""","""none"""
"{flowholder 949}","{flowholder 2007}","96.94624533322164","""""","9.9","false","{all-links}","0.004300373342268804","""default""","""none"""
"{flowholder 949}","{flowholder 2321}","96.94090175479293","""""","9.9","false","{all-links}","0.004727859616565411","""default""","""none"""
"{flowholder 950}","{flowholder 1450}","97","""""","9.9","false","{all-links}","0","""default""","""none"""
"{flowholder 951}","{flowholder 1179}","96.77808345435714","""""","9.9","false","{all-links}","0.017753323651428454","""default""","""none"""
"{flowholder 951}","{flowholder 1772}","96.81437346207397","""""","9.9","false","{all-links}","0.014850123034082108","""default""","""none"""
"{flowholder 952}","{flowholder 1046}","96.98381254673447","""""","9.9","false","{all-links}","0.0012949962612424316","""default""","""none"""
"{flowholder 952}","{flowholder 2259}","96.99459834877914","""""","9.9","false","{all-links}","4.3213209766919115E-4","""default""","""none"""
"{flowholder 953}","{flowholder 2330}","96.63063034613596","""""","9.9","false","{all-links}","0.029549572309123296","""default""","""none"""
"{flowholder 955}","{flowholder 2482}","97","""""","9.9","false","{all-links}","0","""default""","""none"""
"{flowholder 957}","{flowholder 2434}","96.99459834877914","""""","9.9","false","{all-links}","4.3213209766919115E-4","""default""","""none"""
"{flowholder 959}","{flowholder 2067}","97","""""","9.9","false","{all-links}","0","""default""","""none"""
"{flowholder 960}","{flowholder 1461}","96.99459834877914","""""","9.9","false","{all-links}","4.3213209766919115E-4","""default""","""none"""
"{flowholder 960}","{flowholder 2060}","97","""""","9.9","false","{all-links}","0","""default""","""none"""
"{flowholder 962}","{flowholder 1506}","97","""""","9.9","false","{all-links}","0","""default""","""none"""
"{flowholder 963}","{flowholder 1812}","96.83001057616872","""""","9.9","false","{all-links}","0.01359915390650257","""default""","""none"""
"{flowholder 964}","{flowholder 2147}","96.89306857928337","""""","9.9","false","{all-links}","0.008554513657330754","""default""","""none"""
"{flowholder 965}","{flowholder 1446}","96.99459834877914","""""","9.9","false","{all-links}","4.3213209766919115E-4","""default""","""none"""
"{flowholder 966}","{flowholder 968}","97","""""","9.9","false","{all-links}","0","""default""","""none"""
"{flowholder 966}","{flowholder 969}","96.99459834877914","""""","9.9","false","{all-links}","4.3213209766919115E-4","""default""","""none"""
"{flowholder 967}","{flowholder 1115}","96.97305003655786","""""","9.9","false","{all-links}","0.002155997075370797","""default""","""none"""
"{flowholder 967}","{flowholder 2098}","96.98920253312531","""""","9.9","false","{all-links}","8.637973499753482E-4","""default""","""none"""
"{flowholder 967}","{flowholder 2139}","96.99459834877914","""""","9.9","false","{all-links}","4.3213209766919115E-4","""default""","""none"""
"{flowholder 969}","{flowholder 1059}","96.76261445383378","""""","9.9","false","{all-links}","0.018990843693297867","""default""","""none"""
"{flowholder 969}","{flowholder 2039}","96.77808345435714","""""","9.9","false","{all-links}","0.017753323651428454","""default""","""none"""
"{flowholder 971}","{flowholder 1033}","97","""""","9.9","false","{all-links}","0","""default""","""none"""
"{flowholder 975}","{flowholder 2440}","96.98920253312531","""""","9.9","false","{all-links}","8.637973499753482E-4","""default""","""none"""
"{flowholder 976}","{flowholder 1576}","96.99459834877914","""""","9.9","false","{all-links}","4.3213209766919115E-4","""default""","""none"""
"{flowholder 976}","{flowholder 2220}","97","""""","9.9","false","{all-links}","0","""default""","""none"""
"{flowholder 977}","{flowholder 1628}","96.99459834877914","""""","9.9","false","{all-links}","4.3213209766919115E-4","""default""","""none"""
"{flowholder 977}","{flowholder 1905}","97","""""","9.9","false","{all-links}","0","""default""","""none"""
"{flowholder 978}","{flowholder 2241}","96.91427033046035","""""","9.9","false","{all-links}","0.006858373563171672","""default""","""none"""
"{flowholder 980}","{flowholder 1073}","96.87195829931616","""""","9.9","false","{all-links}","0.010243336054706998","""default""","""none"""
"{flowholder 981}","{flowholder 1865}","96.99459834877914","""""","9.9","false","{all-links}","4.3213209766919115E-4","""default""","""none"""
"{flowholder 982}","{flowholder 1005}","96.21046271922934","""""","9.9","false","{all-links}","0.06316298246165274","""default""","""none"""
"{flowholder 982}","{flowholder 1455}","96.97842838330881","""""","9.9","false","{all-links}","0.0017257293352952452","""default""","""none"""
"{flowholder 982}","{flowholder 1776}","96.23785835439396","""""","9.9","false","{all-links}","0.060971331648482875","""default""","""none"""
"{flowholder 984}","{flowholder 1912}","96.98920253312531","""""","9.9","false","{all-links}","8.637973499753482E-4","""default""","""none"""
"{flowholder 984}","{flowholder 2150}","96.98381254673447","""""","9.9","false","{all-links}","0.0012949962612424316","""default""","""none"""
"{flowholder 985}","{flowholder 1471}","97","""""","9.9","false","{all-links}","0","""default""","""none"""
"{flowholder 985}","{flowholder 2398}","96.84046352508277","""""","9.9","false","{all-links}","0.012762917993378543","""default""","""none"""
"{flowholder 986}","{flowholder 2004}","96.77292154629208","""""","9.9","false","{all-links}","0.01816627629663343","""default""","""none"""
"{flowholder 986}","{flowholder 2157}","96.76776521479256","""""","9.9","false","{all-links}","0.018578782816595085","""default""","""none"""
"{flowholder 987}","{flowholder 1393}","97","""""","9.9","false","{all-links}","0","""default""","""none"""
"{flowholder 989}","{flowholder 1646}","96.98381254673447","""""","9.9","false","{all-links}","0.0012949962612424316","""default""","""none"""
"{flowholder 989}","{flowholder 1652}","97","""""","9.9","false","{all-links}","0","""default""","""none"""
"{flowholder 990}","{flowholder 1040}","96.97305003655786","""""","9.9","false","{all-links}","0.002155997075370797","""default""","""none"""
"{flowholder 990}","{flowholder 1306}","96.8195802003286","""""","9.9","false","{all-links}","0.01443358397371184","""default""","""none"""
"{flowholder 991}","{flowholder 1356}","96.99459834877914","""""","9.9","false","{all-links}","4.3213209766919115E-4","""default""","""none"""
"{flowholder 992}","{flowholder 1424}","97","""""","9.9","false","{all-links}","0","""default""","""none"""
"{flowholder 993}","{flowholder 1366}","97","""""","9.9","false","{all-links}","0","""default""","""none"""
"{flowholder 994}","{flowholder 1753}","96.99459834877914","""""","9.9","false","{all-links}","4.3213209766919115E-4","""default""","""none"""
"{flowholder 996}","{flowholder 1468}","97","""""","9.9","false","{all-links}","0","""default""","""none"""
"{flowholder 997}","{flowholder 1504}","96.98381254673447","""""","9.9","false","{all-links}","0.0012949962612424316","""default""","""none"""
"{flowholder 998}","{flowholder 1666}","96.83001057616872","""""","9.9","false","{all-links}","0.01359915390650257","""default""","""none"""
"{flowholder 999}","{flowholder 1938}","96.9036579962392","""""","9.9","false","{all-links}","0.007707360300863675","""default""","""none"""
"{flowholder 1002}","{flowholder 1228}","96.99459834877914","""""","9.9","false","{all-links}","4.3213209766919115E-4","""default""","""none"""
"{flowholder 1002}","{flowholder 2247}","96.97842838330881","""""","9.9","false","{all-links}","0.0017257293352952452","""default""","""none"""
"{flowholder 1003}","{flowholder 2258}","96.97305003655786","""""","9.9","false","{all-links}","0.002155997075370797","""default""","""none"""
"{flowholder 1004}","{flowholder 1453}","97","""""","9.9","false","{all-links}","0","""default""","""none"""
"{flowholder 1005}","{flowholder 1007}","96.85618537985981","""""","9.9","false","{all-links}","0.011505169611215262","""default""","""none"""
"{flowholder 1005}","{flowholder 1997}","96.99459834877914","""""","9.9","false","{all-links}","4.3213209766919115E-4","""default""","""none"""
"{flowholder 1007}","{flowholder 2088}","97","""""","9.9","false","{all-links}","0","""default""","""none"""
"{flowholder 1007}","{flowholder 2124}","96.86669497541706","""""","9.9","false","{all-links}","0.010664401966635052","""default""","""none"""
"{flowholder 1008}","{flowholder 2204}","96.99459834877914","""""","9.9","false","{all-links}","4.3213209766919115E-4","""default""","""none"""
"{flowholder 1009}","{flowholder 1548}","96.88778244931022","""""","9.9","false","{all-links}","0.008977404055182214","""default""","""none"""
"{flowholder 1011}","{flowholder 1131}","97","""""","9.9","false","{all-links}","0","""default""","""none"""
"{flowholder 1011}","{flowholder 2305}","96.69108534891176","""""","9.9","false","{all-links}","0.024713172087059566","""default""","""none"""
"{flowholder 1012}","{flowholder 1831}","96.82479256966349","""""","9.9","false","{all-links}","0.014016594426921093","""default""","""none"""
"{flowholder 1013}","{flowholder 1869}","96.92490563154387","""""","9.9","false","{all-links}","0.0060075494764908035","""default""","""none"""
"{flowholder 1013}","{flowholder 2233}","97","""""","9.9","false","{all-links}","0","""default""","""none"""
"{flowholder 1014}","{flowholder 1638}","96.99459834877914","""""","9.9","false","{all-links}","4.3213209766919115E-4","""default""","""none"""
"{flowholder 1014}","{flowholder 2167}","97","""""","9.9","false","{all-links}","0","""default""","""none"""
"{flowholder 1015}","{flowholder 1030}","97","""""","9.9","false","{all-links}","0","""default""","""none"""
"{flowholder 1016}","{flowholder 1609}","96.76261445383378","""""","9.9","false","{all-links}","0.018990843693297867","""default""","""none"""
"{flowholder 1016}","{flowholder 2463}","96.97842838330881","""""","9.9","false","{all-links}","0.0017257293352952452","""default""","""none"""
"{flowholder 1017}","{flowholder 1747}","96.99459834877914","""""","9.9","false","{all-links}","4.3213209766919115E-4","""default""","""none"""
"{flowholder 1017}","{flowholder 1844}","97","""""","9.9","false","{all-links}","0","""default""","""none"""
"{flowholder 1018}","{flowholder 1473}","96.62063053058169","""""","9.9","false","{all-links}","0.030349557553464603","""default""","""none"""
"{flowholder 1020}","{flowholder 1129}","96.96231076795068","""""","9.9","false","{all-links}","0.0030151385639453744","""default""","""none"""
"{flowholder 1020}","{flowholder 1626}","96.97305003655786","""""","9.9","false","{all-links}","0.002155997075370797","""default""","""none"""
"{flowholder 1020}","{flowholder 1803}","97","""""","9.9","false","{all-links}","0","""default""","""none"""
"{flowholder 1021}","{flowholder 1882}","96.98381254673447","""""","9.9","false","{all-links}","0.0012949962612424316","""default""","""none"""
"{flowholder 1022}","{flowholder 2219}","97","""""","9.9","false","{all-links}","0","""default""","""none"""
"{flowholder 1023}","{flowholder 1318}","96.99459834877914","""""","9.9","false","{all-links}","4.3213209766919115E-4","""default""","""none"""
"{flowholder 1024}","{flowholder 1728}","96.99459834877914","""""","9.9","false","{all-links}","4.3213209766919115E-4","""default""","""none"""
"{flowholder 1025}","{flowholder 1208}","96.89836042619866","""""","9.9","false","{all-links}","0.008131165904106874","""default""","""none"""
"{flowholder 1025}","{flowholder 1328}","96.99459834877914","""""","9.9","false","{all-links}","4.3213209766919115E-4","""default""","""none"""
"{flowholder 1025}","{flowholder 1345}","95.0575744603796","""""","9.9","false","{all-links}","0.15539404316963212","""default""","""none"""
"{flowholder 1025}","{flowholder 1389}","97","""""","9.9","false","{all-links}","0","""default""","""none"""
"{flowholder 1025}","{flowholder 1860}","95.13793168222392","""""","9.9","false","{all-links}","0.14896546542208627","""default""","""none"""
"{flowholder 1026}","{flowholder 1205}","97","""""","9.9","false","{all-links}","0","""default""","""none"""
"{flowholder 1027}","{flowholder 1796}","96.99459834877914","""""","9.9","false","{all-links}","4.3213209766919115E-4","""default""","""none"""
"{flowholder 1028}","{flowholder 1892}","96.89306857928337","""""","9.9","false","{all-links}","0.008554513657330754","""default""","""none"""
"{flowholder 1028}","{flowholder 2357}","96.89836042619866","""""","9.9","false","{all-links}","0.008131165904106874","""default""","""none"""
"{flowholder 1029}","{flowholder 2341}","97","""""","9.9","false","{all-links}","0","""default""","""none"""
"{flowholder 1032}","{flowholder 1790}","96.99459834877914","""""","9.9","false","{all-links}","4.3213209766919115E-4","""default""","""none"""
"{flowholder 1032}","{flowholder 2307}","97","""""","9.9","false","{all-links}","0","""default""","""none"""
"{flowholder 1033}","{flowholder 2002}","96.9036579962392","""""","9.9","false","{all-links}","0.007707360300863675","""default""","""none"""
"{flowholder 1033}","{flowholder 2496}","96.91427033046035","""""","9.9","false","{all-links}","0.006858373563171672","""default""","""none"""
"{flowholder 1034}","{flowholder 2084}","96.97842838330881","""""","9.9","false","{all-links}","0.0017257293352952452","""default""","""none"""
"{flowholder 1035}","{flowholder 1502}","96.89306857928337","""""","9.9","false","{all-links}","0.008554513657330754","""default""","""none"""
"{flowholder 1035}","{flowholder 1523}","96.87722731549293","""""","9.9","false","{all-links}","0.00982181476056554","""default""","""none"""
"{flowholder 1035}","{flowholder 2132}","96.99459834877914","""""","9.9","false","{all-links}","4.3213209766919115E-4","""default""","""none"""
"{flowholder 1036}","{flowholder 1728}","97","""""","9.9","false","{all-links}","0","""default""","""none"""
"{flowholder 1038}","{flowholder 1230}","97","""""","9.9","false","{all-links}","0","""default""","""none"""
"{flowholder 1039}","{flowholder 1451}","96.98381254673447","""""","9.9","false","{all-links}","0.0012949962612424316","""default""","""none"""
"{flowholder 1040}","{flowholder 1987}","96.97842838330881","""""","9.9","false","{all-links}","0.0017257293352952452","""default""","""none"""
"{flowholder 1041}","{flowholder 1664}","96.99459834877914","""""","9.9","false","{all-links}","4.3213209766919115E-4","""default""","""none"""
"{flowholder 1042}","{flowholder 1511}","96.99459834877914","""""","9.9","false","{all-links}","4.3213209766919115E-4","""default""","""none"""
"{flowholder 1042}","{flowholder 1949}","97","""""","9.9","false","{all-links}","0","""default""","""none"""
"{flowholder 1043}","{flowholder 1915}","96.64065180295984","""""","9.9","false","{all-links}","0.028747855763212996","""default""","""none"""
"{flowholder 1045}","{flowholder 1150}","97","""""","9.9","false","{all-links}","0","""default""","""none"""
"{flowholder 1045}","{flowholder 1702}","96.99459834877914","""""","9.9","false","{all-links}","4.3213209766919115E-4","""default""","""none"""
"{flowholder 1046}","{flowholder 2234}","96.98920253312531","""""","9.9","false","{all-links}","8.637973499753482E-4","""default""","""none"""
"{flowholder 1047}","{flowholder 1350}","96.93023191018736","""""","9.9","false","{all-links}","0.005581447185011257","""default""","""none"""
"{flowholder 1047}","{flowholder 1391}","96.94624533322164","""""","9.9","false","{all-links}","0.004300373342268804","""default""","""none"""
"{flowholder 1048}","{flowholder 1127}","96.93556394919374","""""","9.9","false","{all-links}","0.0051548840645011754","""default""","""none"""
"{flowholder 1049}","{flowholder 1591}","97","""""","9.9","false","{all-links}","0","""default""","""none"""
"{flowholder 1052}","{flowholder 2079}","97","""""","9.9","false","{all-links}","0","""default""","""none"""
"{flowholder 1053}","{flowholder 1847}","96.97842838330881","""""","9.9","false","{all-links}","0.0017257293352952452","""default""","""none"""
"{flowholder 1054}","{flowholder 2037}","97","""""","9.9","false","{all-links}","0","""default""","""none"""
"{flowholder 1054}","{flowholder 2440}","96.99459834877914","""""","9.9","false","{all-links}","4.3213209766919115E-4","""default""","""none"""
"{flowholder 1055}","{flowholder 1218}","96.94090175479293","""""","9.9","false","{all-links}","0.004727859616565411","""default""","""none"""
"{flowholder 1055}","{flowholder 1588}","96.93556394919374","""""","9.9","false","{all-links}","0.0051548840645011754","""default""","""none"""
"{flowholder 1056}","{flowholder 1830}","96.98920253312531","""""","9.9","false","{all-links}","8.637973499753482E-4","""default""","""none"""
"{flowholder 1057}","{flowholder 1099}","96.92490563154387","""""","9.9","false","{all-links}","0.0060075494764908035","""default""","""none"""
"{flowholder 1057}","{flowholder 1143}","96.94624533322164","""""","9.9","false","{all-links}","0.004300373342268804","""default""","""none"""
"{flowholder 1058}","{flowholder 2256}","96.6356383664643","""""","9.9","false","{all-links}","0.02914893068285549","""default""","""none"""
"{flowholder 1060}","{flowholder 1677}","96.94624533322164","""""","9.9","false","{all-links}","0.004300373342268804","""default""","""none"""
"{flowholder 1062}","{flowholder 1165}","97","""""","9.9","false","{all-links}","0","""default""","""none"""
"{flowholder 1063}","{flowholder 2165}","97","""""","9.9","false","{all-links}","0","""default""","""none"""
"{flowholder 1064}","{flowholder 2271}","96.96767750019758","""""","9.9","false","{all-links}","0.002585799984193482","""default""","""none"""
"{flowholder 1064}","{flowholder 2453}","96.96231076795068","""""","9.9","false","{all-links}","0.0030151385639453744","""default""","""none"""
"{flowholder 1065}","{flowholder 1927}","96.98920253312531","""""","9.9","false","{all-links}","8.637973499753482E-4","""default""","""none"""
"{flowholder 1066}","{flowholder 1661}","96.96767750019758","""""","9.9","false","{all-links}","0.002585799984193482","""default""","""none"""
"{flowholder 1067}","{flowholder 1459}","96.91427033046035","""""","9.9","false","{all-links}","0.006858373563171672","""default""","""none"""
"{flowholder 1067}","{flowholder 1530}","96.90896129559431","""""","9.9","false","{all-links}","0.007283096352455232","""default""","""none"""
"{flowholder 1068}","{flowholder 2174}","97","""""","9.9","false","{all-links}","0","""default""","""none"""
"{flowholder 1070}","{flowholder 2131}","97","""""","9.9","false","{all-links}","0","""default""","""none"""
"{flowholder 1071}","{flowholder 1178}","96.98381254673447","""""","9.9","false","{all-links}","0.0012949962612424316","""default""","""none"""
"{flowholder 1072}","{flowholder 1673}","97","""""","9.9","false","{all-links}","0","""default""","""none"""
"{flowholder 1073}","{flowholder 1187}","96.97305003655786","""""","9.9","false","{all-links}","0.002155997075370797","""default""","""none"""
"{flowholder 1073}","{flowholder 1898}","96.83523422594067","""""","9.9","false","{all-links}","0.013181261924746668","""default""","""none"""
"{flowholder 1074}","{flowholder 1762}","96.91427033046035","""""","9.9","false","{all-links}","0.006858373563171672","""default""","""none"""
"{flowholder 1074}","{flowholder 2193}","96.90896129559431","""""","9.9","false","{all-links}","0.007283096352455232","""default""","""none"""
"{flowholder 1075}","{flowholder 2458}","97","""""","9.9","false","{all-links}","0","""default""","""none"""
"{flowholder 1076}","{flowholder 1682}","96.99459834877914","""""","9.9","false","{all-links}","4.3213209766919115E-4","""default""","""none"""
"{flowholder 1077}","{flowholder 1135}","97","""""","9.9","false","{all-links}","0","""default""","""none"""
"{flowholder 1078}","{flowholder 1973}","97","""""","9.9","false","{all-links}","0","""default""","""none"""
"{flowholder 1079}","{flowholder 2173}","97","""""","9.9","false","{all-links}","0","""default""","""none"""
"{flowholder 1081}","{flowholder 1190}","97","""""","9.9","false","{all-links}","0","""default""","""none"""
"{flowholder 1082}","{flowholder 1811}","96.97842838330881","""""","9.9","false","{all-links}","0.0017257293352952452","""default""","""none"""
"{flowholder 1082}","{flowholder 2424}","96.98381254673447","""""","9.9","false","{all-links}","0.0012949962612424316","""default""","""none"""
"{flowholder 1083}","{flowholder 1558}","97","""""","9.9","false","{all-links}","0","""default""","""none"""
"{flowholder 1083}","{flowholder 2133}","96.37753361060757","""""","9.9","false","{all-links}","0.0497973111513943","""default""","""none"""
"{flowholder 1086}","{flowholder 1573}","96.97842838330881","""""","9.9","false","{all-links}","0.0017257293352952452","""default""","""none"""
"{flowholder 1086}","{flowholder 2034}","97","""""","9.9","false","{all-links}","0","""default""","""none"""
"{flowholder 1088}","{flowholder 2417}","96.89306857928337","""""","9.9","false","{all-links}","0.008554513657330754","""default""","""none"""
"{flowholder 1088}","{flowholder 2459}","96.9036579962392","""""","9.9","false","{all-links}","0.007707360300863675","""default""","""none"""
"{flowholder 1089}","{flowholder 1554}","97","""""","9.9","false","{all-links}","0","""default""","""none"""
"{flowholder 1090}","{flowholder 1117}","96.92490563154387","""""","9.9","false","{all-links}","0.0060075494764908035","""default""","""none"""
"{flowholder 1091}","{flowholder 2358}","96.98920253312531","""""","9.9","false","{all-links}","8.637973499753482E-4","""default""","""none"""
"{flowholder 1092}","{flowholder 1358}","97","""""","9.9","false","{all-links}","0","""default""","""none"""
"{flowholder 1094}","{flowholder 1177}","96.83523422594067","""""","9.9","false","{all-links}","0.013181261924746668","""default""","""none"""
"{flowholder 1094}","{flowholder 1560}","96.82479256966349","""""","9.9","false","{all-links}","0.014016594426921093","""default""","""none"""
"{flowholder 1094}","{flowholder 2029}","97","""""","9.9","false","{all-links}","0","""default""","""none"""
"{flowholder 1095}","{flowholder 1871}","96.99459834877914","""""","9.9","false","{all-links}","4.3213209766919115E-4","""default""","""none"""
"{flowholder 1096}","{flowholder 2112}","97","""""","9.9","false","{all-links}","0","""default""","""none"""
"{flowholder 1097}","{flowholder 1673}","96.97305003655786","""""","9.9","false","{all-links}","0.002155997075370797","""default""","""none"""
"{flowholder 1097}","{flowholder 2248}","96.88778244931022","""""","9.9","false","{all-links}","0.008977404055182214","""default""","""none"""
"{flowholder 1097}","{flowholder 2386}","96.85093909592251","""""","9.9","false","{all-links}","0.011924872326198967","""default""","""none"""
"{flowholder 1098}","{flowholder 1853}","96.99459834877914","""""","9.9","false","{all-links}","4.3213209766919115E-4","""default""","""none"""
"{flowholder 1099}","{flowholder 2383}","96.86669497541706","""""","9.9","false","{all-links}","0.010664401966635052","""default""","""none"""
"{flowholder 1101}","{flowholder 1345}","96.91427033046035","""""","9.9","false","{all-links}","0.006858373563171672","""default""","""none"""
"{flowholder 1101}","{flowholder 1858}","96.9195851070404","""""","9.9","false","{all-links}","0.006433191436767638","""default""","""none"""
"{flowholder 1102}","{flowholder 1790}","96.94090175479293","""""","9.9","false","{all-links}","0.004727859616565411","""default""","""none"""
"{flowholder 1102}","{flowholder 2277}","96.93556394919374","""""","9.9","false","{all-links}","0.0051548840645011754","""default""","""none"""
"{flowholder 1104}","{flowholder 1609}","97","""""","9.9","false","{all-links}","0","""default""","""none"""
"{flowholder 1105}","{flowholder 1327}","96.99459834877914","""""","9.9","false","{all-links}","4.3213209766919115E-4","""default""","""none"""
"{flowholder 1105}","{flowholder 1613}","97","""""","9.9","false","{all-links}","0","""default""","""none"""
"{flowholder 1106}","{flowholder 2265}","96.7267145975715","""""","9.9","false","{all-links}","0.021862832194279938","""default""","""none"""
"{flowholder 1107}","{flowholder 2366}","97","""""","9.9","false","{all-links}","0","""default""","""none"""
"{flowholder 1109}","{flowholder 1651}","96.95694983354709","""""","9.9","false","{all-links}","0.0034440133162331856","""default""","""none"""
"{flowholder 1109}","{flowholder 1835}","96.95159469072291","""""","9.9","false","{all-links}","0.0038724247421669136","""default""","""none"""
"{flowholder 1111}","{flowholder 1490}","96.87195829931616","""""","9.9","false","{all-links}","0.010243336054706998","""default""","""none"""
"{flowholder 1111}","{flowholder 1830}","96.98381254673447","""""","9.9","false","{all-links}","0.0012949962612424316","""default""","""none"""
"{flowholder 1112}","{flowholder 1212}","97","""""","9.9","false","{all-links}","0","""default""","""none"""
"{flowholder 1116}","{flowholder 2099}","96.99459834877914","""""","9.9","false","{all-links}","4.3213209766919115E-4","""default""","""none"""
"{flowholder 1118}","{flowholder 1660}","97","""""","9.9","false","{all-links}","0","""default""","""none"""
"{flowholder 1119}","{flowholder 1852}","96.98920253312531","""""","9.9","false","{all-links}","8.637973499753482E-4","""default""","""none"""
"{flowholder 1120}","{flowholder 2116}","96.96231076795068","""""","9.9","false","{all-links}","0.0030151385639453744","""default""","""none"""
"{flowholder 1120}","{flowholder 2295}","96.94624533322164","""""","9.9","false","{all-links}","0.004300373342268804","""default""","""none"""
"{flowholder 1121}","{flowholder 1507}","96.94090175479293","""""","9.9","false","{all-links}","0.004727859616565411","""default""","""none"""
"{flowholder 1123}","{flowholder 1396}","96.98920253312531","""""","9.9","false","{all-links}","8.637973499753482E-4","""default""","""none"""
"{flowholder 1124}","{flowholder 1148}","97","""""","9.9","false","{all-links}","0","""default""","""none"""
"{flowholder 1125}","{flowholder 1658}","97","""""","9.9","false","{all-links}","0","""default""","""none"""
"{flowholder 1125}","{flowholder 2273}","96.99459834877914","""""","9.9","false","{all-links}","4.3213209766919115E-4","""default""","""none"""
"{flowholder 1126}","{flowholder 1972}","97","""""","9.9","false","{all-links}","0","""default""","""none"""
"{flowholder 1128}","{flowholder 2203}","96.99459834877914","""""","9.9","false","{all-links}","4.3213209766919115E-4","""default""","""none"""
"{flowholder 1128}","{flowholder 2438}","97","""""","9.9","false","{all-links}","0","""default""","""none"""
"{flowholder 1130}","{flowholder 1515}","97","""""","9.9","false","{all-links}","0","""default""","""none"""
"{flowholder 1133}","{flowholder 1809}","96.98381254673447","""""","9.9","false","{all-links}","0.0012949962612424316","""default""","""none"""
"{flowholder 1134}","{flowholder 1811}","96.95694983354709","""""","9.9","false","{all-links}","0.0034440133162331856","""default""","""none"""
"{flowholder 1135}","{flowholder 1214}","96.98920253312531","""""","9.9","false","{all-links}","8.637973499753482E-4","""default""","""none"""
"{flowholder 1135}","{flowholder 1527}","96.97842838330881","""""","9.9","false","{all-links}","0.0017257293352952452","""default""","""none"""
"{flowholder 1137}","{flowholder 1871}","97","""""","9.9","false","{all-links}","0","""default""","""none"""
"{flowholder 1140}","{flowholder 1688}","96.99459834877914","""""","9.9","false","{all-links}","4.3213209766919115E-4","""default""","""none"""
"{flowholder 1141}","{flowholder 1928}","96.99459834877914","""""","9.9","false","{all-links}","4.3213209766919115E-4","""default""","""none"""
"{flowholder 1144}","{flowholder 2256}","96.88778244931022","""""","9.9","false","{all-links}","0.008977404055182214","""default""","""none"""
"{flowholder 1145}","{flowholder 1588}","96.42510764802314","""""","9.9","false","{all-links}","0.045991388158148544","""default""","""none"""
"{flowholder 1145}","{flowholder 1822}","96.97305003655786","""""","9.9","false","{all-links}","0.002155997075370797","""default""","""none"""
"{flowholder 1146}","{flowholder 1346}","97","""""","9.9","false","{all-links}","0","""default""","""none"""
"{flowholder 1146}","{flowholder 2122}","96.99459834877914","""""","9.9","false","{all-links}","4.3213209766919115E-4","""default""","""none"""
"{flowholder 1147}","{flowholder 1260}","96.97305003655786","""""","9.9","false","{all-links}","0.002155997075370797","""default""","""none"""
"{flowholder 1147}","{flowholder 2024}","96.97842838330881","""""","9.9","false","{all-links}","0.0017257293352952452","""default""","""none"""
"{flowholder 1148}","{flowholder 1781}","96.99459834877914","""""","9.9","false","{all-links}","4.3213209766919115E-4","""default""","""none"""
"{flowholder 1149}","{flowholder 2042}","96.95694983354709","""""","9.9","false","{all-links}","0.0034440133162331856","""default""","""none"""
"{flowholder 1151}","{flowholder 1504}","96.98920253312531","""""","9.9","false","{all-links}","8.637973499753482E-4","""default""","""none"""
"{flowholder 1152}","{flowholder 1351}","96.92490563154387","""""","9.9","false","{all-links}","0.0060075494764908035","""default""","""none"""
"{flowholder 1155}","{flowholder 1782}","96.93023191018736","""""","9.9","false","{all-links}","0.005581447185011257","""default""","""none"""
"{flowholder 1155}","{flowholder 1910}","97","""""","9.9","false","{all-links}","0","""default""","""none"""
"{flowholder 1156}","{flowholder 1331}","96.99459834877914","""""","9.9","false","{all-links}","4.3213209766919115E-4","""default""","""none"""
"{flowholder 1158}","{flowholder 1474}","96.79360269828754","""""","9.9","false","{all-links}","0.016511784136996523","""default""","""none"""
"{flowholder 1158}","{flowholder 2227}","96.79878697298982","""""","9.9","false","{all-links}","0.01609704216081469","""default""","""none"""
"{flowholder 1159}","{flowholder 1225}","96.99459834877914","""""","9.9","false","{all-links}","4.3213209766919115E-4","""default""","""none"""
"{flowholder 1161}","{flowholder 1397}","96.98381254673447","""""","9.9","false","{all-links}","0.0012949962612424316","""default""","""none"""
"{flowholder 1161}","{flowholder 2154}","96.93556394919374","""""","9.9","false","{all-links}","0.0051548840645011754","""default""","""none"""
"{flowholder 1163}","{flowholder 1883}","96.96767750019758","""""","9.9","false","{all-links}","0.002585799984193482","""default""","""none"""
"{flowholder 1164}","{flowholder 2238}","96.97842838330881","""""","9.9","false","{all-links}","0.0017257293352952452","""default""","""none"""
"{flowholder 1166}","{flowholder 1263}","97","""""","9.9","false","{all-links}","0","""default""","""none"""
"{flowholder 1167}","{flowholder 1444}","96.98381254673447","""""","9.9","false","{all-links}","0.0012949962612424316","""default""","""none"""
"{flowholder 1171}","{flowholder 1299}","96.97842838330881","""""","9.9","false","{all-links}","0.0017257293352952452","""default""","""none"""
"{flowholder 1171}","{flowholder 1683}","97","""""","9.9","false","{all-links}","0","""default""","""none"""
"{flowholder 1172}","{flowholder 1210}","96.96231076795068","""""","9.9","false","{all-links}","0.0030151385639453744","""default""","""none"""
"{flowholder 1172}","{flowholder 1889}","96.97305003655786","""""","9.9","false","{all-links}","0.002155997075370797","""default""","""none"""
"{flowholder 1173}","{flowholder 2172}","97","""""","9.9","false","{all-links}","0","""default""","""none"""
"{flowholder 1174}","{flowholder 1540}","96.98381254673447","""""","9.9","false","{all-links}","0.0012949962612424316","""default""","""none"""
"{flowholder 1174}","{flowholder 2387}","96.98920253312531","""""","9.9","false","{all-links}","8.637973499753482E-4","""default""","""none"""
"{flowholder 1175}","{flowholder 2119}","96.93556394919374","""""","9.9","false","{all-links}","0.0051548840645011754","""default""","""none"""
"{flowholder 1177}","{flowholder 1841}","96.8825020301033","""""","9.9","false","{all-links}","0.009399837591736305","""default""","""none"""
"{flowholder 1178}","{flowholder 1388}","96.97842838330881","""""","9.9","false","{all-links}","0.0017257293352952452","""default""","""none"""
"{flowholder 1180}","{flowholder 1943}","96.99459834877914","""""","9.9","false","{all-links}","4.3213209766919115E-4","""default""","""none"""
"{flowholder 1181}","{flowholder 1187}","96.98381254673447","""""","9.9","false","{all-links}","0.0012949962612424316","""default""","""none"""
"{flowholder 1181}","{flowholder 2328}","96.98920253312531","""""","9.9","false","{all-links}","8.637973499753482E-4","""default""","""none"""
"{flowholder 1182}","{flowholder 1686}","96.99459834877914","""""","9.9","false","{all-links}","4.3213209766919115E-4","""default""","""none"""
"{flowholder 1183}","{flowholder 1515}","96.98920253312531","""""","9.9","false","{all-links}","8.637973499753482E-4","""default""","""none"""
"{flowholder 1183}","{flowholder 1933}","96.99459834877914","""""","9.9","false","{all-links}","4.3213209766919115E-4","""default""","""none"""
"{flowholder 1186}","{flowholder 1529}","97","""""","9.9","false","{all-links}","0","""default""","""none"""
"{flowholder 1188}","{flowholder 2211}","96.99459834877914","""""","9.9","false","{all-links}","4.3213209766919115E-4","""default""","""none"""
"{flowholder 1188}","{flowholder 2286}","96.52181241313335","""""","9.9","false","{all-links}","0.03825500694933224","""default""","""none"""
"{flowholder 1189}","{flowholder 2059}","96.69615875124217","""""","9.9","false","{all-links}","0.024307299900626723","""default""","""none"""
"{flowholder 1189}","{flowholder 2155}","96.98381254673447","""""","9.9","false","{all-links}","0.0012949962612424316","""default""","""none"""
"{flowholder 1190}","{flowholder 1567}","96.99459834877914","""""","9.9","false","{all-links}","4.3213209766919115E-4","""default""","""none"""
"{flowholder 1191}","{flowholder 1206}","96.94624533322164","""""","9.9","false","{all-links}","0.004300373342268804","""default""","""none"""
"{flowholder 1191}","{flowholder 2043}","96.95159469072291","""""","9.9","false","{all-links}","0.0038724247421669136","""default""","""none"""
"{flowholder 1192}","{flowholder 1453}","96.98920253312531","""""","9.9","false","{all-links}","8.637973499753482E-4","""default""","""none"""
"{flowholder 1192}","{flowholder 2309}","96.99459834877914","""""","9.9","false","{all-links}","4.3213209766919115E-4","""default""","""none"""
"{flowholder 1193}","{flowholder 1997}","97","""""","9.9","false","{all-links}","0","""default""","""none"""
"{flowholder 1196}","{flowholder 1575}","97","""""","9.9","false","{all-links}","0","""default""","""none"""
"{flowholder 1196}","{flowholder 2489}","96.87195829931616","""""","9.9","false","{all-links}","0.010243336054706998","""default""","""none"""
"{flowholder 1197}","{flowholder 1985}","96.84046352508277","""""","9.9","false","{all-links}","0.012762917993378543","""default""","""none"""
"{flowholder 1198}","{flowholder 1649}","96.99459834877914","""""","9.9","false","{all-links}","4.3213209766919115E-4","""default""","""none"""
"{flowholder 1198}","{flowholder 1700}","97","""""","9.9","false","{all-links}","0","""default""","""none"""
"{flowholder 1199}","{flowholder 1229}","97","""""","9.9","false","{all-links}","0","""default""","""none"""
"{flowholder 1200}","{flowholder 1853}","97","""""","9.9","false","{all-links}","0","""default""","""none"""
"{flowholder 1201}","{flowholder 1707}","96.86669497541706","""""","9.9","false","{all-links}","0.010664401966635052","""default""","""none"""
"{flowholder 1201}","{flowholder 1979}","97","""""","9.9","false","{all-links}","0","""default""","""none"""
"{flowholder 1202}","{flowholder 1509}","97","""""","9.9","false","{all-links}","0","""default""","""none"""
"{flowholder 1203}","{flowholder 1348}","96.95159469072291","""""","9.9","false","{all-links}","0.0038724247421669136","""default""","""none"""
"{flowholder 1203}","{flowholder 2443}","96.74719553405514","""""","9.9","false","{all-links}","0.020224357275589","""default""","""none"""
"{flowholder 1204}","{flowholder 1815}","97","""""","9.9","false","{all-links}","0","""default""","""none"""
"{flowholder 1205}","{flowholder 2284}","96.99459834877914","""""","9.9","false","{all-links}","4.3213209766919115E-4","""default""","""none"""
"{flowholder 1208}","{flowholder 1794}","96.90896129559431","""""","9.9","false","{all-links}","0.007283096352455232","""default""","""none"""
"{flowholder 1208}","{flowholder 2240}","97","""""","9.9","false","{all-links}","0","""default""","""none"""
"{flowholder 1210}","{flowholder 1792}","97","""""","9.9","false","{all-links}","0","""default""","""none"""
"{flowholder 1211}","{flowholder 1431}","96.92490563154387","""""","9.9","false","{all-links}","0.0060075494764908035","""default""","""none"""
"{flowholder 1211}","{flowholder 2452}","96.94624533322164","""""","9.9","false","{all-links}","0.004300373342268804","""default""","""none"""
"{flowholder 1212}","{flowholder 1220}","96.99459834877914","""""","9.9","false","{all-links}","4.3213209766919115E-4","""default""","""none"""
"{flowholder 1212}","{flowholder 2436}","96.98381254673447","""""","9.9","false","{all-links}","0.0012949962612424316","""default""","""none"""
"{flowholder 1213}","{flowholder 1286}","96.99459834877914","""""","9.9","false","{all-links}","4.3213209766919115E-4","""default""","""none"""
"{flowholder 1213}","{flowholder 1289}","96.98920253312531","""""","9.9","false","{all-links}","8.637973499753482E-4","""default""","""none"""
"{flowholder 1214}","{flowholder 1371}","97","""""","9.9","false","{all-links}","0","""default""","""none"""
"{flowholder 1214}","{flowholder 1864}","97","""""","9.9","false","{all-links}","0","""default""","""none"""
"{flowholder 1216}","{flowholder 1370}","96.9036579962392","""""","9.9","false","{all-links}","0.007707360300863675","""default""","""none"""
"{flowholder 1216}","{flowholder 2402}","96.89836042619866","""""","9.9","false","{all-links}","0.008131165904106874","""default""","""none"""
"{flowholder 1218}","{flowholder 1813}","96.94624533322164","""""","9.9","false","{all-links}","0.004300373342268804","""default""","""none"""
"{flowholder 1219}","{flowholder 2459}","96.98381254673447","""""","9.9","false","{all-links}","0.0012949962612424316","""default""","""none"""
"{flowholder 1220}","{flowholder 2215}","97","""""","9.9","false","{all-links}","0","""default""","""none"""
"{flowholder 1223}","{flowholder 1788}","96.99459834877914","""""","9.9","false","{all-links}","4.3213209766919115E-4","""default""","""none"""
"{flowholder 1223}","{flowholder 2013}","96.97305003655786","""""","9.9","false","{all-links}","0.002155997075370797","""default""","""none"""
"{flowholder 1224}","{flowholder 1650}","96.98381254673447","""""","9.9","false","{all-links}","0.0012949962612424316","""default""","""none"""
"{flowholder 1225}","{flowholder 1463}","97","""""","9.9","false","{all-links}","0","""default""","""none"""
"{flowholder 1226}","{flowholder 1485}","96.97305003655786","""""","9.9","false","{all-links}","0.002155997075370797","""default""","""none"""
"{flowholder 1227}","{flowholder 1812}","96.84046352508277","""""","9.9","false","{all-links}","0.012762917993378543","""default""","""none"""
"{flowholder 1227}","{flowholder 2383}","96.86143733764582","""""","9.9","false","{all-links}","0.01108501298833402","""default""","""none"""
"{flowholder 1228}","{flowholder 1834}","97","""""","9.9","false","{all-links}","0","""default""","""none"""
"{flowholder 1231}","{flowholder 1699}","96.97842838330881","""""","9.9","false","{all-links}","0.0017257293352952452","""default""","""none"""
"{flowholder 1233}","{flowholder 1309}","96.99459834877914","""""","9.9","false","{all-links}","4.3213209766919115E-4","""default""","""none"""
"{flowholder 1234}","{flowholder 2338}","97","""""","9.9","false","{all-links}","0","""default""","""none"""
"{flowholder 1235}","{flowholder 1745}","96.99459834877914","""""","9.9","false","{all-links}","4.3213209766919115E-4","""default""","""none"""
"{flowholder 1235}","{flowholder 2380}","97","""""","9.9","false","{all-links}","0","""default""","""none"""
"{flowholder 1236}","{flowholder 1525}","96.99459834877914","""""","9.9","false","{all-links}","4.3213209766919115E-4","""default""","""none"""
"{flowholder 1236}","{flowholder 2207}","96.98920253312531","""""","9.9","false","{all-links}","8.637973499753482E-4","""default""","""none"""
"{flowholder 1237}","{flowholder 2110}","97","""""","9.9","false","{all-links}","0","""default""","""none"""
"{flowholder 1240}","{flowholder 2371}","97","""""","9.9","false","{all-links}","0","""default""","""none"""
"{flowholder 1241}","{flowholder 2424}","96.98920253312531","""""","9.9","false","{all-links}","8.637973499753482E-4","""default""","""none"""
"{flowholder 1242}","{flowholder 2020}","97","""""","9.9","false","{all-links}","0","""default""","""none"""
"{flowholder 1244}","{flowholder 1308}","92.67323692479115","""""","9.9","false","{all-links}","0.3461410460167076","""default""","""none"""
"{flowholder 1244}","{flowholder 2061}","92.66097880131294","""""","9.9","false","{all-links}","0.34712169589496517","""default""","""none"""
"{flowholder 1244}","{flowholder 2131}","96.92490563154387","""""","9.9","false","{all-links}","0.0060075494764908035","""default""","""none"""
"{flowholder 1245}","{flowholder 1316}","97","""""","9.9","false","{all-links}","0","""default""","""none"""
"{flowholder 1246}","{flowholder 1474}","96.77808345435714","""""","9.9","false","{all-links}","0.017753323651428454","""default""","""none"""
"{flowholder 1246}","{flowholder 2310}","96.77292154629208","""""","9.9","false","{all-links}","0.01816627629663343","""default""","""none"""
"{flowholder 1248}","{flowholder 2464}","97","""""","9.9","false","{all-links}","0","""default""","""none"""
"{flowholder 1250}","{flowholder 2301}","96.99459834877914","""""","9.9","false","{all-links}","4.3213209766919115E-4","""default""","""none"""
"{flowholder 1251}","{flowholder 2074}","96.97842838330881","""""","9.9","false","{all-links}","0.0017257293352952452","""default""","""none"""
"{flowholder 1251}","{flowholder 2114}","96.97305003655786","""""","9.9","false","{all-links}","0.002155997075370797","""default""","""none"""
"{flowholder 1252}","{flowholder 1888}","96.97842838330881","""""","9.9","false","{all-links}","0.0017257293352952452","""default""","""none"""
"{flowholder 1253}","{flowholder 1391}","96.95694983354709","""""","9.9","false","{all-links}","0.0034440133162331856","""default""","""none"""
"{flowholder 1253}","{flowholder 2418}","96.99459834877914","""""","9.9","false","{all-links}","4.3213209766919115E-4","""default""","""none"""
"{flowholder 1254}","{flowholder 1472}","96.80397685447815","""""","9.9","false","{all-links}","0.015681851641747936","""default""","""none"""
"{flowholder 1254}","{flowholder 2061}","96.79360269828754","""""","9.9","false","{all-links}","0.016511784136996523","""default""","""none"""
"{flowholder 1254}","{flowholder 2275}","97","""""","9.9","false","{all-links}","0","""default""","""none"""
"{flowholder 1255}","{flowholder 1678}","97","""""","9.9","false","{all-links}","0","""default""","""none"""
"{flowholder 1256}","{flowholder 1857}","96.94624533322164","""""","9.9","false","{all-links}","0.004300373342268804","""default""","""none"""
"{flowholder 1257}","{flowholder 1359}","96.98920253312531","""""","9.9","false","{all-links}","8.637973499753482E-4","""default""","""none"""
"{flowholder 1258}","{flowholder 1321}","97","""""","9.9","false","{all-links}","0","""default""","""none"""
"{flowholder 1260}","{flowholder 1278}","96.96231076795068","""""","9.9","false","{all-links}","0.0030151385639453744","""default""","""none"""
"{flowholder 1261}","{flowholder 1433}","97","""""","9.9","false","{all-links}","0","""default""","""none"""
"{flowholder 1262}","{flowholder 1480}","96.93023191018736","""""","9.9","false","{all-links}","0.005581447185011257","""default""","""none"""
"{flowholder 1263}","{flowholder 1521}","96.9195851070404","""""","9.9","false","{all-links}","0.006433191436767638","""default""","""none"""
"{flowholder 1263}","{flowholder 2232}","96.90896129559431","""""","9.9","false","{all-links}","0.007283096352455232","""default""","""none"""
"{flowholder 1264}","{flowholder 1487}","96.83523422594067","""""","9.9","false","{all-links}","0.013181261924746668","""default""","""none"""
"{flowholder 1264}","{flowholder 2454}","97","""""","9.9","false","{all-links}","0","""default""","""none"""
"{flowholder 1265}","{flowholder 1551}","97","""""","9.9","false","{all-links}","0","""default""","""none"""
"{flowholder 1266}","{flowholder 2090}","96.97842838330881","""""","9.9","false","{all-links}","0.0017257293352952452","""default""","""none"""
"{flowholder 1270}","{flowholder 1600}","97","""""","9.9","false","{all-links}","0","""default""","""none"""
"{flowholder 1272}","{flowholder 2062}","97","""""","9.9","false","{all-links}","0","""default""","""none"""
"{flowholder 1273}","{flowholder 1948}","97","""""","9.9","false","{all-links}","0","""default""","""none"""
"{flowholder 1275}","{flowholder 1437}","96.92490563154387","""""","9.9","false","{all-links}","0.0060075494764908035","""default""","""none"""
"{flowholder 1276}","{flowholder 1405}","96.99459834877914","""""","9.9","false","{all-links}","4.3213209766919115E-4","""default""","""none"""
"{flowholder 1276}","{flowholder 1824}","96.98920253312531","""""","9.9","false","{all-links}","8.637973499753482E-4","""default""","""none"""
"{flowholder 1277}","{flowholder 1499}","96.97842838330881","""""","9.9","false","{all-links}","0.0017257293352952452","""default""","""none"""
"{flowholder 1277}","{flowholder 1661}","96.97305003655786","""""","9.9","false","{all-links}","0.002155997075370797","""default""","""none"""
"{flowholder 1280}","{flowholder 1684}","96.70632202247002","""""","9.9","false","{all-links}","0.023494238202398512","""default""","""none"""
"{flowholder 1280}","{flowholder 1730}","96.68601742753121","""""","9.9","false","{all-links}","0.02511860579750307","""default""","""none"""
"{flowholder 1281}","{flowholder 2054}","97","""""","9.9","false","{all-links}","0","""default""","""none"""
"{flowholder 1282}","{flowholder 2107}","96.8825020301033","""""","9.9","false","{all-links}","0.009399837591736305","""default""","""none"""
"{flowholder 1282}","{flowholder 2442}","96.73694399674982","""""","9.9","false","{all-links}","0.0210444802600148","""default""","""none"""
"{flowholder 1283}","{flowholder 1818}","96.99459834877914","""""","9.9","false","{all-links}","4.3213209766919115E-4","""default""","""none"""
"{flowholder 1283}","{flowholder 2104}","96.76776521479256","""""","9.9","false","{all-links}","0.018578782816595085","""default""","""none"""
"{flowholder 1283}","{flowholder 2479}","96.78325094501852","""""","9.9","false","{all-links}","0.01733992439851817","""default""","""none"""
"{flowholder 1284}","{flowholder 1561}","96.85618537985981","""""","9.9","false","{all-links}","0.011505169611215262","""default""","""none"""
"{flowholder 1284}","{flowholder 1726}","96.86669497541706","""""","9.9","false","{all-links}","0.010664401966635052","""default""","""none"""
"{flowholder 1284}","{flowholder 2143}","97","""""","9.9","false","{all-links}","0","""default""","""none"""
"{flowholder 1285}","{flowholder 2223}","97","""""","9.9","false","{all-links}","0","""default""","""none"""
"{flowholder 1285}","{flowholder 2287}","97","""""","9.9","false","{all-links}","0","""default""","""none"""
"{flowholder 1286}","{flowholder 2163}","97","""""","9.9","false","{all-links}","0","""default""","""none"""
"{flowholder 1287}","{flowholder 1722}","97","""""","9.9","false","{all-links}","0","""default""","""none"""
"{flowholder 1287}","{flowholder 2317}","96.99459834877914","""""","9.9","false","{all-links}","4.3213209766919115E-4","""default""","""none"""
"{flowholder 1288}","{flowholder 1845}","96.97305003655786","""""","9.9","false","{all-links}","0.002155997075370797","""default""","""none"""
"{flowholder 1289}","{flowholder 1673}","96.98381254673447","""""","9.9","false","{all-links}","0.0012949962612424316","""default""","""none"""
"{flowholder 1290}","{flowholder 1980}","96.41078140337368","""""","9.9","false","{all-links}","0.04713748773010593","""default""","""none"""
"{flowholder 1292}","{flowholder 1436}","97","""""","9.9","false","{all-links}","0","""default""","""none"""
"{flowholder 1293}","{flowholder 2118}","96.99459834877914","""""","9.9","false","{all-links}","4.3213209766919115E-4","""default""","""none"""
"{flowholder 1294}","{flowholder 1553}","97","""""","9.9","false","{all-links}","0","""default""","""none"""
"{flowholder 1295}","{flowholder 1470}","96.95694983354709","""""","9.9","false","{all-links}","0.0034440133162331856","""default""","""none"""
"{flowholder 1295}","{flowholder 1711}","96.94624533322164","""""","9.9","false","{all-links}","0.004300373342268804","""default""","""none"""
"{flowholder 1295}","{flowholder 2304}","97","""""","9.9","false","{all-links}","0","""default""","""none"""
"{flowholder 1296}","{flowholder 1946}","96.99459834877914","""""","9.9","false","{all-links}","4.3213209766919115E-4","""default""","""none"""
"{flowholder 1296}","{flowholder 2214}","96.98920253312531","""""","9.9","false","{all-links}","8.637973499753482E-4","""default""","""none"""
"{flowholder 1297}","{flowholder 1698}","96.97842838330881","""""","9.9","false","{all-links}","0.0017257293352952452","""default""","""none"""
"{flowholder 1298}","{flowholder 1811}","92.61347449320621","""""","9.9","false","{all-links}","0.35092204054350307","""default""","""none"""
"{flowholder 1298}","{flowholder 1897}","96.99459834877914","""""","9.9","false","{all-links}","4.3213209766919115E-4","""default""","""none"""
"{flowholder 1298}","{flowholder 2061}","92.61546706206694","""""","9.9","false","{all-links}","0.3507626350346448","""default""","""none"""
"{flowholder 1302}","{flowholder 1363}","97","""""","9.9","false","{all-links}","0","""default""","""none"""
"{flowholder 1303}","{flowholder 1391}","97","""""","9.9","false","{all-links}","0","""default""","""none"""
"{flowholder 1304}","{flowholder 1849}","97","""""","9.9","false","{all-links}","0","""default""","""none"""
"{flowholder 1305}","{flowholder 1946}","97","""""","9.9","false","{all-links}","0","""default""","""none"""
"{flowholder 1307}","{flowholder 1549}","96.80397685447815","""""","9.9","false","{all-links}","0.015681851641747936","""default""","""none"""
"{flowholder 1307}","{flowholder 2160}","96.81437346207397","""""","9.9","false","{all-links}","0.014850123034082108","""default""","""none"""
"{flowholder 1307}","{flowholder 2352}","97","""""","9.9","false","{all-links}","0","""default""","""none"""
"{flowholder 1308}","{flowholder 1744}","96.99459834877914","""""","9.9","false","{all-links}","4.3213209766919115E-4","""default""","""none"""
"{flowholder 1308}","{flowholder 1840}","96.93023191018736","""""","9.9","false","{all-links}","0.005581447185011257","""default""","""none"""
"{flowholder 1309}","{flowholder 1790}","96.95694983354709","""""","9.9","false","{all-links}","0.0034440133162331856","""default""","""none"""
"{flowholder 1310}","{flowholder 1938}","96.9195851070404","""""","9.9","false","{all-links}","0.006433191436767638","""default""","""none"""
"{flowholder 1311}","{flowholder 2115}","96.99459834877914","""""","9.9","false","{all-links}","4.3213209766919115E-4","""default""","""none"""
"{flowholder 1311}","{flowholder 2235}","96.72160818483604","""""","9.9","false","{all-links}","0.022271345213116557","""default""","""none"""
"{flowholder 1312}","{flowholder 1343}","96.97305003655786","""""","9.9","false","{all-links}","0.002155997075370797","""default""","""none"""
"{flowholder 1312}","{flowholder 2052}","97","""""","9.9","false","{all-links}","0","""default""","""none"""
"{flowholder 1313}","{flowholder 1639}","96.95159469072291","""""","9.9","false","{all-links}","0.0038724247421669136","""default""","""none"""
"{flowholder 1315}","{flowholder 1583}","96.93556394919374","""""","9.9","false","{all-links}","0.0051548840645011754","""default""","""none"""
"{flowholder 1315}","{flowholder 1622}","96.97842838330881","""""","9.9","false","{all-links}","0.0017257293352952452","""default""","""none"""
"{flowholder 1317}","{flowholder 1540}","96.97842838330881","""""","9.9","false","{all-links}","0.0017257293352952452","""default""","""none"""
"{flowholder 1318}","{flowholder 1860}","96.98920253312531","""""","9.9","false","{all-links}","8.637973499753482E-4","""default""","""none"""
"{flowholder 1320}","{flowholder 1688}","96.79360269828754","""""","9.9","false","{all-links}","0.016511784136996523","""default""","""none"""
"{flowholder 1322}","{flowholder 1992}","97","""""","9.9","false","{all-links}","0","""default""","""none"""
"{flowholder 1324}","{flowholder 2342}","97","""""","9.9","false","{all-links}","0","""default""","""none"""
"{flowholder 1325}","{flowholder 1752}","96.99459834877914","""""","9.9","false","{all-links}","4.3213209766919115E-4","""default""","""none"""
"{flowholder 1325}","{flowholder 1777}","96.98381254673447","""""","9.9","false","{all-links}","0.0012949962612424316","""default""","""none"""
"{flowholder 1325}","{flowholder 2053}","97","""""","9.9","false","{all-links}","0","""default""","""none"""
"{flowholder 1327}","{flowholder 2395}","96.96767750019758","""""","9.9","false","{all-links}","0.002585799984193482","""default""","""none"""
"{flowholder 1328}","{flowholder 1336}","97","""""","9.9","false","{all-links}","0","""default""","""none"""
"{flowholder 1331}","{flowholder 1412}","97","""""","9.9","false","{all-links}","0","""default""","""none"""
"{flowholder 1332}","{flowholder 1627}","97","""""","9.9","false","{all-links}","0","""default""","""none"""
"{flowholder 1334}","{flowholder 1379}","96.89836042619866","""""","9.9","false","{all-links}","0.008131165904106874","""default""","""none"""
"{flowholder 1334}","{flowholder 1639}","96.9036579962392","""""","9.9","false","{all-links}","0.007707360300863675","""default""","""none"""
"{flowholder 1337}","{flowholder 1547}","96.97305003655786","""""","9.9","false","{all-links}","0.002155997075370797","""default""","""none"""
"{flowholder 1337}","{flowholder 1836}","96.98920253312531","""""","9.9","false","{all-links}","8.637973499753482E-4","""default""","""none"""
"{flowholder 1338}","{flowholder 2113}","97","""""","9.9","false","{all-links}","0","""default""","""none"""
"{flowholder 1339}","{flowholder 1687}","97","""""","9.9","false","{all-links}","0","""default""","""none"""
"{flowholder 1340}","{flowholder 2247}","96.60069563644623","""""","9.9","false","{all-links}","0.031944349084301396","""default""","""none"""
"{flowholder 1341}","{flowholder 2229}","96.97305003655786","""""","9.9","false","{all-links}","0.002155997075370797","""default""","""none"""
"{flowholder 1342}","{flowholder 2074}","96.98381254673447","""""","9.9","false","{all-links}","0.0012949962612424316","""default""","""none"""
"{flowholder 1342}","{flowholder 2348}","96.98920253312531","""""","9.9","false","{all-links}","8.637973499753482E-4","""default""","""none"""
"{flowholder 1343}","{flowholder 2015}","96.96231076795068","""""","9.9","false","{all-links}","0.0030151385639453744","""default""","""none"""
"{flowholder 1343}","{flowholder 2483}","97","""""","9.9","false","{all-links}","0","""default""","""none"""
"{flowholder 1344}","{flowholder 1941}","96.99459834877914","""""","9.9","false","{all-links}","4.3213209766919115E-4","""default""","""none"""
"{flowholder 1345}","{flowholder 1423}","94.99865989034744","""""","9.9","false","{all-links}","0.16010720877220477","""default""","""none"""
"{flowholder 1347}","{flowholder 1526}","97","""""","9.9","false","{all-links}","0","""default""","""none"""
"{flowholder 1347}","{flowholder 1970}","96.97305003655786","""""","9.9","false","{all-links}","0.002155997075370797","""default""","""none"""
"{flowholder 1348}","{flowholder 1663}","96.95694983354709","""""","9.9","false","{all-links}","0.0034440133162331856","""default""","""none"""
"{flowholder 1349}","{flowholder 1552}","97","""""","9.9","false","{all-links}","0","""default""","""none"""
"{flowholder 1349}","{flowholder 2101}","96.99459834877914","""""","9.9","false","{all-links}","4.3213209766919115E-4","""default""","""none"""
"{flowholder 1352}","{flowholder 1461}","96.17872489793744","""""","9.9","false","{all-links}","0.0657020081650046","""default""","""none"""
"{flowholder 1352}","{flowholder 1581}","96.95159469072291","""""","9.9","false","{all-links}","0.0038724247421669136","""default""","""none"""
"{flowholder 1352}","{flowholder 1588}","96.22870672735372","""""","9.9","false","{all-links}","0.06170346181170201","""default""","""none"""
"{flowholder 1353}","{flowholder 2458}","96.66075982785898","""""","9.9","false","{all-links}","0.027139213771281458","""default""","""none"""
"{flowholder 1354}","{flowholder 1556}","96.99459834877914","""""","9.9","false","{all-links}","4.3213209766919115E-4","""default""","""none"""
"{flowholder 1356}","{flowholder 2467}","96.98920253312531","""""","9.9","false","{all-links}","8.637973499753482E-4","""default""","""none"""
"{flowholder 1357}","{flowholder 1848}","96.99459834877914","""""","9.9","false","{all-links}","4.3213209766919115E-4","""default""","""none"""
"{flowholder 1358}","{flowholder 1379}","96.87195829931616","""""","9.9","false","{all-links}","0.010243336054706998","""default""","""none"""
"{flowholder 1358}","{flowholder 1754}","96.86143733764582","""""","9.9","false","{all-links}","0.01108501298833402","""default""","""none"""
"{flowholder 1360}","{flowholder 1505}","97","""""","9.9","false","{all-links}","0","""default""","""none"""
"{flowholder 1362}","{flowholder 1492}","97","""""","9.9","false","{all-links}","0","""default""","""none"""
"{flowholder 1362}","{flowholder 2251}","96.98920253312531","""""","9.9","false","{all-links}","8.637973499753482E-4","""default""","""none"""
"{flowholder 1363}","{flowholder 1562}","96.99459834877914","""""","9.9","false","{all-links}","4.3213209766919115E-4","""default""","""none"""
"{flowholder 1364}","{flowholder 2232}","96.9036579962392","""""","9.9","false","{all-links}","0.007707360300863675","""default""","""none"""
"{flowholder 1367}","{flowholder 1469}","96.49258115696722","""""","9.9","false","{all-links}","0.04059350744262247","""default""","""none"""
"{flowholder 1367}","{flowholder 1957}","96.95694983354709","""""","9.9","false","{all-links}","0.0034440133162331856","""default""","""none"""
"{flowholder 1368}","{flowholder 1893}","96.98920253312531","""""","9.9","false","{all-links}","8.637973499753482E-4","""default""","""none"""
"{flowholder 1369}","{flowholder 1484}","97","""""","9.9","false","{all-links}","0","""default""","""none"""
"{flowholder 1369}","{flowholder 1610}","96.89306857928337","""""","9.9","false","{all-links}","0.008554513657330754","""default""","""none"""
"{flowholder 1369}","{flowholder 1734}","96.8825020301033","""""","9.9","false","{all-links}","0.009399837591736305","""default""","""none"""
"{flowholder 1370}","{flowholder 1454}","97","""""","9.9","false","{all-links}","0","""default""","""none"""
"{flowholder 1372}","{flowholder 2251}","97","""""","9.9","false","{all-links}","0","""default""","""none"""
"{flowholder 1373}","{flowholder 2491}","97","""""","9.9","false","{all-links}","0","""default""","""none"""
"{flowholder 1374}","{flowholder 2239}","97","""""","9.9","false","{all-links}","0","""default""","""none"""
"{flowholder 1375}","{flowholder 2377}","97","""""","9.9","false","{all-links}","0","""default""","""none"""
"{flowholder 1376}","{flowholder 2130}","97","""""","9.9","false","{all-links}","0","""default""","""none"""
"{flowholder 1377}","{flowholder 2078}","96.94090175479293","""""","9.9","false","{all-links}","0.004727859616565411","""default""","""none"""
"{flowholder 1379}","{flowholder 1846}","96.98381254673447","""""","9.9","false","{all-links}","0.0012949962612424316","""default""","""none"""
"{flowholder 1381}","{flowholder 2080}","97","""""","9.9","false","{all-links}","0","""default""","""none"""
"{flowholder 1383}","{flowholder 1641}","96.87722731549293","""""","9.9","false","{all-links}","0.00982181476056554","""default""","""none"""
"{flowholder 1383}","{flowholder 2078}","96.93023191018736","""""","9.9","false","{all-links}","0.005581447185011257","""default""","""none"""
"{flowholder 1383}","{flowholder 2329}","96.95694983354709","""""","9.9","false","{all-links}","0.0034440133162331856","""default""","""none"""
"{flowholder 1384}","{flowholder 2379}","96.97842838330881","""""","9.9","false","{all-links}","0.0017257293352952452","""default""","""none"""
"{flowholder 1386}","{flowholder 1713}","96.98920253312531","""""","9.9","false","{all-links}","8.637973499753482E-4","""default""","""none"""
"{flowholder 1386}","{flowholder 1738}","97","""""","9.9","false","{all-links}","0","""default""","""none"""
"{flowholder 1386}","{flowholder 1895}","97","""""","9.9","false","{all-links}","0","""default""","""none"""
"{flowholder 1387}","{flowholder 2390}","96.90896129559431","""""","9.9","false","{all-links}","0.007283096352455232","""default""","""none"""
"{flowholder 1388}","{flowholder 1510}","96.97305003655786","""""","9.9","false","{all-links}","0.002155997075370797","""default""","""none"""
"{flowholder 1392}","{flowholder 2281}","97","""""","9.9","false","{all-links}","0","""default""","""none"""
"{flowholder 1395}","{flowholder 2044}","97","""""","9.9","false","{all-links}","0","""default""","""none"""
"{flowholder 1396}","{flowholder 1534}","97","""""","9.9","false","{all-links}","0","""default""","""none"""
"{flowholder 1396}","{flowholder 1784}","96.97842838330881","""""","9.9","false","{all-links}","0.0017257293352952452","""default""","""none"""
"{flowholder 1399}","{flowholder 1594}","97","""""","9.9","false","{all-links}","0","""default""","""none"""
"{flowholder 1400}","{flowholder 1414}","97","""""","9.9","false","{all-links}","0","""default""","""none"""
"{flowholder 1400}","{flowholder 2049}","96.6356383664643","""""","9.9","false","{all-links}","0.02914893068285549","""default""","""none"""
"{flowholder 1400}","{flowholder 2491}","96.64567066147991","""""","9.9","false","{all-links}","0.028346347081607083","""default""","""none"""
"{flowholder 1401}","{flowholder 1900}","96.99459834877914","""""","9.9","false","{all-links}","4.3213209766919115E-4","""default""","""none"""
"{flowholder 1401}","{flowholder 2023}","97","""""","9.9","false","{all-links}","0","""default""","""none"""
"{flowholder 1402}","{flowholder 1829}","96.98381254673447","""""","9.9","false","{all-links}","0.0012949962612424316","""default""","""none"""
"{flowholder 1403}","{flowholder 1431}","97","""""","9.9","false","{all-links}","0","""default""","""none"""
"{flowholder 1404}","{flowholder 1890}","97","""""","9.9","false","{all-links}","0","""default""","""none"""
"{flowholder 1406}","{flowholder 1567}","97","""""","9.9","false","{all-links}","0","""default""","""none"""
"{flowholder 1407}","{flowholder 1624}","96.97305003655786","""""","9.9","false","{all-links}","0.002155997075370797","""default""","""none"""
"{flowholder 1407}","{flowholder 2040}","96.97842838330881","""""","9.9","false","{all-links}","0.0017257293352952452","""default""","""none"""
"{flowholder 1408}","{flowholder 2322}","97","""""","9.9","false","{all-links}","0","""default""","""none"""
"{flowholder 1410}","{flowholder 1453}","96.97842838330881","""""","9.9","false","{all-links}","0.0017257293352952452","""default""","""none"""
"{flowholder 1413}","{flowholder 1458}","96.96767750019758","""""","9.9","false","{all-links}","0.002585799984193482","""default""","""none"""
"{flowholder 1413}","{flowholder 1549}","96.79878697298982","""""","9.9","false","{all-links}","0.01609704216081469","""default""","""none"""
"{flowholder 1415}","{flowholder 1656}","97","""""","9.9","false","{all-links}","0","""default""","""none"""
"{flowholder 1416}","{flowholder 2466}","96.98920253312531","""""","9.9","false","{all-links}","8.637973499753482E-4","""default""","""none"""
"{flowholder 1418}","{flowholder 1498}","96.97842838330881","""""","9.9","false","{all-links}","0.0017257293352952452","""default""","""none"""
"{flowholder 1418}","{flowholder 1924}","96.95159469072291","""""","9.9","false","{all-links}","0.0038724247421669136","""default""","""none"""
"{flowholder 1418}","{flowholder 2437}","96.98381254673447","""""","9.9","false","{all-links}","0.0012949962612424316","""default""","""none"""
"{flowholder 1420}","{flowholder 1918}","97","""""","9.9","false","{all-links}","0","""default""","""none"""
"{flowholder 1421}","{flowholder 1839}","96.99459834877914","""""","9.9","false","{all-links}","4.3213209766919115E-4","""default""","""none"""
"{flowholder 1422}","{flowholder 2169}","96.98920253312531","""""","9.9","false","{all-links}","8.637973499753482E-4","""default""","""none"""
"{flowholder 1423}","{flowholder 2209}","97","""""","9.9","false","{all-links}","0","""default""","""none"""
"{flowholder 1425}","{flowholder 2485}","97","""""","9.9","false","{all-links}","0","""default""","""none"""
"{flowholder 1426}","{flowholder 2289}","97","""""","9.9","false","{all-links}","0","""default""","""none"""
"{flowholder 1427}","{flowholder 2390}","96.89836042619866","""""","9.9","false","{all-links}","0.008131165904106874","""default""","""none"""
"{flowholder 1428}","{flowholder 1855}","97","""""","9.9","false","{all-links}","0","""default""","""none"""
"{flowholder 1429}","{flowholder 1747}","97","""""","9.9","false","{all-links}","0","""default""","""none"""
"{flowholder 1430}","{flowholder 1640}","96.98920253312531","""""","9.9","false","{all-links}","8.637973499753482E-4","""default""","""none"""
"{flowholder 1430}","{flowholder 1717}","96.98381254673447","""""","9.9","false","{all-links}","0.0012949962612424316","""default""","""none"""
"{flowholder 1432}","{flowholder 1689}","97","""""","9.9","false","{all-links}","0","""default""","""none"""
"{flowholder 1433}","{flowholder 2103}","96.99459834877914","""""","9.9","false","{all-links}","4.3213209766919115E-4","""default""","""none"""
"{flowholder 1434}","{flowholder 1706}","96.95694983354709","""""","9.9","false","{all-links}","0.0034440133162331856","""default""","""none"""
"{flowholder 1435}","{flowholder 1959}","96.98381254673447","""""","9.9","false","{all-links}","0.0012949962612424316","""default""","""none"""
"{flowholder 1436}","{flowholder 1503}","96.98381254673447","""""","9.9","false","{all-links}","0.0012949962612424316","""default""","""none"""
"{flowholder 1436}","{flowholder 2335}","96.99459834877914","""""","9.9","false","{all-links}","4.3213209766919115E-4","""default""","""none"""
"{flowholder 1438}","{flowholder 1476}","96.89306857928337","""""","9.9","false","{all-links}","0.008554513657330754","""default""","""none"""
"{flowholder 1438}","{flowholder 1707}","96.87722731549293","""""","9.9","false","{all-links}","0.00982181476056554","""default""","""none"""
"{flowholder 1438}","{flowholder 2138}","96.99459834877914","""""","9.9","false","{all-links}","4.3213209766919115E-4","""default""","""none"""
"{flowholder 1439}","{flowholder 1826}","97","""""","9.9","false","{all-links}","0","""default""","""none"""
"{flowholder 1440}","{flowholder 1498}","96.98381254673447","""""","9.9","false","{all-links}","0.0012949962612424316","""default""","""none"""
"{flowholder 1440}","{flowholder 2171}","96.98920253312531","""""","9.9","false","{all-links}","8.637973499753482E-4","""default""","""none"""
"{flowholder 1441}","{flowholder 2362}","97","""""","9.9","false","{all-links}","0","""default""","""none"""
"{flowholder 1442}","{flowholder 2459}","96.93023191018736","""""","9.9","false","{all-links}","0.005581447185011257","""default""","""none"""
"{flowholder 1442}","{flowholder 2460}","96.93556394919374","""""","9.9","false","{all-links}","0.0051548840645011754","""default""","""none"""
"{flowholder 1443}","{flowholder 1954}","97","""""","9.9","false","{all-links}","0","""default""","""none"""
"{flowholder 1447}","{flowholder 1458}","97","""""","9.9","false","{all-links}","0","""default""","""none"""
"{flowholder 1448}","{flowholder 2357}","96.9036579962392","""""","9.9","false","{all-links}","0.007707360300863675","""default""","""none"""
"{flowholder 1450}","{flowholder 1537}","96.98381254673447","""""","9.9","false","{all-links}","0.0012949962612424316","""default""","""none"""
"{flowholder 1450}","{flowholder 2334}","96.99459834877914","""""","9.9","false","{all-links}","4.3213209766919115E-4","""default""","""none"""
"{flowholder 1451}","{flowholder 1724}","96.95694983354709","""""","9.9","false","{all-links}","0.0034440133162331856","""default""","""none"""
"{flowholder 1452}","{flowholder 1932}","96.99459834877914","""""","9.9","false","{all-links}","4.3213209766919115E-4","""default""","""none"""
"{flowholder 1452}","{flowholder 2433}","97","""""","9.9","false","{all-links}","0","""default""","""none"""
"{flowholder 1456}","{flowholder 1923}","96.97842838330881","""""","9.9","false","{all-links}","0.0017257293352952452","""default""","""none"""
"{flowholder 1456}","{flowholder 2230}","96.97305003655786","""""","9.9","false","{all-links}","0.002155997075370797","""default""","""none"""
"{flowholder 1458}","{flowholder 2249}","96.97842838330881","""""","9.9","false","{all-links}","0.0017257293352952452","""default""","""none"""
"{flowholder 1459}","{flowholder 2019}","97","""""","9.9","false","{all-links}","0","""default""","""none"""
"{flowholder 1459}","{flowholder 2022}","96.92490563154387","""""","9.9","false","{all-links}","0.0060075494764908035","""default""","""none"""
"{flowholder 1460}","{flowholder 2130}","96.99459834877914","""""","9.9","false","{all-links}","4.3213209766919115E-4","""default""","""none"""
"{flowholder 1461}","{flowholder 2017}","96.98920253312531","""""","9.9","false","{all-links}","8.637973499753482E-4","""default""","""none"""
"{flowholder 1464}","{flowholder 1577}","96.79360269828754","""""","9.9","false","{all-links}","0.016511784136996523","""default""","""none"""
"{flowholder 1464}","{flowholder 1911}","97","""""","9.9","false","{all-links}","0","""default""","""none"""
"{flowholder 1464}","{flowholder 2198}","96.80397685447815","""""","9.9","false","{all-links}","0.015681851641747936","""default""","""none"""
"{flowholder 1465}","{flowholder 2049}","97","""""","9.9","false","{all-links}","0","""default""","""none"""
"{flowholder 1466}","{flowholder 2156}","97","""""","9.9","false","{all-links}","0","""default""","""none"""
"{flowholder 1469}","{flowholder 1966}","96.49743987728812","""""","9.9","false","{all-links}","0.04020480981695074","""default""","""none"""
"{flowholder 1470}","{flowholder 1970}","96.96231076795068","""""","9.9","false","{all-links}","0.0030151385639453744","""default""","""none"""
"{flowholder 1475}","{flowholder 1588}","96.99459834877914","""""","9.9","false","{all-links}","4.3213209766919115E-4","""default""","""none"""
"{flowholder 1475}","{flowholder 1765}","97","""""","9.9","false","{all-links}","0","""default""","""none"""
"{flowholder 1476}","{flowholder 2193}","96.89836042619866","""""","9.9","false","{all-links}","0.008131165904106874","""default""","""none"""
"{flowholder 1477}","{flowholder 2196}","97","""""","9.9","false","{all-links}","0","""default""","""none"""
"{flowholder 1479}","{flowholder 1643}","96.98920253312531","""""","9.9","false","{all-links}","8.637973499753482E-4","""default""","""none"""
"{flowholder 1479}","{flowholder 2153}","96.99459834877914","""""","9.9","false","{all-links}","4.3213209766919115E-4","""default""","""none"""
"{flowholder 1480}","{flowholder 2122}","96.91427033046035","""""","9.9","false","{all-links}","0.006858373563171672","""default""","""none"""
"{flowholder 1482}","{flowholder 1527}","97","""""","9.9","false","{all-links}","0","""default""","""none"""
"{flowholder 1483}","{flowholder 1813}","96.95159469072291","""""","9.9","false","{all-links}","0.0038724247421669136","""default""","""none"""
"{flowholder 1483}","{flowholder 2063}","96.99459834877914","""""","9.9","false","{all-links}","4.3213209766919115E-4","""default""","""none"""
"{flowholder 1485}","{flowholder 2322}","96.97842838330881","""""","9.9","false","{all-links}","0.0017257293352952452","""default""","""none"""
"{flowholder 1489}","{flowholder 1956}","96.83001057616872","""""","9.9","false","{all-links}","0.01359915390650257","""default""","""none"""
"{flowholder 1493}","{flowholder 2318}","97","""""","9.9","false","{all-links}","0","""default""","""none"""
"{flowholder 1493}","{flowholder 2480}","96.99459834877914","""""","9.9","false","{all-links}","4.3213209766919115E-4","""default""","""none"""
"{flowholder 1494}","{flowholder 1714}","96.88778244931022","""""","9.9","false","{all-links}","0.008977404055182214","""default""","""none"""
"{flowholder 1494}","{flowholder 2055}","97","""""","9.9","false","{all-links}","0","""default""","""none"""
"{flowholder 1495}","{flowholder 1877}","96.60567128242748","""""","9.9","false","{all-links}","0.031546297405801615","""default""","""none"""
"{flowholder 1496}","{flowholder 2096}","96.9195851070404","""""","9.9","false","{all-links}","0.006433191436767638","""default""","""none"""
"{flowholder 1499}","{flowholder 2467}","96.98381254673447","""""","9.9","false","{all-links}","0.0012949962612424316","""default""","""none"""
"{flowholder 1500}","{flowholder 2496}","97","""""","9.9","false","{all-links}","0","""default""","""none"""
"{flowholder 1503}","{flowholder 2351}","97","""""","9.9","false","{all-links}","0","""default""","""none"""
"{flowholder 1505}","{flowholder 1663}","96.96767750019758","""""","9.9","false","{all-links}","0.002585799984193482","""default""","""none"""
"{flowholder 1505}","{flowholder 2436}","96.97842838330881","""""","9.9","false","{all-links}","0.0017257293352952452","""default""","""none"""
"{flowholder 1507}","{flowholder 1592}","97","""""","9.9","false","{all-links}","0","""default""","""none"""
"{flowholder 1510}","{flowholder 2159}","96.96767750019758","""""","9.9","false","{all-links}","0.002585799984193482","""default""","""none"""
"{flowholder 1511}","{flowholder 2478}","96.98920253312531","""""","9.9","false","{all-links}","8.637973499753482E-4","""default""","""none"""
"{flowholder 1512}","{flowholder 1670}","96.98381254673447","""""","9.9","false","{all-links}","0.0012949962612424316","""default""","""none"""
"{flowholder 1514}","{flowholder 2021}","97","""""","9.9","false","{all-links}","0","""default""","""none"""
"{flowholder 1514}","{flowholder 2274}","96.99459834877914","""""","9.9","false","{all-links}","4.3213209766919115E-4","""default""","""none"""
"{flowholder 1516}","{flowholder 1587}","97","""""","9.9","false","{all-links}","0","""default""","""none"""
"{flowholder 1516}","{flowholder 1926}","96.99459834877914","""""","9.9","false","{all-links}","4.3213209766919115E-4","""default""","""none"""
"{flowholder 1518}","{flowholder 2229}","97","""""","9.9","false","{all-links}","0","""default""","""none"""
"{flowholder 1519}","{flowholder 1686}","97","""""","9.9","false","{all-links}","0","""default""","""none"""
"{flowholder 1521}","{flowholder 1645}","96.96231076795068","""""","9.9","false","{all-links}","0.0030151385639453744","""default""","""none"""
"{flowholder 1522}","{flowholder 1642}","96.91427033046035","""""","9.9","false","{all-links}","0.006858373563171672","""default""","""none"""
"{flowholder 1523}","{flowholder 1588}","96.87195829931616","""""","9.9","false","{all-links}","0.010243336054706998","""default""","""none"""
"{flowholder 1527}","{flowholder 2465}","96.96767750019758","""""","9.9","false","{all-links}","0.002585799984193482","""default""","""none"""
"{flowholder 1530}","{flowholder 1746}","97","""""","9.9","false","{all-links}","0","""default""","""none"""
"{flowholder 1530}","{flowholder 2353}","96.89836042619866","""""","9.9","false","{all-links}","0.008131165904106874","""default""","""none"""
"{flowholder 1531}","{flowholder 1731}","97","""""","9.9","false","{all-links}","0","""default""","""none"""
"{flowholder 1532}","{flowholder 2337}","97","""""","9.9","false","{all-links}","0","""default""","""none"""
"{flowholder 1535}","{flowholder 2280}","97","""""","9.9","false","{all-links}","0","""default""","""none"""
"{flowholder 1536}","{flowholder 1559}","96.99459834877914","""""","9.9","false","{all-links}","4.3213209766919115E-4","""default""","""none"""
"{flowholder 1538}","{flowholder 1797}","96.94624533322164","""""","9.9","false","{all-links}","0.004300373342268804","""default""","""none"""
"{flowholder 1538}","{flowholder 2403}","96.95159469072291","""""","9.9","false","{all-links}","0.0038724247421669136","""default""","""none"""
"{flowholder 1541}","{flowholder 2451}","96.90896129559431","""""","9.9","false","{all-links}","0.007283096352455232","""default""","""none"""
"{flowholder 1542}","{flowholder 2290}","97","""""","9.9","false","{all-links}","0","""default""","""none"""
"{flowholder 1544}","{flowholder 2204}","97","""""","9.9","false","{all-links}","0","""default""","""none"""
"{flowholder 1545}","{flowholder 1944}","97","""""","9.9","false","{all-links}","0","""default""","""none"""
"{flowholder 1545}","{flowholder 2235}","96.71650728871283","""""","9.9","false","{all-links}","0.02267941690297333","""default""","""none"""
"{flowholder 1546}","{flowholder 1561}","96.85093909592251","""""","9.9","false","{all-links}","0.011924872326198967","""default""","""none"""
"{flowholder 1547}","{flowholder 1703}","97","""""","9.9","false","{all-links}","0","""default""","""none"""
"{flowholder 1550}","{flowholder 1681}","96.99459834877914","""""","9.9","false","{all-links}","4.3213209766919115E-4","""default""","""none"""
"{flowholder 1555}","{flowholder 1919}","97","""""","9.9","false","{all-links}","0","""default""","""none"""
"{flowholder 1556}","{flowholder 2058}","97","""""","9.9","false","{all-links}","0","""default""","""none"""
"{flowholder 1557}","{flowholder 1676}","97","""""","9.9","false","{all-links}","0","""default""","""none"""
"{flowholder 1557}","{flowholder 2333}","96.98381254673447","""""","9.9","false","{all-links}","0.0012949962612424316","""default""","""none"""
"{flowholder 1560}","{flowholder 1914}","96.79878697298982","""""","9.9","false","{all-links}","0.01609704216081469","""default""","""none"""
"{flowholder 1565}","{flowholder 1726}","96.98381254673447","""""","9.9","false","{all-links}","0.0012949962612424316","""default""","""none"""
"{flowholder 1565}","{flowholder 2145}","97","""""","9.9","false","{all-links}","0","""default""","""none"""
"{flowholder 1566}","{flowholder 2051}","96.98381254673447","""""","9.9","false","{all-links}","0.0012949962612424316","""default""","""none"""
"{flowholder 1566}","{flowholder 2397}","96.6356383664643","""""","9.9","false","{all-links}","0.02914893068285549","""default""","""none"""
"{flowholder 1567}","{flowholder 1622}","96.98381254673447","""""","9.9","false","{all-links}","0.0012949962612424316","""default""","""none"""
"{flowholder 1569}","{flowholder 2045}","96.98381254673447","""""","9.9","false","{all-links}","0.0012949962612424316","""default""","""none"""
"{flowholder 1569}","{flowholder 2428}","97","""""","9.9","false","{all-links}","0","""default""","""none"""
"{flowholder 1570}","{flowholder 2255}","97","""""","9.9","false","{all-links}","0","""default""","""none"""
"{flowholder 1572}","{flowholder 1749}","97","""""","9.9","false","{all-links}","0","""default""","""none"""
"{flowholder 1574}","{flowholder 2415}","97","""""","9.9","false","{all-links}","0","""default""","""none"""
"{flowholder 1576}","{flowholder 2392}","92.7615238805515","""""","9.9","false","{all-links}","0.33907808955588054","""default""","""none"""
"{flowholder 1576}","{flowholder 2458}","92.81518829852003","""""","9.9","false","{all-links}","0.3347849361183978","""default""","""none"""
"{flowholder 1579}","{flowholder 1894}","96.96767750019758","""""","9.9","false","{all-links}","0.002585799984193482","""default""","""none"""
"{flowholder 1580}","{flowholder 1907}","96.86143733764582","""""","9.9","false","{all-links}","0.01108501298833402","""default""","""none"""
"{flowholder 1584}","{flowholder 2049}","93.2656627991548","""""","9.9","false","{all-links}","0.2987469760676163","""default""","""none"""
"{flowholder 1588}","{flowholder 2350}","97","""""","9.9","false","{all-links}","0","""default""","""none"""
"{flowholder 1590}","{flowholder 2218}","97","""""","9.9","false","{all-links}","0","""default""","""none"""
"{flowholder 1591}","{flowholder 1974}","96.95694983354709","""""","9.9","false","{all-links}","0.0034440133162331856","""default""","""none"""
"{flowholder 1594}","{flowholder 2125}","97","""""","9.9","false","{all-links}","0","""default""","""none"""
"{flowholder 1595}","{flowholder 2469}","96.89836042619866","""""","9.9","false","{all-links}","0.008131165904106874","""default""","""none"""
"{flowholder 1596}","{flowholder 2391}","96.95159469072291","""""","9.9","false","{all-links}","0.0038724247421669136","""default""","""none"""
"{flowholder 1600}","{flowholder 1939}","96.98920253312531","""""","9.9","false","{all-links}","8.637973499753482E-4","""default""","""none"""
"{flowholder 1601}","{flowholder 2195}","96.99459834877914","""""","9.9","false","{all-links}","4.3213209766919115E-4","""default""","""none"""
"{flowholder 1601}","{flowholder 2372}","97","""""","9.9","false","{all-links}","0","""default""","""none"""
"{flowholder 1605}","{flowholder 1866}","96.98920253312531","""""","9.9","false","{all-links}","8.637973499753482E-4","""default""","""none"""
"{flowholder 1609}","{flowholder 1961}","96.77292154629208","""""","9.9","false","{all-links}","0.01816627629663343","""default""","""none"""
"{flowholder 1610}","{flowholder 2122}","96.89836042619866","""""","9.9","false","{all-links}","0.008131165904106874","""default""","""none"""
"{flowholder 1611}","{flowholder 1682}","97","""""","9.9","false","{all-links}","0","""default""","""none"""
"{flowholder 1615}","{flowholder 1972}","96.95694983354709","""""","9.9","false","{all-links}","0.0034440133162331856","""default""","""none"""
"{flowholder 1617}","{flowholder 1624}","96.95694983354709","""""","9.9","false","{all-links}","0.0034440133162331856","""default""","""none"""
"{flowholder 1618}","{flowholder 2168}","96.97842838330881","""""","9.9","false","{all-links}","0.0017257293352952452","""default""","""none"""
"{flowholder 1618}","{flowholder 2488}","96.94090175479293","""""","9.9","false","{all-links}","0.004727859616565411","""default""","""none"""
"{flowholder 1620}","{flowholder 2397}","96.79878697298982","""""","9.9","false","{all-links}","0.01609704216081469","""default""","""none"""
"{flowholder 1623}","{flowholder 1773}","97","""""","9.9","false","{all-links}","0","""default""","""none"""
"{flowholder 1625}","{flowholder 1626}","96.97842838330881","""""","9.9","false","{all-links}","0.0017257293352952452","""default""","""none"""
"{flowholder 1629}","{flowholder 1959}","96.98920253312531","""""","9.9","false","{all-links}","8.637973499753482E-4","""default""","""none"""
"{flowholder 1629}","{flowholder 2050}","96.99459834877914","""""","9.9","false","{all-links}","4.3213209766919115E-4","""default""","""none"""
"{flowholder 1631}","{flowholder 1855}","96.99459834877914","""""","9.9","false","{all-links}","4.3213209766919115E-4","""default""","""none"""
"{flowholder 1631}","{flowholder 2437}","96.98920253312531","""""","9.9","false","{all-links}","8.637973499753482E-4","""default""","""none"""
"{flowholder 1632}","{flowholder 2450}","97","""""","9.9","false","{all-links}","0","""default""","""none"""
"{flowholder 1633}","{flowholder 2089}","96.83523422594067","""""","9.9","false","{all-links}","0.013181261924746668","""default""","""none"""
"{flowholder 1633}","{flowholder 2162}","96.83001057616872","""""","9.9","false","{all-links}","0.01359915390650257","""default""","""none"""
"{flowholder 1634}","{flowholder 2246}","96.99459834877914","""""","9.9","false","{all-links}","4.3213209766919115E-4","""default""","""none"""
"{flowholder 1636}","{flowholder 1883}","96.95159469072291","""""","9.9","false","{all-links}","0.0038724247421669136","""default""","""none"""
"{flowholder 1636}","{flowholder 2151}","96.86143733764582","""""","9.9","false","{all-links}","0.01108501298833402","""default""","""none"""
"{flowholder 1638}","{flowholder 2294}","96.98920253312531","""""","9.9","false","{all-links}","8.637973499753482E-4","""default""","""none"""
"{flowholder 1641}","{flowholder 2181}","96.87195829931616","""""","9.9","false","{all-links}","0.010243336054706998","""default""","""none"""
"{flowholder 1642}","{flowholder 2089}","96.9036579962392","""""","9.9","false","{all-links}","0.007707360300863675","""default""","""none"""
"{flowholder 1643}","{flowholder 2499}","96.98381254673447","""""","9.9","false","{all-links}","0.0012949962612424316","""default""","""none"""
"{flowholder 1644}","{flowholder 1797}","96.94090175479293","""""","9.9","false","{all-links}","0.004727859616565411","""default""","""none"""
"{flowholder 1644}","{flowholder 1931}","96.93556394919374","""""","9.9","false","{all-links}","0.0051548840645011754","""default""","""none"""
"{flowholder 1646}","{flowholder 1839}","96.98920253312531","""""","9.9","false","{all-links}","8.637973499753482E-4","""default""","""none"""
"{flowholder 1647}","{flowholder 1801}","96.98920253312531","""""","9.9","false","{all-links}","8.637973499753482E-4","""default""","""none"""
"{flowholder 1649}","{flowholder 1718}","96.98920253312531","""""","9.9","false","{all-links}","8.637973499753482E-4","""default""","""none"""
"{flowholder 1651}","{flowholder 1702}","96.96231076795068","""""","9.9","false","{all-links}","0.0030151385639453744","""default""","""none"""
"{flowholder 1654}","{flowholder 2399}","97","""""","9.9","false","{all-links}","0","""default""","""none"""
"{flowholder 1655}","{flowholder 1799}","96.96231076795068","""""","9.9","false","{all-links}","0.0030151385639453744","""default""","""none"""
"{flowholder 1655}","{flowholder 1810}","96.95694983354709","""""","9.9","false","{all-links}","0.0034440133162331856","""default""","""none"""
"{flowholder 1659}","{flowholder 1720}","96.97842838330881","""""","9.9","false","{all-links}","0.0017257293352952452","""default""","""none"""
"{flowholder 1659}","{flowholder 1755}","97","""""","9.9","false","{all-links}","0","""default""","""none"""
"{flowholder 1660}","{flowholder 2140}","96.99459834877914","""""","9.9","false","{all-links}","4.3213209766919115E-4","""default""","""none"""
"{flowholder 1663}","{flowholder 1737}","97","""""","9.9","false","{all-links}","0","""default""","""none"""
"{flowholder 1669}","{flowholder 2427}","96.99459834877914","""""","9.9","false","{all-links}","4.3213209766919115E-4","""default""","""none"""
"{flowholder 1674}","{flowholder 2484}","96.99459834877914","""""","9.9","false","{all-links}","4.3213209766919115E-4","""default""","""none"""
"{flowholder 1675}","{flowholder 2015}","97","""""","9.9","false","{all-links}","0","""default""","""none"""
"{flowholder 1678}","{flowholder 1938}","96.99459834877914","""""","9.9","false","{all-links}","4.3213209766919115E-4","""default""","""none"""
"{flowholder 1680}","{flowholder 1884}","97","""""","9.9","false","{all-links}","0","""default""","""none"""
"{flowholder 1687}","{flowholder 1800}","97","""""","9.9","false","{all-links}","0","""default""","""none"""
"{flowholder 1687}","{flowholder 2409}","96.98920253312531","""""","9.9","false","{all-links}","8.637973499753482E-4","""default""","""none"""
"{flowholder 1688}","{flowholder 1922}","96.80917234881602","""""","9.9","false","{all-links}","0.015266212094718413","""default""","""none"""
"{flowholder 1691}","{flowholder 1721}","96.98920253312531","""""","9.9","false","{all-links}","8.637973499753482E-4","""default""","""none"""
"{flowholder 1692}","{flowholder 2238}","96.98381254673447","""""","9.9","false","{all-links}","0.0012949962612424316","""default""","""none"""
"{flowholder 1694}","{flowholder 1708}","96.96231076795068","""""","9.9","false","{all-links}","0.0030151385639453744","""default""","""none"""
"{flowholder 1701}","{flowholder 1862}","97","""""","9.9","false","{all-links}","0","""default""","""none"""
"{flowholder 1702}","{flowholder 2016}","96.97842838330881","""""","9.9","false","{all-links}","0.0017257293352952452","""default""","""none"""
"{flowholder 1705}","{flowholder 1718}","96.98381254673447","""""","9.9","false","{all-links}","0.0012949962612424316","""default""","""none"""
"{flowholder 1705}","{flowholder 2087}","96.97842838330881","""""","9.9","false","{all-links}","0.0017257293352952452","""default""","""none"""
"{flowholder 1706}","{flowholder 2158}","96.96231076795068","""""","9.9","false","{all-links}","0.0030151385639453744","""default""","""none"""
"{flowholder 1708}","{flowholder 2497}","96.98381254673447","""""","9.9","false","{all-links}","0.0012949962612424316","""default""","""none"""
"{flowholder 1711}","{flowholder 2089}","96.94090175479293","""""","9.9","false","{all-links}","0.004727859616565411","""default""","""none"""
"{flowholder 1712}","{flowholder 2133}","96.80917234881602","""""","9.9","false","{all-links}","0.015266212094718413","""default""","""none"""
"{flowholder 1712}","{flowholder 2358}","96.8195802003286","""""","9.9","false","{all-links}","0.01443358397371184","""default""","""none"""
"{flowholder 1714}","{flowholder 2124}","96.87722731549293","""""","9.9","false","{all-links}","0.00982181476056554","""default""","""none"""
"{flowholder 1715}","{flowholder 2411}","97","""""","9.9","false","{all-links}","0","""default""","""none"""
"{flowholder 1715}","{flowholder 2495}","96.97842838330881","""""","9.9","false","{all-links}","0.0017257293352952452","""default""","""none"""
"{flowholder 1716}","{flowholder 2118}","97","""""","9.9","false","{all-links}","0","""default""","""none"""
"{flowholder 1717}","{flowholder 1770}","96.09378013440556","""""","9.9","false","{all-links}","0.07249758924755496","""default""","""none"""
"{flowholder 1717}","{flowholder 1860}","95.15152839472842","""""","9.9","false","{all-links}","0.14787772842172672","""default""","""none"""
"{flowholder 1717}","{flowholder 2133}","96.20137025288184","""""","9.9","false","{all-links}","0.06389037976945247","""default""","""none"""
"{flowholder 1717}","{flowholder 2319}","96.61563872367235","""""","9.9","false","{all-links}","0.030748902106212218","""default""","""none"""
"{flowholder 1720}","{flowholder 2268}","96.97305003655786","""""","9.9","false","{all-links}","0.002155997075370797","""default""","""none"""
"{flowholder 1723}","{flowholder 1865}","96.98920253312531","""""","9.9","false","{all-links}","8.637973499753482E-4","""default""","""none"""
"{flowholder 1726}","{flowholder 1920}","96.89306857928337","""""","9.9","false","{all-links}","0.008554513657330754","""default""","""none"""
"{flowholder 1730}","{flowholder 1804}","96.68095498117953","""""","9.9","false","{all-links}","0.025523601505638017","""default""","""none"""
"{flowholder 1731}","{flowholder 2015}","96.95159469072291","""""","9.9","false","{all-links}","0.0038724247421669136","""default""","""none"""
"{flowholder 1731}","{flowholder 2296}","96.94090175479293","""""","9.9","false","{all-links}","0.004727859616565411","""default""","""none"""
"{flowholder 1745}","{flowholder 2399}","96.91427033046035","""""","9.9","false","{all-links}","0.006858373563171672","""default""","""none"""
"{flowholder 1748}","{flowholder 1973}","96.97305003655786","""""","9.9","false","{all-links}","0.002155997075370797","""default""","""none"""
"{flowholder 1750}","{flowholder 2245}","92.99456687854669","""""","9.9","false","{all-links}","0.3204346497162647","""default""","""none"""
"{flowholder 1750}","{flowholder 2423}","97","""""","9.9","false","{all-links}","0","""default""","""none"""
"{flowholder 1752}","{flowholder 2360}","97","""""","9.9","false","{all-links}","0","""default""","""none"""
"{flowholder 1753}","{flowholder 2441}","96.97842838330881","""""","9.9","false","{all-links}","0.0017257293352952452","""default""","""none"""
"{flowholder 1754}","{flowholder 2004}","96.78842402431404","""""","9.9","false","{all-links}","0.016926078054876826","""default""","""none"""
"{flowholder 1757}","{flowholder 2083}","96.97305003655786","""""","9.9","false","{all-links}","0.002155997075370797","""default""","""none"""
"{flowholder 1758}","{flowholder 1948}","96.99459834877914","""""","9.9","false","{all-links}","4.3213209766919115E-4","""default""","""none"""
"{flowholder 1759}","{flowholder 1952}","96.85093909592251","""""","9.9","false","{all-links}","0.011924872326198967","""default""","""none"""
"{flowholder 1760}","{flowholder 2178}","97","""""","9.9","false","{all-links}","0","""default""","""none"""
"{flowholder 1763}","{flowholder 2413}","96.99459834877914","""""","9.9","false","{all-links}","4.3213209766919115E-4","""default""","""none"""
"{flowholder 1764}","{flowholder 1768}","97","""""","9.9","false","{all-links}","0","""default""","""none"""
"{flowholder 1766}","{flowholder 1816}","97","""""","9.9","false","{all-links}","0","""default""","""none"""
"{flowholder 1767}","{flowholder 1914}","96.99459834877914","""""","9.9","false","{all-links}","4.3213209766919115E-4","""default""","""none"""
"{flowholder 1770}","{flowholder 1874}","96.15620160129062","""""","9.9","false","{all-links}","0.06750387189675054","""default""","""none"""
"{flowholder 1770}","{flowholder 1916}","96.99459834877914","""""","9.9","false","{all-links}","4.3213209766919115E-4","""default""","""none"""
"{flowholder 1770}","{flowholder 2391}","96.94624533322164","""""","9.9","false","{all-links}","0.004300373342268804","""default""","""none"""
"{flowholder 1775}","{flowholder 2400}","97","""""","9.9","false","{all-links}","0","""default""","""none"""
"{flowholder 1776}","{flowholder 1827}","96.26082416549264","""""","9.9","false","{all-links}","0.059134066760589125","""default""","""none"""
"{flowholder 1779}","{flowholder 1882}","96.97842838330881","""""","9.9","false","{all-links}","0.0017257293352952452","""default""","""none"""
"{flowholder 1782}","{flowholder 1936}","96.98381254673447","""""","9.9","false","{all-links}","0.0012949962612424316","""default""","""none"""
"{flowholder 1782}","{flowholder 2048}","96.95694983354709","""""","9.9","false","{all-links}","0.0034440133162331856","""default""","""none"""
"{flowholder 1784}","{flowholder 2313}","96.97305003655786","""""","9.9","false","{all-links}","0.002155997075370797","""default""","""none"""
"{flowholder 1785}","{flowholder 2381}","96.89306857928337","""""","9.9","false","{all-links}","0.008554513657330754","""default""","""none"""
"{flowholder 1786}","{flowholder 2315}","97","""""","9.9","false","{all-links}","0","""default""","""none"""
"{flowholder 1788}","{flowholder 2278}","97","""""","9.9","false","{all-links}","0","""default""","""none"""
"{flowholder 1791}","{flowholder 1993}","97","""""","9.9","false","{all-links}","0","""default""","""none"""
"{flowholder 1794}","{flowholder 1965}","97","""""","9.9","false","{all-links}","0","""default""","""none"""
"{flowholder 1794}","{flowholder 2216}","96.9195851070404","""""","9.9","false","{all-links}","0.006433191436767638","""default""","""none"""
"{flowholder 1795}","{flowholder 2092}","97","""""","9.9","false","{all-links}","0","""default""","""none"""
"{flowholder 1805}","{flowholder 1913}","96.99459834877914","""""","9.9","false","{all-links}","4.3213209766919115E-4","""default""","""none"""
"{flowholder 1805}","{flowholder 2331}","96.98920253312531","""""","9.9","false","{all-links}","8.637973499753482E-4","""default""","""none"""
"{flowholder 1809}","{flowholder 1928}","96.98920253312531","""""","9.9","false","{all-links}","8.637973499753482E-4","""default""","""none"""
"{flowholder 1810}","{flowholder 1931}","96.93023191018736","""""","9.9","false","{all-links}","0.005581447185011257","""default""","""none"""
"{flowholder 1810}","{flowholder 2061}","96.87722731549293","""""","9.9","false","{all-links}","0.00982181476056554","""default""","""none"""
"{flowholder 1811}","{flowholder 2073}","96.92490563154387","""""","9.9","false","{all-links}","0.0060075494764908035","""default""","""none"""
"{flowholder 1812}","{flowholder 2448}","97","""""","9.9","false","{all-links}","0","""default""","""none"""
"{flowholder 1814}","{flowholder 1994}","96.38226790716587","""""","9.9","false","{all-links}","0.04941856742673054","""default""","""none"""
"{flowholder 1815}","{flowholder 1947}","96.99459834877914","""""","9.9","false","{all-links}","4.3213209766919115E-4","""default""","""none"""
"{flowholder 1816}","{flowholder 2435}","97","""""","9.9","false","{all-links}","0","""default""","""none"""
"{flowholder 1817}","{flowholder 2087}","96.97305003655786","""""","9.9","false","{all-links}","0.002155997075370797","""default""","""none"""
"{flowholder 1818}","{flowholder 1934}","97","""""","9.9","false","{all-links}","0","""default""","""none"""
"{flowholder 1820}","{flowholder 2429}","96.97305003655786","""""","9.9","false","{all-links}","0.002155997075370797","""default""","""none"""
"{flowholder 1821}","{flowholder 2115}","97","""""","9.9","false","{all-links}","0","""default""","""none"""
"{flowholder 1822}","{flowholder 2100}","97","""""","9.9","false","{all-links}","0","""default""","""none"""
"{flowholder 1824}","{flowholder 2007}","96.98381254673447","""""","9.9","false","{all-links}","0.0012949962612424316","""default""","""none"""
"{flowholder 1826}","{flowholder 2207}","96.99459834877914","""""","9.9","false","{all-links}","4.3213209766919115E-4","""default""","""none"""
"{flowholder 1828}","{flowholder 2387}","96.99459834877914","""""","9.9","false","{all-links}","4.3213209766919115E-4","""default""","""none"""
"{flowholder 1831}","{flowholder 1866}","96.83001057616872","""""","9.9","false","{all-links}","0.01359915390650257","""default""","""none"""
"{flowholder 1835}","{flowholder 1980}","96.42989339583724","""""","9.9","false","{all-links}","0.04560852833302081","""default""","""none"""
"{flowholder 1835}","{flowholder 2152}","96.48287945772238","""""","9.9","false","{all-links}","0.0413696433822099","""default""","""none"""
"{flowholder 1836}","{flowholder 1984}","97","""""","9.9","false","{all-links}","0","""default""","""none"""
"{flowholder 1840}","{flowholder 2376}","96.95159469072291","""""","9.9","false","{all-links}","0.0038724247421669136","""default""","""none"""
"{flowholder 1840}","{flowholder 2388}","96.98920253312531","""""","9.9","false","{all-links}","8.637973499753482E-4","""default""","""none"""
"{flowholder 1842}","{flowholder 2176}","97","""""","9.9","false","{all-links}","0","""default""","""none"""
"{flowholder 1843}","{flowholder 2366}","97","""""","9.9","false","{all-links}","0","""default""","""none"""
"{flowholder 1848}","{flowholder 2106}","97","""""","9.9","false","{all-links}","0","""default""","""none"""
"{flowholder 1850}","{flowholder 2165}","96.90896129559431","""""","9.9","false","{all-links}","0.007283096352455232","""default""","""none"""
"{flowholder 1852}","{flowholder 2439}","96.8825020301033","""""","9.9","false","{all-links}","0.009399837591736305","""default""","""none"""
"{flowholder 1852}","{flowholder 2445}","96.86143733764582","""""","9.9","false","{all-links}","0.01108501298833402","""default""","""none"""
"{flowholder 1856}","{flowholder 1955}","96.94624533322164","""""","9.9","false","{all-links}","0.004300373342268804","""default""","""none"""
"{flowholder 1856}","{flowholder 2003}","97","""""","9.9","false","{all-links}","0","""default""","""none"""
"{flowholder 1856}","{flowholder 2013}","96.95694983354709","""""","9.9","false","{all-links}","0.0034440133162331856","""default""","""none"""
"{flowholder 1857}","{flowholder 1858}","96.94090175479293","""""","9.9","false","{all-links}","0.004727859616565411","""default""","""none"""
"{flowholder 1858}","{flowholder 2000}","96.98920253312531","""""","9.9","false","{all-links}","8.637973499753482E-4","""default""","""none"""
"{flowholder 1859}","{flowholder 2010}","97","""""","9.9","false","{all-links}","0","""default""","""none"""
"{flowholder 1859}","{flowholder 2025}","96.95159469072291","""""","9.9","false","{all-links}","0.0038724247421669136","""default""","""none"""
"{flowholder 1870}","{flowholder 2211}","97","""""","9.9","false","{all-links}","0","""default""","""none"""
"{flowholder 1872}","{flowholder 2407}","97","""""","9.9","false","{all-links}","0","""default""","""none"""
"{flowholder 1873}","{flowholder 2246}","97","""""","9.9","false","{all-links}","0","""default""","""none"""
"{flowholder 1874}","{flowholder 2422}","96.16970096920467","""""","9.9","false","{all-links}","0.06642392246362645","""default""","""none"""
"{flowholder 1875}","{flowholder 2071}","96.76261445383378","""""","9.9","false","{all-links}","0.018990843693297867","""default""","""none"""
"{flowholder 1876}","{flowholder 2420}","97","""""","9.9","false","{all-links}","0","""default""","""none"""
"{flowholder 1877}","{flowholder 2421}","96.61065230956287","""""","9.9","false","{all-links}","0.031147815234970722","""default""","""none"""
"{flowholder 1879}","{flowholder 2245}","96.4346843194309","""""","9.9","false","{all-links}","0.04522525444552797","""default""","""none"""
"{flowholder 1880}","{flowholder 2367}","96.98920253312531","""""","9.9","false","{all-links}","8.637973499753482E-4","""default""","""none"""
"{flowholder 1880}","{flowholder 2450}","96.77808345435714","""""","9.9","false","{all-links}","0.017753323651428454","""default""","""none"""
"{flowholder 1883}","{flowholder 2337}","96.99459834877914","""""","9.9","false","{all-links}","4.3213209766919115E-4","""default""","""none"""
"{flowholder 1884}","{flowholder 2461}","96.99459834877914","""""","9.9","false","{all-links}","4.3213209766919115E-4","""default""","""none"""
"{flowholder 1887}","{flowholder 2051}","97","""""","9.9","false","{all-links}","0","""default""","""none"""
"{flowholder 1889}","{flowholder 1903}","96.97842838330881","""""","9.9","false","{all-links}","0.0017257293352952452","""default""","""none"""
"{flowholder 1891}","{flowholder 1918}","96.97842838330881","""""","9.9","false","{all-links}","0.0017257293352952452","""default""","""none"""
"{flowholder 1894}","{flowholder 2048}","96.96231076795068","""""","9.9","false","{all-links}","0.0030151385639453744","""default""","""none"""
"{flowholder 1896}","{flowholder 2062}","96.99459834877914","""""","9.9","false","{all-links}","4.3213209766919115E-4","""default""","""none"""
"{flowholder 1896}","{flowholder 2377}","96.99459834877914","""""","9.9","false","{all-links}","4.3213209766919115E-4","""default""","""none"""
"{flowholder 1897}","{flowholder 1960}","97","""""","9.9","false","{all-links}","0","""default""","""none"""
"{flowholder 1898}","{flowholder 2059}","96.7420669951447","""""","9.9","false","{all-links}","0.020634640388424243","""default""","""none"""
"{flowholder 1898}","{flowholder 2096}","96.91427033046035","""""","9.9","false","{all-links}","0.006858373563171672","""default""","""none"""
"{flowholder 1900}","{flowholder 2499}","96.96231076795068","""""","9.9","false","{all-links}","0.0030151385639453744","""default""","""none"""
"{flowholder 1901}","{flowholder 1964}","96.98920253312531","""""","9.9","false","{all-links}","8.637973499753482E-4","""default""","""none"""
"{flowholder 1904}","{flowholder 2168}","96.98920253312531","""""","9.9","false","{all-links}","8.637973499753482E-4","""default""","""none"""
"{flowholder 1904}","{flowholder 2290}","96.99459834877914","""""","9.9","false","{all-links}","4.3213209766919115E-4","""default""","""none"""
"{flowholder 1907}","{flowholder 2039}","96.85093909592251","""""","9.9","false","{all-links}","0.011924872326198967","""default""","""none"""
"{flowholder 1915}","{flowholder 2195}","96.6356383664643","""""","9.9","false","{all-links}","0.02914893068285549","""default""","""none"""
"{flowholder 1917}","{flowholder 2293}","97","""""","9.9","false","{all-links}","0","""default""","""none"""
"{flowholder 1919}","{flowholder 2203}","96.98920253312531","""""","9.9","false","{all-links}","8.637973499753482E-4","""default""","""none"""
"{flowholder 1924}","{flowholder 2488}","96.94624533322164","""""","9.9","false","{all-links}","0.004300373342268804","""default""","""none"""
"{flowholder 1925}","{flowholder 2205}","96.96231076795068","""""","9.9","false","{all-links}","0.0030151385639453744","""default""","""none"""
"{flowholder 1926}","{flowholder 2117}","97","""""","9.9","false","{all-links}","0","""default""","""none"""
"{flowholder 1927}","{flowholder 2349}","96.99459834877914","""""","9.9","false","{all-links}","4.3213209766919115E-4","""default""","""none"""
"{flowholder 1930}","{flowholder 2085}","96.7267145975715","""""","9.9","false","{all-links}","0.021862832194279938","""default""","""none"""
"{flowholder 1932}","{flowholder 2363}","97","""""","9.9","false","{all-links}","0","""default""","""none"""
"{flowholder 1936}","{flowholder 2406}","96.99459834877914","""""","9.9","false","{all-links}","4.3213209766919115E-4","""default""","""none"""
"{flowholder 1937}","{flowholder 2320}","96.88778244931022","""""","9.9","false","{all-links}","0.008977404055182214","""default""","""none"""
"{flowholder 1941}","{flowholder 2298}","97","""""","9.9","false","{all-links}","0","""default""","""none"""
"{flowholder 1942}","{flowholder 2251}","97","""""","9.9","false","{all-links}","0","""default""","""none"""
"{flowholder 1943}","{flowholder 2375}","97","""""","9.9","false","{all-links}","0","""default""","""none"""
"{flowholder 1951}","{flowholder 2192}","97","""""","9.9","false","{all-links}","0","""default""","""none"""
"{flowholder 1952}","{flowholder 2221}","96.98381254673447","""""","9.9","false","{all-links}","0.0012949962612424316","""default""","""none"""
"{flowholder 1957}","{flowholder 2482}","96.96767750019758","""""","9.9","false","{all-links}","0.002585799984193482","""default""","""none"""
"{flowholder 1962}","{flowholder 1970}","97","""""","9.9","false","{all-links}","0","""default""","""none"""
"{flowholder 1964}","{flowholder 2073}","96.93023191018736","""""","9.9","false","{all-links}","0.005581447185011257","""default""","""none"""
"{flowholder 1967}","{flowholder 2252}","96.98920253312531","""""","9.9","false","{all-links}","8.637973499753482E-4","""default""","""none"""
"{flowholder 1968}","{flowholder 2274}","97","""""","9.9","false","{all-links}","0","""default""","""none"""
"{flowholder 1971}","{flowholder 2385}","97","""""","9.9","false","{all-links}","0","""default""","""none"""
"{flowholder 1973}","{flowholder 2329}","96.96231076795068","""""","9.9","false","{all-links}","0.0030151385639453744","""default""","""none"""
"{flowholder 1974}","{flowholder 2066}","97","""""","9.9","false","{all-links}","0","""default""","""none"""
"{flowholder 1978}","{flowholder 2234}","97","""""","9.9","false","{all-links}","0","""default""","""none"""
"{flowholder 1980}","{flowholder 2431}","96.98920253312531","""""","9.9","false","{all-links}","8.637973499753482E-4","""default""","""none"""
"{flowholder 1981}","{flowholder 2331}","97","""""","9.9","false","{all-links}","0","""default""","""none"""
"{flowholder 1985}","{flowholder 2123}","96.84569847970454","""""","9.9","false","{all-links}","0.012344121623636984","""default""","""none"""
"{flowholder 1986}","{flowholder 2141}","97","""""","9.9","false","{all-links}","0","""default""","""none"""
"{flowholder 1987}","{flowholder 2121}","96.98381254673447","""""","9.9","false","{all-links}","0.0012949962612424316","""default""","""none"""
"{flowholder 1990}","{flowholder 2184}","97","""""","9.9","false","{all-links}","0","""default""","""none"""
"{flowholder 1994}","{flowholder 2036}","96.98920253312531","""""","9.9","false","{all-links}","8.637973499753482E-4","""default""","""none"""
"{flowholder 1994}","{flowholder 2330}","96.35864751518751","""""","9.9","false","{all-links}","0.051308198784998905","""default""","""none"""
"{flowholder 1995}","{flowholder 2478}","96.97842838330881","""""","9.9","false","{all-links}","0.0017257293352952452","""default""","""none"""
"{flowholder 1996}","{flowholder 2218}","96.99459834877914","""""","9.9","false","{all-links}","4.3213209766919115E-4","""default""","""none"""
"{flowholder 1998}","{flowholder 2151}","96.86669497541706","""""","9.9","false","{all-links}","0.010664401966635052","""default""","""none"""
"{flowholder 2001}","{flowholder 2242}","96.89836042619866","""""","9.9","false","{all-links}","0.008131165904106874","""default""","""none"""
"{flowholder 2005}","{flowholder 2086}","97","""""","9.9","false","{all-links}","0","""default""","""none"""
"{flowholder 2006}","{flowholder 2161}","97","""""","9.9","false","{all-links}","0","""default""","""none"""
"{flowholder 2008}","{flowholder 2024}","96.98381254673447","""""","9.9","false","{all-links}","0.0012949962612424316","""default""","""none"""
"{flowholder 2008}","{flowholder 2103}","96.98920253312531","""""","9.9","false","{all-links}","8.637973499753482E-4","""default""","""none"""
"{flowholder 2011}","{flowholder 2124}","97","""""","9.9","false","{all-links}","0","""default""","""none"""
"{flowholder 2016}","{flowholder 2222}","96.98381254673447","""""","9.9","false","{all-links}","0.0012949962612424316","""default""","""none"""
"{flowholder 2017}","{flowholder 2326}","96.99459834877914","""""","9.9","false","{all-links}","4.3213209766919115E-4","""default""","""none"""
"{flowholder 2018}","{flowholder 2267}","97","""""","9.9","false","{all-links}","0","""default""","""none"""
"{flowholder 2032}","{flowholder 2064}","96.99459834877914","""""","9.9","false","{all-links}","4.3213209766919115E-4","""default""","""none"""
"{flowholder 2035}","{flowholder 2382}","96.96767750019758","""""","9.9","false","{all-links}","0.002585799984193482","""default""","""none"""
"{flowholder 2038}","{flowholder 2427}","96.95694983354709","""""","9.9","false","{all-links}","0.0034440133162331856","""default""","""none"""
"{flowholder 2046}","{flowholder 2152}","96.59076046469922","""""","9.9","false","{all-links}","0.03273916282406275","""default""","""none"""
"{flowholder 2057}","{flowholder 2114}","96.93556394919374","""""","9.9","false","{all-links}","0.0051548840645011754","""default""","""none"""
"{flowholder 2059}","{flowholder 2159}","96.96231076795068","""""","9.9","false","{all-links}","0.0030151385639453744","""default""","""none"""
"{flowholder 2064}","{flowholder 2221}","96.98920253312531","""""","9.9","false","{all-links}","8.637973499753482E-4","""default""","""none"""
"{flowholder 2065}","{flowholder 2198}","96.93023191018736","""""","9.9","false","{all-links}","0.005581447185011257","""default""","""none"""
"{flowholder 2069}","{flowholder 2409}","96.98381254673447","""""","9.9","false","{all-links}","0.0012949962612424316","""default""","""none"""
"{flowholder 2072}","{flowholder 2493}","96.94624533322164","""""","9.9","false","{all-links}","0.004300373342268804","""default""","""none"""
"{flowholder 2075}","{flowholder 2492}","97","""""","9.9","false","{all-links}","0","""default""","""none"""
"{flowholder 2079}","{flowholder 2128}","96.99459834877914","""""","9.9","false","{all-links}","4.3213209766919115E-4","""default""","""none"""
"{flowholder 2081}","{flowholder 2335}","97","""""","9.9","false","{all-links}","0","""default""","""none"""
"{flowholder 2084}","{flowholder 2392}","96.97305003655786","""""","9.9","false","{all-links}","0.002155997075370797","""default""","""none"""
"{flowholder 2085}","{flowholder 2331}","96.97842838330881","""""","9.9","false","{all-links}","0.0017257293352952452","""default""","""none"""
"{flowholder 2093}","{flowholder 2386}","96.84569847970454","""""","9.9","false","{all-links}","0.012344121623636984","""default""","""none"""
"{flowholder 2095}","{flowholder 2309}","97","""""","9.9","false","{all-links}","0","""default""","""none"""
"{flowholder 2097}","{flowholder 2400}","96.99459834877914","""""","9.9","false","{all-links}","4.3213209766919115E-4","""default""","""none"""
"{flowholder 2104}","{flowholder 2285}","96.65572466805611","""""","9.9","false","{all-links}","0.02754202655551126","""default""","""none"""
"{flowholder 2108}","{flowholder 2175}","96.91427033046035","""""","9.9","false","{all-links}","0.006858373563171672","""default""","""none"""
"{flowholder 2111}","{flowholder 2398}","96.86143733764582","""""","9.9","false","{all-links}","0.01108501298833402","""default""","""none"""
"{flowholder 2121}","{flowholder 2128}","96.98920253312531","""""","9.9","false","{all-links}","8.637973499753482E-4","""default""","""none"""
"{flowholder 2123}","{flowholder 2181}","96.85093909592251","""""","9.9","false","{all-links}","0.011924872326198967","""default""","""none"""
"{flowholder 2135}","{flowholder 2229}","96.96231076795068","""""","9.9","false","{all-links}","0.0030151385639453744","""default""","""none"""
"{flowholder 2136}","{flowholder 2326}","97","""""","9.9","false","{all-links}","0","""default""","""none"""
"{flowholder 2144}","{flowholder 2272}","97","""""","9.9","false","{all-links}","0","""default""","""none"""
"{flowholder 2146}","{flowholder 2259}","97","""""","9.9","false","{all-links}","0","""default""","""none"""
"{flowholder 2152}","{flowholder 2266}","96.89306857928337","""""","9.9","false","{all-links}","0.008554513657330754","""default""","""none"""
"{flowholder 2154}","{flowholder 2165}","96.93023191018736","""""","9.9","false","{all-links}","0.005581447185011257","""default""","""none"""
"{flowholder 2155}","{flowholder 2446}","96.98920253312531","""""","9.9","false","{all-links}","8.637973499753482E-4","""default""","""none"""
"{flowholder 2160}","{flowholder 2417}","96.83001057616872","""""","9.9","false","{all-links}","0.01359915390650257","""default""","""none"""
"{flowholder 2162}","{flowholder 2479}","96.79878697298982","""""","9.9","false","{all-links}","0.01609704216081469","""default""","""none"""
"{flowholder 2165}","{flowholder 2453}","96.95694983354709","""""","9.9","false","{all-links}","0.0034440133162331856","""default""","""none"""
"{flowholder 2169}","{flowholder 2179}","96.99459834877914","""""","9.9","false","{all-links}","4.3213209766919115E-4","""default""","""none"""
"{flowholder 2172}","{flowholder 2495}","96.98920253312531","""""","9.9","false","{all-links}","8.637973499753482E-4","""default""","""none"""
"{flowholder 2175}","{flowholder 2303}","96.92490563154387","""""","9.9","false","{all-links}","0.0060075494764908035","""default""","""none"""
"{flowholder 2177}","{flowholder 2295}","97","""""","9.9","false","{all-links}","0","""default""","""none"""
"{flowholder 2179}","{flowholder 2356}","97","""""","9.9","false","{all-links}","0","""default""","""none"""
"{flowholder 2182}","{flowholder 2425}","97","""""","9.9","false","{all-links}","0","""default""","""none"""
"{flowholder 2185}","{flowholder 2271}","96.97305003655786","""""","9.9","false","{all-links}","0.002155997075370797","""default""","""none"""
"{flowholder 2189}","{flowholder 2489}","97","""""","9.9","false","{all-links}","0","""default""","""none"""
"{flowholder 2195}","{flowholder 2422}","96.59076046469922","""""","9.9","false","{all-links}","0.03273916282406275","""default""","""none"""
"{flowholder 2198}","{flowholder 2320}","96.8825020301033","""""","9.9","false","{all-links}","0.009399837591736305","""default""","""none"""
"{flowholder 2202}","{flowholder 2256}","96.52181241313335","""""","9.9","false","{all-links}","0.03825500694933224","""default""","""none"""
"{flowholder 2205}","{flowholder 2441}","96.96767750019758","""""","9.9","false","{all-links}","0.002585799984193482","""default""","""none"""
"{flowholder 2212}","{flowholder 2277}","96.93023191018736","""""","9.9","false","{all-links}","0.005581447185011257","""default""","""none"""
"{flowholder 2213}","{flowholder 2244}","96.95694983354709","""""","9.9","false","{all-links}","0.0034440133162331856","""default""","""none"""
"{flowholder 2213}","{flowholder 2303}","96.93023191018736","""""","9.9","false","{all-links}","0.005581447185011257","""default""","""none"""
"{flowholder 2216}","{flowholder 2341}","96.99459834877914","""""","9.9","false","{all-links}","4.3213209766919115E-4","""default""","""none"""
"{flowholder 2222}","{flowholder 2494}","96.98920253312531","""""","9.9","false","{all-links}","8.637973499753482E-4","""default""","""none"""
"{flowholder 2224}","{flowholder 2245}","97","""""","9.9","false","{all-links}","0","""default""","""none"""
"{flowholder 2227}","{flowholder 2456}","96.80397685447815","""""","9.9","false","{all-links}","0.015681851641747936","""default""","""none"""
"{flowholder 2230}","{flowholder 2315}","96.96767750019758","""""","9.9","false","{all-links}","0.002585799984193482","""default""","""none"""
"{flowholder 2236}","{flowholder 2427}","96.94090175479293","""""","9.9","false","{all-links}","0.004727859616565411","""default""","""none"""
"{flowholder 2241}","{flowholder 2269}","97","""""","9.9","false","{all-links}","0","""default""","""none"""
"{flowholder 2250}","{flowholder 2253}","97","""""","9.9","false","{all-links}","0","""default""","""none"""
"{flowholder 2252}","{flowholder 2447}","96.99459834877914","""""","9.9","false","{all-links}","4.3213209766919115E-4","""default""","""none"""
"{flowholder 2253}","{flowholder 2367}","96.99459834877914","""""","9.9","false","{all-links}","4.3213209766919115E-4","""default""","""none"""
"{flowholder 2260}","{flowholder 2308}","96.99459834877914","""""","9.9","false","{all-links}","4.3213209766919115E-4","""default""","""none"""
"{flowholder 2262}","{flowholder 2348}","97","""""","9.9","false","{all-links}","0","""default""","""none"""
"{flowholder 2265}","{flowholder 2442}","96.73182653288517","""""","9.9","false","{all-links}","0.021453877369186802","""default""","""none"""
"{flowholder 2266}","{flowholder 2399}","96.9036579962392","""""","9.9","false","{all-links}","0.007707360300863675","""default""","""none"""
"{flowholder 2276}","{flowholder 2486}","97","""""","9.9","false","{all-links}","0","""default""","""none"""
"{flowholder 2280}","{flowholder 2494}","96.99459834877914","""""","9.9","false","{all-links}","4.3213209766919115E-4","""default""","""none"""
"{flowholder 2288}","{flowholder 2324}","97","""""","9.9","false","{all-links}","0","""default""","""none"""
"{flowholder 2295}","{flowholder 2362}","96.93556394919374","""""","9.9","false","{all-links}","0.0051548840645011754","""default""","""none"""
"{flowholder 2300}","{flowholder 2347}","97","""""","9.9","false","{all-links}","0","""default""","""none"""
"{flowholder 2305}","{flowholder 2398}","96.69615875124217","""""","9.9","false","{all-links}","0.024307299900626723","""default""","""none"""
"{flowholder 2366}","{flowholder 2487}","96.98920253312531","""""","9.9","false","{all-links}","8.637973499753482E-4","""default""","""none"""
"{flowholder 2382}","{flowholder 2487}","96.97305003655786","""""","9.9","false","{all-links}","0.002155997075370797","""default""","""none"""
"{flowholder 2392}","{flowholder 2450}","92.7541515207595","""""","9.9","false","{all-links}","0.3396678783392395","""default""","""none"""
"{flowholder 2396}","{flowholder 2447}","97","""""","9.9","false","{all-links}","0","""default""","""none"""
"{flowholder 2415}","{flowholder 2469}","96.9036579962392","""""","9.9","false","{all-links}","0.007707360300863675","""default""","""none"""
"{flowholder 2418}","{flowholder 2498}","97","""""","9.9","false","{all-links}","0","""default""","""none"""
"{flowholder 2431}","{flowholder 2477}","96.99459834877914","""""","9.9","false","{all-links}","4.3213209766919115E-4","""default""","""none"""
"{flowholder 2473}","{flowholder 2495}","97","""""","9.9","false","{all-links}","0","""default""","""none"""
"{flowholder 2484}","{flowholder 2490}","96.97305003655786","""""","9.9","false","{all-links}","0.002155997075370797","""default""","""none"""


"PLOTS"
"Legend"
"""Legend"""
"x min","x max","y min","y max","autoplot?","current pen","legend open?","number of pens"
"0","1","0","1","true","""47.2718""","true","11"

"pen name","pen down?","mode","interval","color","x"
"""              Patch color legend                ""","true","0","1","9.9","0"
"""100.6877""","true","0","1","44.4","0"
"""94.7526""","true","0","1","44","0"
"""88.8175""","true","0","1","43.7","0"
"""82.8824""","true","0","1","54.9","0"
"""76.9473""","true","0","1","54.9","0"
"""71.0122""","true","0","1","54.5","0"
"""65.0771""","true","0","1","54.2","0"
"""59.142""","true","0","1","63.3","0"
"""53.2069""","true","0","1","62.9","0"
"""47.2718""","true","0","1","62.6","0"

"""              Patch color legend                """,,,,"""100.6877""",,,,"""94.7526""",,,,"""88.8175""",,,,"""82.8824""",,,,"""76.9473""",,,,"""71.0122""",,,,"""65.0771""",,,,"""59.142""",,,,"""53.2069""",,,,"""47.2718"""
"x","y","color","pen down?","x","y","color","pen down?","x","y","color","pen down?","x","y","color","pen down?","x","y","color","pen down?","x","y","color","pen down?","x","y","color","pen down?","x","y","color","pen down?","x","y","color","pen down?","x","y","color","pen down?","x","y","color","pen down?"
"0","1","9.9","true",,,,,,,,,,,,,,,,,,,,,,,,,,,,,,,,,,,,,,,,

"""Elevation per patch"""
"x min","x max","y min","y max","autoplot?","current pen","legend open?","number of pens"
"40","102","0","15","true","""default""","false","2"

"pen name","pen down?","mode","interval","color","x"
"""default""","true","1","0.1","0","100.6"
"""pen-1""","true","1","1","15","40"

"""default""",,,,"""pen-1"""
"x","y","color","pen down?","x","y","color","pen down?"
"41.3","1","0","true","40","15","15","true"
"41.4","1","0","true",,,,
"41.5","2","0","true",,,,
"41.6","2","0","true",,,,
"41.7","2","0","true",,,,
"41.8","2","0","true",,,,
"41.9","3","0","true",,,,
"42","3","0","true",,,,
"42.1","3","0","true",,,,
"42.2","4","0","true",,,,
"42.3","2","0","true",,,,
"42.4","4","0","true",,,,
"42.5","3","0","true",,,,
"42.6","8","0","true",,,,
"42.7","7","0","true",,,,
"42.8","9","0","true",,,,
"42.9","8","0","true",,,,
"43","7","0","true",,,,
"43.1","13","0","true",,,,
"43.2","15","0","true",,,,
"43.3","7","0","true",,,,
"43.4","12","0","true",,,,
"43.5","6","0","true",,,,
"43.6","4","0","true",,,,
"43.7","13","0","true",,,,
"43.8","2","0","true",,,,
"43.9","7","0","true",,,,
"44","8","0","true",,,,
"44.1","6","0","true",,,,
"44.2","4","0","true",,,,
"44.3","7","0","true",,,,
"44.4","6","0","true",,,,
"44.5","3","0","true",,,,
"44.6","9","0","true",,,,
"44.7","3","0","true",,,,
"44.8","4","0","true",,,,
"44.9","8","0","true",,,,
"45","5","0","true",,,,
"45.1","8","0","true",,,,
"45.2","8","0","true",,,,
"45.3","3","0","true",,,,
"45.4","7","0","true",,,,
"45.5","8","0","true",,,,
"45.6","9","0","true",,,,
"45.7","7","0","true",,,,
"45.8","7","0","true",,,,
"45.9","8","0","true",,,,
"46","3","0","true",,,,
"46.1","3","0","true",,,,
"46.2","5","0","true",,,,
"46.3","5","0","true",,,,
"46.4","6","0","true",,,,
"46.5","5","0","true",,,,
"46.6","6","0","true",,,,
"46.7","7","0","true",,,,
"46.8","9","0","true",,,,
"46.9","8","0","true",,,,
"47","4","0","true",,,,
"47.1","7","0","true",,,,
"47.2","12","0","true",,,,
"47.3","2","0","true",,,,
"47.4","4","0","true",,,,
"47.5","10","0","true",,,,
"47.6","6","0","true",,,,
"47.7","5","0","true",,,,
"47.8","6","0","true",,,,
"47.9","4","0","true",,,,
"48","8","0","true",,,,
"48.1","5","0","true",,,,
"48.2","4","0","true",,,,
"48.3","12","0","true",,,,
"48.4","3","0","true",,,,
"48.5","9","0","true",,,,
"48.6","7","0","true",,,,
"48.7","6","0","true",,,,
"48.8","4","0","true",,,,
"48.9","3","0","true",,,,
"49","8","0","true",,,,
"49.1","7","0","true",,,,
"49.2","5","0","true",,,,
"49.3","9","0","true",,,,
"49.4","3","0","true",,,,
"49.5","4","0","true",,,,
"49.6","11","0","true",,,,
"49.7","7","0","true",,,,
"49.8","4","0","true",,,,
"49.9","5","0","true",,,,
"50","7","0","true",,,,
"50.1","4","0","true",,,,
"50.2","8","0","true",,,,
"50.3","5","0","true",,,,
"50.4","5","0","true",,,,
"50.5","6","0","true",,,,
"50.6","5","0","true",,,,
"50.7","8","0","true",,,,
"50.8","6","0","true",,,,
"50.9","6","0","true",,,,
"51","6","0","true",,,,
"51.1","3","0","true",,,,
"51.2","5","0","true",,,,
"51.3","6","0","true",,,,
"51.4","7","0","true",,,,
"51.5","6","0","true",,,,
"51.6","5","0","true",,,,
"51.7","5","0","true",,,,
"51.8","8","0","true",,,,
"51.9","5","0","true",,,,
"52","7","0","true",,,,
"52.1","7","0","true",,,,
"52.2","4","0","true",,,,
"52.3","8","0","true",,,,
"52.4","6","0","true",,,,
"52.5","6","0","true",,,,
"52.6","5","0","true",,,,
"52.7","5","0","true",,,,
"52.8","6","0","true",,,,
"52.9","4","0","true",,,,
"53","7","0","true",,,,
"53.1","4","0","true",,,,
"53.2","4","0","true",,,,
"53.3","11","0","true",,,,
"53.4","11","0","true",,,,
"53.5","5","0","true",,,,
"53.6","7","0","true",,,,
"53.7","7","0","true",,,,
"53.8","6","0","true",,,,
"53.9","7","0","true",,,,
"54","5","0","true",,,,
"54.1","3","0","true",,,,
"54.2","8","0","true",,,,
"54.3","6","0","true",,,,
"54.4","5","0","true",,,,
"54.5","7","0","true",,,,
"54.6","7","0","true",,,,
"54.7","8","0","true",,,,
"54.8","6","0","true",,,,
"54.9","5","0","true",,,,
"55","1","0","true",,,,
"55.1","8","0","true",,,,
"55.2","5","0","true",,,,
"55.3","7","0","true",,,,
"55.4","6","0","true",,,,
"55.5","5","0","true",,,,
"55.6","8","0","true",,,,
"55.7","9","0","true",,,,
"55.8","2","0","true",,,,
"55.9","5","0","true",,,,
"56","8","0","true",,,,
"56.1","3","0","true",,,,
"56.2","8","0","true",,,,
"56.3","3","0","true",,,,
"56.400000000000006","10","0","true",,,,
"56.5","11","0","true",,,,
"56.6","2","0","true",,,,
"56.7","4","0","true",,,,
"56.8","5","0","true",,,,
"56.900000000000006","6","0","true",,,,
"57","5","0","true",,,,
"57.1","3","0","true",,,,
"57.2","6","0","true",,,,
"57.3","8","0","true",,,,
"57.400000000000006","7","0","true",,,,
"57.5","6","0","true",,,,
"57.6","4","0","true",,,,
"57.7","5","0","true",,,,
"57.8","8","0","true",,,,
"57.900000000000006","6","0","true",,,,
"58","9","0","true",,,,
"58.1","8","0","true",,,,
"58.2","5","0","true",,,,
"58.3","7","0","true",,,,
"58.400000000000006","6","0","true",,,,
"58.5","4","0","true",,,,
"58.6","11","0","true",,,,
"58.7","4","0","true",,,,
"58.8","4","0","true",,,,
"58.900000000000006","9","0","true",,,,
"59","9","0","true",,,,
"59.1","6","0","true",,,,
"59.2","1","0","true",,,,
"59.3","6","0","true",,,,
"59.400000000000006","7","0","true",,,,
"59.5","11","0","true",,,,
"59.6","4","0","true",,,,
"59.7","9","0","true",,,,
"59.8","5","0","true",,,,
"59.900000000000006","7","0","true",,,,
"60","4","0","true",,,,
"60.1","6","0","true",,,,
"60.2","4","0","true",,,,
"60.3","4","0","true",,,,
"60.400000000000006","1","0","true",,,,
"60.5","9","0","true",,,,
"60.6","5","0","true",,,,
"60.7","10","0","true",,,,
"60.8","5","0","true",,,,
"60.900000000000006","8","0","true",,,,
"61","5","0","true",,,,
"61.1","5","0","true",,,,
"61.2","4","0","true",,,,
"61.3","2","0","true",,,,
"61.400000000000006","9","0","true",,,,
"61.5","8","0","true",,,,
"61.6","6","0","true",,,,
"61.7","10","0","true",,,,
"61.8","4","0","true",,,,
"61.900000000000006","7","0","true",,,,
"62","7","0","true",,,,
"62.1","4","0","true",,,,
"62.2","5","0","true",,,,
"62.3","7","0","true",,,,
"62.400000000000006","4","0","true",,,,
"62.5","3","0","true",,,,
"62.6","7","0","true",,,,
"62.7","9","0","true",,,,
"62.8","6","0","true",,,,
"62.900000000000006","6","0","true",,,,
"63","11","0","true",,,,
"63.1","9","0","true",,,,
"63.2","7","0","true",,,,
"63.3","4","0","true",,,,
"63.400000000000006","7","0","true",,,,
"63.5","4","0","true",,,,
"63.6","3","0","true",,,,
"63.7","9","0","true",,,,
"63.8","7","0","true",,,,
"63.900000000000006","5","0","true",,,,
"64","7","0","true",,,,
"64.1","6","0","true",,,,
"64.2","5","0","true",,,,
"64.3","5","0","true",,,,
"64.4","6","0","true",,,,
"64.5","6","0","true",,,,
"64.6","6","0","true",,,,
"64.7","9","0","true",,,,
"64.8","6","0","true",,,,
"64.9","6","0","true",,,,
"65","5","0","true",,,,
"65.1","4","0","true",,,,
"65.2","4","0","true",,,,
"65.3","6","0","true",,,,
"65.4","6","0","true",,,,
"65.5","7","0","true",,,,
"65.6","3","0","true",,,,
"65.7","5","0","true",,,,
"65.8","8","0","true",,,,
"65.9","5","0","true",,,,
"66","4","0","true",,,,
"66.1","2","0","true",,,,
"66.2","9","0","true",,,,
"66.3","6","0","true",,,,
"66.4","7","0","true",,,,
"66.5","5","0","true",,,,
"66.6","6","0","true",,,,
"66.7","7","0","true",,,,
"66.8","4","0","true",,,,
"66.9","7","0","true",,,,
"67","6","0","true",,,,
"67.1","4","0","true",,,,
"67.2","4","0","true",,,,
"67.3","5","0","true",,,,
"67.4","8","0","true",,,,
"67.5","6","0","true",,,,
"67.6","6","0","true",,,,
"67.7","3","0","true",,,,
"67.8","7","0","true",,,,
"67.9","7","0","true",,,,
"68","4","0","true",,,,
"68.1","6","0","true",,,,
"68.2","5","0","true",,,,
"68.3","6","0","true",,,,
"68.4","3","0","true",,,,
"68.5","8","0","true",,,,
"68.6","4","0","true",,,,
"68.7","4","0","true",,,,
"68.8","5","0","true",,,,
"68.9","6","0","true",,,,
"69","6","0","true",,,,
"69.1","4","0","true",,,,
"69.2","5","0","true",,,,
"69.3","6","0","true",,,,
"69.4","3","0","true",,,,
"69.5","6","0","true",,,,
"69.6","6","0","true",,,,
"69.7","4","0","true",,,,
"69.8","3","0","true",,,,
"69.9","5","0","true",,,,
"70","3","0","true",,,,
"70.1","3","0","true",,,,
"70.2","9","0","true",,,,
"70.3","8","0","true",,,,
"70.4","4","0","true",,,,
"70.5","3","0","true",,,,
"70.6","8","0","true",,,,
"70.7","5","0","true",,,,
"70.8","4","0","true",,,,
"70.9","5","0","true",,,,
"71","5","0","true",,,,
"71.1","3","0","true",,,,
"71.2","3","0","true",,,,
"71.3","3","0","true",,,,
"71.4","6","0","true",,,,
"71.5","6","0","true",,,,
"71.6","5","0","true",,,,
"71.7","3","0","true",,,,
"71.8","6","0","true",,,,
"71.9","4","0","true",,,,
"72","7","0","true",,,,
"72.1","6","0","true",,,,
"72.2","5","0","true",,,,
"72.30000000000001","6","0","true",,,,
"72.4","1","0","true",,,,
"72.5","6","0","true",,,,
"72.6","1","0","true",,,,
"72.7","3","0","true",,,,
"72.80000000000001","6","0","true",,,,
"72.9","5","0","true",,,,
"73","7","0","true",,,,
"73.1","5","0","true",,,,
"73.2","3","0","true",,,,
"73.30000000000001","3","0","true",,,,
"73.4","4","0","true",,,,
"73.5","8","0","true",,,,
"73.6","6","0","true",,,,
"73.7","3","0","true",,,,
"73.80000000000001","6","0","true",,,,
"73.9","1","0","true",,,,
"74","5","0","true",,,,
"74.1","5","0","true",,,,
"74.2","7","0","true",,,,
"74.30000000000001","4","0","true",,,,
"74.4","8","0","true",,,,
"74.5","1","0","true",,,,
"74.6","6","0","true",,,,
"74.7","7","0","true",,,,
"74.80000000000001","6","0","true",,,,
"75","4","0","true",,,,
"75.1","4","0","true",,,,
"75.2","4","0","true",,,,
"75.4","4","0","true",,,,
"75.5","2","0","true",,,,
"75.6","6","0","true",,,,
"75.7","4","0","true",,,,
"75.80000000000001","3","0","true",,,,
"75.9","5","0","true",,,,
"76","5","0","true",,,,
"76.1","3","0","true",,,,
"76.2","6","0","true",,,,
"76.30000000000001","4","0","true",,,,
"76.4","3","0","true",,,,
"76.5","8","0","true",,,,
"76.6","1","0","true",,,,
"76.7","5","0","true",,,,
"76.80000000000001","4","0","true",,,,
"76.9","2","0","true",,,,
"77","5","0","true",,,,
"77.1","6","0","true",,,,
"77.2","2","0","true",,,,
"77.30000000000001","5","0","true",,,,
"77.4","5","0","true",,,,
"77.5","4","0","true",,,,
"77.6","6","0","true",,,,
"77.80000000000001","7","0","true",,,,
"77.9","5","0","true",,,,
"78","2","0","true",,,,
"78.1","3","0","true",,,,
"78.2","5","0","true",,,,
"78.30000000000001","2","0","true",,,,
"78.4","4","0","true",,,,
"78.5","4","0","true",,,,
"78.6","4","0","true",,,,
"78.7","3","0","true",,,,
"78.80000000000001","3","0","true",,,,
"78.9","3","0","true",,,,
"79","6","0","true",,,,
"79.1","3","0","true",,,,
"79.2","4","0","true",,,,
"79.30000000000001","8","0","true",,,,
"79.4","2","0","true",,,,
"79.5","4","0","true",,,,
"79.6","1","0","true",,,,
"79.7","7","0","true",,,,
"79.9","3","0","true",,,,
"80","3","0","true",,,,
"80.1","2","0","true",,,,
"80.2","3","0","true",,,,
"80.30000000000001","7","0","true",,,,
"80.4","4","0","true",,,,
"80.5","1","0","true",,,,
"80.6","3","0","true",,,,
"80.7","2","0","true",,,,
"80.80000000000001","1","0","true",,,,
"80.9","5","0","true",,,,
"81","3","0","true",,,,
"81.1","6","0","true",,,,
"81.2","2","0","true",,,,
"81.30000000000001","5","0","true",,,,
"81.4","1","0","true",,,,
"81.5","2","0","true",,,,
"81.6","6","0","true",,,,
"81.7","2","0","true",,,,
"81.80000000000001","1","0","true",,,,
"81.9","2","0","true",,,,
"82","6","0","true",,,,
"82.1","3","0","true",,,,
"82.30000000000001","8","0","true",,,,
"82.4","1","0","true",,,,
"82.5","3","0","true",,,,
"82.6","5","0","true",,,,
"82.7","2","0","true",,,,
"82.80000000000001","5","0","true",,,,
"82.9","4","0","true",,,,
"83","6","0","true",,,,
"83.1","2","0","true",,,,
"83.2","3","0","true",,,,
"83.4","2","0","true",,,,
"83.5","2","0","true",,,,
"83.6","1","0","true",,,,
"83.7","4","0","true",,,,
"83.80000000000001","5","0","true",,,,
"83.9","1","0","true",,,,
"84","1","0","true",,,,
"84.1","3","0","true",,,,
"84.2","2","0","true",,,,
"84.30000000000001","2","0","true",,,,
"84.4","3","0","true",,,,
"84.5","5","0","true",,,,
"84.6","4","0","true",,,,
"84.7","3","0","true",,,,
"84.80000000000001","4","0","true",,,,
"85","3","0","true",,,,
"85.2","6","0","true",,,,
"85.30000000000001","3","0","true",,,,
"85.4","4","0","true",,,,
"85.6","2","0","true",,,,
"85.7","2","0","true",,,,
"85.9","2","0","true",,,,
"86","4","0","true",,,,
"86.1","2","0","true",,,,
"86.2","4","0","true",,,,
"86.30000000000001","5","0","true",,,,
"86.4","1","0","true",,,,
"86.5","2","0","true",,,,
"86.6","1","0","true",,,,
"86.7","3","0","true",,,,
"86.80000000000001","1","0","true",,,,
"86.9","2","0","true",,,,
"87","5","0","true",,,,
"87.1","2","0","true",,,,
"87.2","1","0","true",,,,
"87.30000000000001","4","0","true",,,,
"87.4","2","0","true",,,,
"87.5","4","0","true",,,,
"87.7","4","0","true",,,,
"87.80000000000001","3","0","true",,,,
"87.9","1","0","true",,,,
"88","3","0","true",,,,
"88.1","2","0","true",,,,
"88.2","1","0","true",,,,
"88.30000000000001","2","0","true",,,,
"88.4","1","0","true",,,,
"88.5","4","0","true",,,,
"88.6","2","0","true",,,,
"88.7","3","0","true",,,,
"88.80000000000001","1","0","true",,,,
"88.9","3","0","true",,,,
"89","1","0","true",,,,
"89.1","1","0","true",,,,
"89.2","2","0","true",,,,
"89.30000000000001","3","0","true",,,,
"89.4","3","0","true",,,,
"89.5","2","0","true",,,,
"89.6","1","0","true",,,,
"89.80000000000001","2","0","true",,,,
"89.9","4","0","true",,,,
"90","4","0","true",,,,
"90.2","1","0","true",,,,
"90.30000000000001","3","0","true",,,,
"90.4","1","0","true",,,,
"90.5","1","0","true",,,,
"90.6","1","0","true",,,,
"90.7","1","0","true",,,,
"90.80000000000001","5","0","true",,,,
"90.9","2","0","true",,,,
"91.1","2","0","true",,,,
"91.2","1","0","true",,,,
"91.30000000000001","3","0","true",,,,
"91.4","1","0","true",,,,
"91.5","1","0","true",,,,
"91.6","1","0","true",,,,
"91.7","2","0","true",,,,
"91.80000000000001","1","0","true",,,,
"92","2","0","true",,,,
"92.1","1","0","true",,,,
"92.2","2","0","true",,,,
"92.30000000000001","2","0","true",,,,
"92.4","1","0","true",,,,
"92.5","3","0","true",,,,
"92.6","1","0","true",,,,
"92.7","2","0","true",,,,
"92.9","2","0","true",,,,
"93.1","2","0","true",,,,
"93.2","2","0","true",,,,
"93.4","1","0","true",,,,
"93.5","1","0","true",,,,
"93.6","3","0","true",,,,
"93.7","1","0","true",,,,
"93.80000000000001","1","0","true",,,,
"93.9","3","0","true",,,,
"94","1","0","true",,,,
"94.1","1","0","true",,,,
"94.30000000000001","4","0","true",,,,
"94.4","1","0","true",,,,
"94.5","1","0","true",,,,
"94.7","1","0","true",,,,
"94.80000000000001","1","0","true",,,,
"95","1","0","true",,,,
"95.1","1","0","true",,,,
"95.2","2","0","true",,,,
"95.30000000000001","2","0","true",,,,
"95.6","3","0","true",,,,
"95.7","1","0","true",,,,
"95.80000000000001","2","0","true",,,,
"95.9","1","0","true",,,,
"96","1","0","true",,,,
"96.30000000000001","1","0","true",,,,
"96.5","1","0","true",,,,
"96.80000000000001","1","0","true",,,,
"96.9","1","0","true",,,,
"97","1","0","true",,,,
"97.2","4","0","true",,,,
"97.9","1","0","true",,,,
"98","2","0","true",,,,
"98.1","1","0","true",,,,
"98.30000000000001","1","0","true",,,,
"98.5","1","0","true",,,,
"98.7","1","0","true",,,,
"99.1","1","0","true",,,,
"99.2","2","0","true",,,,
"99.6","1","0","true",,,,
"99.7","1","0","true",,,,
"100.30000000000001","1","0","true",,,,
"100.4","2","0","true",,,,
"100.6","1","0","true",,,,

"""Horizontal transect"""
"x min","x max","y min","y max","autoplot?","current pen","legend open?","number of pens"
"-1","50","40","102","true","""default""","false","3"

"pen name","pen down?","mode","interval","color","x"
"""default""","false","0","1","0","49"
"""pen-1""","false","0","1","105","49"
"""pen-2""","true","0","1","15","0"

"""default""",,,,"""pen-1""",,,,"""pen-2"""
"x","y","color","pen down?","x","y","color","pen down?","x","y","color","pen down?"
"0","63.04006195773001","0","true","0","40","105","true","0","102","15","true"
"1","60.74989831590288","0","true","1","40","105","true","0","40","15","true"
"2","59.75697450789973","0","true","2","40","105","true",,,,
"3","57.74907473852939","0","true","3","40","105","true",,,,
"4","55.81810043610448","0","true","4","40","105","true",,,,
"5","54.080220349155","0","true","5","40","105","true",,,,
"6","53.32661269073964","0","true","6","40","105","true",,,,
"7","50.74828688892544","0","true","7","40","105","true",,,,
"8","50.11567045217339","0","true","8","40","105","true",,,,
"9","47.83469138182001","0","true","9","40","105","true",,,,
"10","46.59162792873762","0","true","10","40","105","true",,,,
"11","44.90238622447424","0","true","11","40","105","true",,,,
"12","42.90144285008378","0","true","12","40","105","true",,,,
"13","41.33704400602895","0","true","13","40","105","true",,,,
"14","41.56730559101845","0","true","14","40","105","true",,,,
"15","43.23011284532527","0","true","15","40","105","true",,,,
"16","45.40032848184891","0","true","16","40","105","true",,,,
"17","47.20618781367352","0","true","17","40","105","true",,,,
"18","48.39009031714806","0","true","18","40","105","true",,,,
"19","50.63110613372733","0","true","19","40","105","true",,,,
"20","51.833745633681865","0","true","20","40","105","true",,,,
"21","53.37361088400068","0","true","21","40","105","true",,,,
"22","55.10869822579333","0","true","22","40","105","true",,,,
"23","56.73072132372245","0","true","23","40","105","true",,,,
"24","58.569568018168404","0","true","24","40","105","true",,,,
"25","59.80192557010929","0","true","25","40","105","true",,,,
"26","61.63754920016105","0","true","26","40","105","true",,,,
"27","63.09036064600625","0","true","27","40","105","true",,,,
"28","65.1695461837266","0","true","28","40","105","true",,,,
"29","67.41496561850947","0","true","29","40","105","true",,,,
"30","69.02506174637259","0","true","30","40","105","true",,,,
"31","70.67452401280646","0","true","31","40","105","true",,,,
"32","73.43059109335644","0","true","32","40","105","true",,,,
"33","74.33616394119684","0","true","33","40","105","true",,,,
"34","76.15061438581469","0","true","34","40","105","true",,,,
"35","77.62309088610144","0","true","35","40","105","true",,,,
"36","79.22656840364297","0","true","36","40","105","true",,,,
"37","80.75553587368317","0","true","37","40","105","true",,,,
"38","82.11248201410314","0","true","38","40","105","true",,,,
"39","83.70529431677426","0","true","39","40","105","true",,,,
"40","85.26774799072001","0","true","40","40","105","true",,,,
"41","87.3958346472712","0","true","41","40","105","true",,,,
"42","88.75005042874088","0","true","42","40","105","true",,,,
"43","89.85427515349113","0","true","43","40","105","true",,,,
"44","92.30158905312075","0","true","44","40","105","true",,,,
"45","94.19998852027257","0","true","45","40","105","true",,,,
"46","95.88055902386557","0","true","46","40","105","true",,,,
"47","98.3992747493055","0","true","47","40","105","true",,,,
"48","100.45781160843657","0","true","48","40","105","true",,,,
"49","100.6876592532394","0","true","49","40","105","true",,,,

"""vertical transect"""
"x min","x max","y min","y max","autoplot?","current pen","legend open?","number of pens"
"40","102","-1","50","true","""default""","false","3"

"pen name","pen down?","mode","interval","color","x"
"""default""","false","0","1","0","100.47481393267924"
"""pen-1""","false","0","1","105","40"
"""pen-2""","true","0","1","15","40"

"""default""",,,,"""pen-1""",,,,"""pen-2"""
"x","y","color","pen down?","x","y","color","pen down?","x","y","color","pen down?"
"63.04006195773001","0","0","true","40","0","105","true","102","0","15","true"
"64.08987422109799","1","0","true","40","1","105","true","40","0","15","true"
"64.74864371162435","2","0","true","40","2","105","true",,,,
"64.75151331550579","3","0","true","40","3","105","true",,,,
"65.5116242204681","4","0","true","40","4","105","true",,,,
"66.62876758939102","5","0","true","40","5","105","true",,,,
"67.06070124075642","6","0","true","40","6","105","true",,,,
"67.97930225958464","7","0","true","40","7","105","true",,,,
"68.70071594982034","8","0","true","40","8","105","true",,,,
"69.77242102094377","9","0","true","40","9","105","true",,,,
"70.4165994138018","10","0","true","40","10","105","true",,,,
"71.59153488460845","11","0","true","40","11","105","true",,,,
"72.34681066330933","12","0","true","40","12","105","true",,,,
"72.78189614019452","13","0","true","40","13","105","true",,,,
"73.21389768911553","14","0","true","40","14","105","true",,,,
"74.2475711873322","15","0","true","40","15","105","true",,,,
"74.48672059895429","16","0","true","40","16","105","true",,,,
"74.89627755357822","17","0","true","40","17","105","true",,,,
"74.61252900126243","18","0","true","40","18","105","true",,,,
"76.06546711406648","19","0","true","40","19","105","true",,,,
"77.67562225233769","20","0","true","40","20","105","true",,,,
"79.06009189220714","21","0","true","40","21","105","true",,,,
"78.91591596144141","22","0","true","40","22","105","true",,,,
"79.15575546468321","23","0","true","40","23","105","true",,,,
"80.28516580321066","24","0","true","40","24","105","true",,,,
"81.35752982473123","25","0","true","40","25","105","true",,,,
"82.19001537943714","26","0","true","40","26","105","true",,,,
"83.22666567422328","27","0","true","40","27","105","true",,,,
"83.88107878397867","28","0","true","40","28","105","true",,,,
"85.2771727810105","29","0","true","40","29","105","true",,,,
"86.50786307110923","30","0","true","40","30","105","true",,,,
"87.30192315680074","31","0","true","40","31","105","true",,,,
"88.09931604744651","32","0","true","40","32","105","true",,,,
"89.1162393916461","33","0","true","40","33","105","true",,,,
"89.57560664180832","34","0","true","40","34","105","true",,,,
"90.20300947648268","35","0","true","40","35","105","true",,,,
"91.31625793599653","36","0","true","40","36","105","true",,,,
"92.3043105162715","37","0","true","40","37","105","true",,,,
"92.76165432779098","38","0","true","40","38","105","true",,,,
"93.57279786213347","39","0","true","40","39","105","true",,,,
"94.00173266347335","40","0","true","40","40","105","true",,,,
"95.32142245222329","41","0","true","40","41","105","true",,,,
"95.8256413140117","42","0","true","40","42","105","true",,,,
"96.00039328652076","43","0","true","40","43","105","true",,,,
"96.85649213003981","44","0","true","40","44","105","true",,,,
"97.25223746377466","45","0","true","40","45","105","true",,,,
"98.0830396358777","46","0","true","40","46","105","true",,,,
"98.71641174137581","47","0","true","40","47","105","true",,,,
"99.6119771730031","48","0","true","40","48","105","true",,,,
"100.47481393267924","49","0","true","40","49","105","true",,,,

"""Erosion curves of soil formation"""
"x min","x max","y min","y max","autoplot?","current pen","legend open?","number of pens"
"0","2190","0","102","true","""%sand""","true","3"

"pen name","pen down?","mode","interval","color","x"
"""%sand""","false","0","1","15","2020"
"""%silt""","false","0","1","55","2020"
"""%clay""","false","0","1","105","2020"

"""%sand""",,,,"""%silt""",,,,"""%clay"""
"x","y","color","pen down?","x","y","color","pen down?","x","y","color","pen down?"
"0","54.64553471405329","15","true","0","92.39484592148008","55","true","0","84.0893462948147","105","true"
"1","54.63477084063162","15","true","1","92.39703882286777","55","true","1","84.09249394763599","105","true"
"2","54.624019701207445","15","true","2","92.39922912998482","55","true","2","84.09563787668597","105","true"
"3","54.61328128071606","15","true","3","92.40141684590033","55","true","3","84.09877808636995","105","true"
"4","54.602555564110574","15","true","4","92.40360197367977","55","true","4","84.10191458108808","105","true"
"5","54.591842536361895","15","true","5","92.40578451638498","55","true","5","84.10504736523527","105","true"
"6","54.581142182458706","15","true","6","92.40796447707422","55","true","6","84.10817644320123","105","true"
"7","54.57045448740745","15","true","7","92.41014185880205","55","true","7","84.1113018193705","105","true"
"8","54.559779436232326","15","true","8","92.41231666461948","55","true","8","84.11442349812243","105","true"
"9","54.54911701397522","15","true","9","92.41448889757389","55","true","9","84.11754148383116","105","true"
"10","54.538467205695724","15","true","10","92.41665856070907","55","true","10","84.12065578086569","105","true"
"11","54.52782999647113","15","true","11","92.41882565706518","55","true","11","84.12376639358983","105","true"
"12","54.517205371396344","15","true","12","92.4209901896788","55","true","12","84.12687332636224","105","true"
"13","54.506593315583935","15","true","13","92.42315216158293","55","true","13","84.1299765835364","105","true"
"14","54.49599381416407","15","true","14","92.42531157580696","55","true","14","84.13307616946068","105","true"
"15","54.48540685228452","15","true","15","92.42746843537671","55","true","15","84.13617208847828","105","true"
"16","54.474832415110605","15","true","16","92.4296227433144","55","true","16","84.13926434492724","105","true"
"17","54.46427048782522","15","true","17","92.4317745026387","55","true","17","84.14235294314052","105","true"
"18","54.45372105562877","15","true","18","92.43392371636472","55","true","18","84.14543788744592","105","true"
"19","54.44318410373918","15","true","19","92.43607038750395","55","true","19","84.14851918216613","105","true"
"20","54.43265961739185","15","true","20","92.43821451906437","55","true","20","84.1515968316187","105","true"
"21","54.42214758183967","15","true","21","92.44035611405037","55","true","21","84.15467084011613","105","true"
"22","54.411647982352946","15","true","22","92.4424951754628","55","true","22","84.15774121196574","105","true"
"23","54.40116080421943","15","true","23","92.44463170629896","55","true","23","84.16080795146985","105","true"
"24","54.390686032744284","15","true","24","92.4467657095526","55","true","24","84.1638710629256","105","true"
"25","54.380223653250034","15","true","25","92.4488971882139","55","true","25","84.16693055062508","105","true"
"26","54.369773651076585","15","true","26","92.4510261452696","55","true","26","84.16998641885534","105","true"
"27","54.35933601158118","15","true","27","92.45315258370276","55","true","27","84.1730386718983","105","true"
"28","54.34891072013838","15","true","28","92.45527650649304","55","true","28","84.17608731403085","105","true"
"29","54.338497762140065","15","true","29","92.4573979166165","55","true","29","84.1791323495248","105","true"
"30","54.32809712299538","15","true","30","92.45951681704572","55","true","30","84.18217378264693","105","true"
"31","54.31770878813074","15","true","31","92.46163321074972","55","true","31","84.18521161765894","105","true"
"32","54.30733274298979","15","true","32","92.46374710069408","55","true","32","84.18824585881752","105","true"
"33","54.296968973033415","15","true","33","92.46585848984078","55","true","33","84.1912765103743","105","true"
"34","54.28661746373969","15","true","34","92.46796738114836","55","true","34","84.1943035765759","105","true"
"35","54.276278200603855","15","true","35","92.47007377757184","55","true","35","84.1973270616639","105","true"
"36","54.26595116913834","15","true","36","92.47217768206275","55","true","36","84.20034696987489","105","true"
"37","54.25563635487269","15","true","37","92.47427909756911","55","true","37","84.20336330544039","105","true"
"38","54.24533374335358","15","true","38","92.47637802703548","55","true","38","84.20637607258698","105","true"
"39","54.235043320144776","15","true","39","92.47847447340293","55","true","39","84.20938527553619","105","true"
"40","54.22476507082713","15","true","40","92.48056843960902","55","true","40","84.2123909185046","105","true"
"41","54.214498980998556","15","true","41","92.48265992858788","55","true","41","84.21539300570375","105","true"
"42","54.20424503627399","15","true","42","92.48474894327012","55","true","42","84.21839154134025","105","true"
"43","54.194003222285396","15","true","43","92.48683548658295","55","true","43","84.2213865296157","105","true"
"44","54.18377352468174","15","true","44","92.48891956145003","55","true","44","84.22437797472675","105","true"
"45","54.173555929128966","15","true","45","92.49100117079165","55","true","45","84.22736588086505","105","true"
"46","54.16335042130996","15","true","46","92.49308031752457","55","true","46","84.23035025221733","105","true"
"47","54.15315698692456","15","true","47","92.49515700456217","55","true","47","84.23333109296534","105","true"
"48","54.14297561168952","15","true","48","92.49723123481431","55","true","48","84.23630840728592","105","true"
"49","54.13280628133849","15","true","49","92.49930301118746","55","true","49","84.23928219935092","105","true"
"50","54.122648981622","15","true","50","92.50137233658464","55","true","50","84.2422524733273","105","true"
"51","54.11250369830743","15","true","51","92.50343921390541","55","true","51","84.24521923337704","105","true"
"52","54.102370417178996","15","true","52","92.50550364604595","55","true","52","84.24818248365725","105","true"
"53","54.09224912403775","15","true","53","92.50756563589897","55","true","53","84.25114222832008","105","true"
"54","54.08213980470153","15","true","54","92.50962518635376","55","true","54","84.25409847151279","105","true"
"55","54.07204244500494","15","true","55","92.51168230029623","55","true","55","84.25705121737774","105","true"
"56","54.06195703079936","15","true","56","92.51373698060883","55","true","56","84.26000047005235","105","true"
"57","54.051883547952905","15","true","57","92.51578923017061","55","true","57","84.2629462336692","105","true"
"58","54.0418219823504","15","true","58","92.51783905185725","55","true","58","84.26588851235593","105","true"
"59","54.03177231989338","15","true","59","92.519886448541","55","true","59","84.26882731023535","105","true"
"60","54.02173454650005","15","true","60","92.5219314230907","55","true","60","84.27176263142533","105","true"
"61","54.01170864810528","15","true","61","92.52397397837181","55","true","61","84.27469448003893","105","true"
"62","54.001694610660564","15","true","62","92.52601411724642","55","true","62","84.27762286018431","105","true"
"63","53.99169242013405","15","true","63","92.52805184257319","55","true","63","84.28054777596478","105","true"
"64","53.98170206251045","15","true","64","92.53008715720743","55","true","64","84.28346923147876","105","true"
"65","53.97172352379108","15","true","65","92.53212006400108","55","true","65","84.28638723081988","105","true"
"66","53.9617567899938","15","true","66","92.53415056580266","55","true","66","84.28930177807692","105","true"
"67","53.95180184715302","15","true","67","92.53617866545737","55","true","67","84.29221287733375","105","true"
"68","53.94185868131968","15","true","68","92.53820436580703","55","true","68","84.29512053266951","105","true"
"69","53.931927278561204","15","true","69","92.54022766969008","55","true","69","84.29802474815844","105","true"
"70","53.922007624961516","15","true","70","92.54224857994161","55","true","70","84.30092552786999","105","true"
"71","53.912099706620985","15","true","71","92.5442670993934","55","true","71","84.3038228758688","105","true"
"72","53.902203509656445","15","true","72","92.54628323087378","55","true","72","84.30671679621469","105","true"
"73","53.892319020201136","15","true","73","92.54829697720783","55","true","73","84.30960729296267","105","true"
"74","53.88244622440471","15","true","74","92.55030834121726","55","true","74","84.31249437016298","105","true"
"75","53.872585108433206","15","true","75","92.55231732572041","55","true","75","84.31537803186103","105","true"
"76","53.862735658469035","15","true","76","92.55432393353232","55","true","76","84.31825828209749","105","true"
"77","53.852897860710925","15","true","77","92.5563281674647","55","true","77","84.3211351249082","105","true"
"78","53.84307170137398","15","true","78","92.5583300303259","55","true","78","84.32400856432427","105","true"
"79","53.83325716668957","15","true","79","92.560329524921","55","true","79","84.32687860437201","105","true"
"80","53.82345424290537","15","true","80","92.56232665405172","55","true","80","84.329745249073","105","true"
"81","53.81366291628533","15","true","81","92.56432142051648","55","true","81","84.33260850244402","105","true"
"82","53.80388317310964","15","true","82","92.56631382711036","55","true","82","84.3354683684971","105","true"
"83","53.79411499967472","15","true","83","92.56830387662521","55","true","83","84.33832485123959","105","true"
"84","53.784358382293206","15","true","84","92.5702915718495","55","true","84","84.34117795467402","105","true"
"85","53.77461330729394","15","true","85","92.57227691556841","55","true","85","84.34402768279824","105","true"
"86","53.76487976102191","15","true","86","92.57425991056388","55","true","86","84.34687403960532","105","true"
"87","53.75515772983828","15","true","87","92.5762405596145","55","true","87","84.34971702908365","105","true"
"88","53.74544720012034","15","true","88","92.57821886549563","55","true","88","84.35255665521687","105","true"
"89","53.735748158261494","15","true","89","92.58019483097927","55","true","89","84.35539292198395","105","true"
"90","53.72606059067125","15","true","90","92.58216845883419","55","true","90","84.35822583335909","105","true"
"91","53.7163844837752","15","true","91","92.5841397518259","55","true","91","84.36105539331184","105","true"
"92","53.70671982401497","15","true","92","92.5861087127166","55","true","92","84.36388160580705","105","true"
"93","53.69706659784825","15","true","93","92.58807534426523","55","true","93","84.36670447480485","105","true"
"94","53.68742479174874","15","true","94","92.5900396492275","55","true","94","84.3695240042607","105","true"
"95","53.677794392206145","15","true","95","92.59200163035582","55","true","95","84.37234019812539","105","true"
"96","53.66817538572616","15","true","96","92.59396129039936","55","true","96","84.37515306034503","105","true"
"97","53.65856775883043","15","true","97","92.59591863210403","55","true","97","84.37796259486105","105","true"
"98","53.648971498056554","15","true","98","92.5978736582125","55","true","98","84.38076880561023","105","true"
"99","53.63938658995805","15","true","99","92.59982637146419","55","true","99","84.3835716965247","105","true"
"100","53.62981302110436","15","true","100","92.6017767745953","55","true","100","84.38637127153191","105","true"
"101","53.6202507780808","15","true","101","92.60372487033874","55","true","101","84.3891675345547","105","true"
"102","53.61069984748856","15","true","102","92.60567066142424","55","true","102","84.39196048951125","105","true"
"103","53.601160215944674","15","true","103","92.6076141505783","55","true","103","84.39475014031508","105","true"
"104","53.59163187008203","15","true","104","92.60955534052415","55","true","104","84.39753649087514","105","true"
"105","53.582114796549305","15","true","105","92.61149423398183","55","true","105","84.4003195450957","105","true"
"106","53.57260898201099","15","true","106","92.61343083366816","55","true","106","84.40309930687643","105","true"
"107","53.56311441314734","15","true","107","92.61536514229675","55","true","107","84.4058757801124","105","true"
"108","53.55363107665436","15","true","108","92.617297162578","55","true","108","84.40864896869405","105","true"
"109","53.54415895924383","15","true","109","92.61922689721906","55","true","109","84.41141887650726","105","true"
"110","53.534698047643204","15","true","110","92.62115434892395","55","true","110","84.41418550743323","105","true"
"111","53.525248328595666","15","true","111","92.62307952039343","55","true","111","84.41694886534866","105","true"
"112","53.51580978886008","15","true","112","92.62500241432512","55","true","112","84.4197089541256","105","true"
"113","53.50638241521098","15","true","113","92.62692303341339","55","true","113","84.42246577763154","105","true"
"114","53.49696619443852","15","true","114","92.62884138034946","55","true","114","84.42521933972944","105","true"
"115","53.48756111334851","15","true","115","92.63075745782135","55","true","115","84.4279696442776","105","true"
"116","53.47816715876236","15","true","116","92.63267126851392","55","true","116","84.43071669512982","105","true"
"117","53.46878431751707","15","true","117","92.63458281510883","55","true","117","84.43346049613533","105","true"
"118","53.4594125764652","15","true","118","92.63649210028457","55","true","118","84.43620105113878","105","true"
"119","53.450051922474884","15","true","119","92.6383991267165","55","true","119","84.43893836398031","105","true"
"120","53.44070234242979","15","true","120","92.64030389707676","55","true","120","84.44167243849549","105","true"
"121","53.431363823229084","15","true","121","92.64220641403436","55","true","121","84.44440327851537","105","true"
"122","53.42203635178745","15","true","122","92.64410668025513","55","true","122","84.44713088786645","105","true"
"123","53.41271991503504","15","true","123","92.6460046984018","55","true","123","84.44985527037072","105","true"
"124","53.403414499917474","15","true","124","92.64790047113387","55","true","124","84.45257642984562","105","true"
"125","53.39412009339581","15","true","125","92.64979400110775","55","true","125","84.45529437010413","105","true"
"126","53.384836682446554","15","true","126","92.6516852909767","55","true","126","84.45800909495463","105","true"
"127","53.37556425406159","15","true","127","92.65357434339084","55","true","127","84.46072060820111","105","true"
"128","53.36630279524819","15","true","128","92.65546116099713","55","true","128","84.46342891364296","105","true"
"129","53.35705229302903","15","true","129","92.65734574643943","55","true","129","84.46613401507511","105","true"
"130","53.3478127344421","15","true","130","92.65922810235845","55","true","130","84.46883591628803","105","true"
"131","53.33858410654076","15","true","131","92.6611082313918","55","true","131","84.47153462106765","105","true"
"132","53.32936639639365","15","true","132","92.66298613617393","55","true","132","84.47423013319546","105","true"
"133","53.32015959108474","15","true","133","92.66486181933622","55","true","133","84.47692245644848","105","true"
"134","53.31096367771326","15","true","134","92.66673528350691","55","true","134","84.47961159459923","105","true"
"135","53.30177864339372","15","true","135","92.66860653131114","55","true","135","84.4822975514158","105","true"
"136","53.29260447525585","15","true","136","92.67047556537092","55","true","136","84.4849803306618","105","true"
"137","53.283441160444625","15","true","137","92.67234238830521","55","true","137","84.48765993609639","105","true"
"138","53.274288686120215","15","true","138","92.67420700272983","55","true","138","84.49033637147429","105","true"
"139","53.26514703945799","15","true","139","92.6760694112575","55","true","139","84.49300964054578","105","true"
"140","53.25601620764849","15","true","140","92.67792961649788","55","true","140","84.4956797470567","105","true"
"141","53.24689617789741","15","true","141","92.67978762105753","55","true","141","84.49834669474845","105","true"
"142","53.237786937425575","15","true","142","92.68164342753991","55","true","142","84.50101048735803","105","true"
"143","53.228688473468935","15","true","143","92.68349703854541","55","true","143","84.50367112861798","105","true"
"144","53.21960077327853","15","true","144","92.68534845667138","55","true","144","84.50632862225645","105","true"
"145","53.210523824120486","15","true","145","92.68719768451203","55","true","145","84.50898297199717","105","true"
"146","53.20145761327601","15","true","146","92.68904472465854","55","true","146","84.51163418155949","105","true"
"147","53.192402128041344","15","true","147","92.69088957969905","55","true","147","84.51428225465831","105","true"
"148","53.18335735572774","15","true","148","92.69273225221858","55","true","148","84.51692719500419","105","true"
"149","53.174323283661494","15","true","149","92.69457274479913","55","true","149","84.51956900630324","105","true"
"150","53.16529989918387","15","true","150","92.69641106001963","55","true","150","84.52220769225727","105","true"
"151","53.156287189651124","15","true","151","92.69824720045597","55","true","151","84.52484325656361","105","true"
"152","53.14728514243446","15","true","152","92.70008116868098","55","true","152","84.52747570291531","105","true"
"153","53.138293744920034","15","true","153","92.70191296726446","55","true","153","84.53010503500097","105","true"
"154","53.129312984508914","15","true","154","92.70374259877318","55","true","154","84.53273125650489","105","true"
"155","53.120342848617064","15","true","155","92.70557006577083","55","true","155","84.53535437110698","105","true"
"156","53.11138332467536","15","true","156","92.70739537081809","55","true","156","84.53797438248279","105","true"
"157","53.102434400129525","15","true","157","92.70921851647265","55","true","157","84.54059129430354","105","true"
"158","53.09349606244015","15","true","158","92.71103950528911","55","true","158","84.54320511023609","105","true"
"159","53.084568299082655","15","true","159","92.71285833981908","55","true","159","84.545815833943","105","true"
"160","53.07565109754727","15","true","160","92.71467502261115","55","true","160","84.54842346908244","105","true"
"161","53.06674444533904","15","true","161","92.7164895562109","55","true","161","84.5510280193083","105","true"
"162","53.05784832997777","15","true","162","92.71830194316088","55","true","162","84.55362948827012","105","true"
"163","53.04896273899805","15","true","163","92.72011218600066","55","true","163","84.55622787961313","105","true"
"164","53.04008765994921","15","true","164","92.72192028726678","55","true","164","84.55882319697827","105","true"
"165","53.0312230803953","15","true","165","92.72372624949278","55","true","165","84.56141544400211","105","true"
"166","53.0223689879151","15","true","166","92.72553007520922","55","true","166","84.564004624317","105","true"
"167","53.013525370102066","15","true","167","92.72733176694366","55","true","167","84.56659074155093","105","true"
"168","53.00469221456435","15","true","168","92.72913132722066","55","true","168","84.56917379932761","105","true"
"169","52.99586950892475","15","true","169","92.7309287585618","55","true","169","84.57175380126651","105","true"
"170","52.987057240820704","15","true","170","92.73272406348569","55","true","170","84.57433075098277","105","true"
"171","52.9782553979043","15","true","171","92.73451724450794","55","true","171","84.57690465208724","105","true"
"172","52.969463967842195","15","true","172","92.73630830414119","55","true","172","84.57947550818653","105","true"
"173","52.96068293831568","15","true","173","92.7380972448951","55","true","173","84.582043322883","105","true"
"174","52.95191229702058","15","true","174","92.73988406927639","55","true","174","84.58460809977468","105","true"
"175","52.943152031667296","15","true","175","92.74166877978878","55","true","175","84.58716984245544","105","true"
"176","52.93440212998077","15","true","176","92.74345137893305","55","true","176","84.58972855451482","105","true"
"177","52.925662579700465","15","true","177","92.745231869207","55","true","177","84.59228423953813","105","true"
"178","52.91693336858034","15","true","178","92.74701025310551","55","true","178","84.59483690110646","105","true"
"179","52.90821448438885","15","true","179","92.7487865331205","55","true","179","84.59738654279666","105","true"
"180","52.89950591490891","15","true","180","92.75056071174089","55","true","180","84.59993316818132","105","true"
"181","52.8908076479379","15","true","181","92.7523327914527","55","true","181","84.60247678082885","105","true"
"182","52.88211967128763","15","true","182","92.75410277473904","55","true","182","84.60501738430338","105","true"
"183","52.873441972784335","15","true","183","92.75587066408002","55","true","183","84.60755498216487","105","true"
"184","52.864774540268634","15","true","184","92.75763646195284","55","true","184","84.61008957796906","105","true"
"185","52.85611736159556","15","true","185","92.75940017083178","55","true","185","84.61262117526748","105","true"
"186","52.84747042463449","15","true","186","92.7611617931882","55","true","186","84.61514977760744","105","true"
"187","52.838833717269154","15","true","187","92.76292133149049","55","true","187","84.61767538853208","105","true"
"188","52.83020722739763","15","true","188","92.76467878820417","55","true","188","84.62019801158033","105","true"
"189","52.8215909429323","15","true","189","92.76643416579182","55","true","189","84.62271765028693","105","true"
"190","52.81298485179986","15","true","190","92.76818746671312","55","true","190","84.62523430818248","105","true"
"191","52.80438894194127","15","true","191","92.7699386934248","55","true","191","84.62774798879336","105","true"
"192","52.79580320131176","15","true","192","92.77168784838076","55","true","192","84.63025869564179","105","true"
"193","52.78722761788083","15","true","193","92.77343493403193","55","true","193","84.6327664322458","105","true"
"194","52.77866217963219","15","true","194","92.77517995282633","55","true","194","84.63527120211933","105","true"
"195","52.77010687456378","15","true","195","92.77692290720918","55","true","195","84.63777300877207","105","true"
"196","52.76156169068772","15","true","196","92.77866379962269","55","true","196","84.64027185570961","105","true"
"197","52.75302661603033","15","true","197","92.78040263250627","55","true","197","84.64276774643342","105","true"
"198","52.7445016386321","15","true","198","92.78213940829637","55","true","198","84.64526068444074","105","true"
"199","52.73598674654764","15","true","199","92.78387412942664","55","true","199","84.64775067322478","105","true"
"200","52.72748192784572","15","true","200","92.78560679832776","55","true","200","84.65023771627452","105","true"
"201","52.71898717060922","15","true","201","92.78733741742762","55","true","201","84.65272181707488","105","true"
"202","52.710502462935096","15","true","202","92.78906598915118","55","true","202","84.6552029791066","105","true"
"203","52.702027792934416","15","true","203","92.79079251592056","55","true","203","84.65768120584639","105","true"
"204","52.693563148732295","15","true","204","92.79251700015499","55","true","204","84.66015650076675","105","true"
"205","52.6851085184679","15","true","205","92.79423944427087","55","true","205","84.66262886733612","105","true"
"206","52.67666389029444","15","true","206","92.7959598506817","55","true","206","84.66509830901883","105","true"
"207","52.66822925237912","15","true","207","92.79767822179818","55","true","207","84.66756482927514","105","true"
"208","52.65980459290316","15","true","208","92.79939456002809","55","true","208","84.67002843156114","105","true"
"209","52.651389900061744","15","true","209","92.80110886777643","55","true","209","84.67248911932892","105","true"
"210","52.64298516206404","15","true","210","92.8028211474453","55","true","210","84.67494689602643","105","true"
"211","52.63459036713317","15","true","211","92.804531401434","55","true","211","84.67740176509754","105","true"
"212","52.626205503506156","15","true","212","92.80623963213897","55","true","212","84.6798537299821","105","true"
"213","52.61783055943397","15","true","213","92.8079458419538","55","true","213","84.68230279411583","105","true"
"214","52.60946552318146","15","true","214","92.80965003326928","55","true","214","84.6847489609304","105","true"
"215","52.601110383027375","15","true","215","92.81135220847337","55","true","215","84.68719223385345","105","true"
"216","52.592765127264315","15","true","216","92.81305236995115","55","true","216","84.68963261630854","105","true"
"217","52.58442974419875","15","true","217","92.81475052008497","55","true","217","84.69207011171517","105","true"
"218","52.57610422215096","15","true","218","92.81644666125429","55","true","218","84.69450472348882","105","true"
"219","52.56778854945505","15","true","219","92.81814079583577","55","true","219","84.69693645504091","105","true"
"220","52.55948271445894","15","true","220","92.81983292620329","55","true","220","84.69936530977884","105","true"
"221","52.55118670552432","15","true","221","92.82152305472788","55","true","221","84.70179129110596","105","true"
"222","52.54290051102666","15","true","222","92.82321118377777","55","true","222","84.70421440242163","105","true"
"223","52.534624119355165","15","true","223","92.82489731571843","55","true","223","84.70663464712112","105","true"
"224","52.526357518912796","15","true","224","92.82658145291248","55","true","224","84.70905202859576","105","true"
"225","52.518100698116214","15","true","225","92.82826359771978","55","true","225","84.71146655023283","105","true"
"226","52.5098536453958","15","true","226","92.82994375249739","55","true","226","84.7138782154156","105","true"
"227","52.50161634919562","15","true","227","92.83162191959956","55","true","227","84.71628702752335","105","true"
"228","52.493388797973395","15","true","228","92.83329810137778","55","true","228","84.71869298993134","105","true"
"229","52.48517098020052","15","true","229","92.83497230018074","55","true","229","84.72109610601088","105","true"
"230","52.476962884362024","15","true","230","92.83664451835439","55","true","230","84.72349637912923","105","true"
"231","52.468764498956546","15","true","231","92.83831475824185","55","true","231","84.72589381264974","105","true"
"232","52.46057581249635","15","true","232","92.8399830221835","55","true","232","84.72828840993172","105","true"
"233","52.45239681350728","15","true","233","92.84164931251695","55","true","233","84.73068017433053","105","true"
"234","52.44422749052875","15","true","234","92.84331363157703","55","true","234","84.73306910919757","105","true"
"235","52.43606783211375","15","true","235","92.84497598169584","55","true","235","84.73545521788026","105","true"
"236","52.42791782682879","15","true","236","92.84663636520268","55","true","236","84.73783850372206","105","true"
"237","52.419777463253915","15","true","237","92.84829478442411","55","true","237","84.74021897006247","105","true"
"238","52.41164672998269","15","true","238","92.84995124168395","55","true","238","84.74259662023707","105","true"
"239","52.403525615622165","15","true","239","92.85160573930328","55","true","239","84.74497145757745","105","true"
"240","52.39541410879286","15","true","240","92.85325827960038","55","true","240","84.74734348541129","105","true"
"241","52.387312198128775","15","true","241","92.85490886489083","55","true","241","84.74971270706233","105","true"
"242","52.379219872277346","15","true","242","92.85655749748749","55","true","242","84.75207912585037","105","true"
"243","52.371137119899444","15","true","243","92.85820417970044","55","true","243","84.75444274509127","105","true"
"244","52.363063929669345","15","true","244","92.85984891383703","55","true","244","84.756803568097","105","true"
"245","52.35500029027473","15","true","245","92.86149170220192","55","true","245","84.75916159817558","105","true"
"246","52.34694619041667","15","true","246","92.863132547097","55","true","246","84.76151683863114","105","true"
"247","52.338901618809594","15","true","247","92.86477145082146","55","true","247","84.76386929276387","105","true"
"248","52.330866564181285","15","true","248","92.86640841567178","55","true","248","84.7662189638701","105","true"
"249","52.32284101527285","15","true","249","92.8680434439417","55","true","249","84.76856585524224","105","true"
"250","52.31482496083874","15","true","250","92.86967653792226","55","true","250","84.77090997016879","105","true"
"251","52.30681838964669","15","true","251","92.87130769990176","55","true","251","84.77325131193436","105","true"
"252","52.29882129047773","15","true","252","92.87293693216584","55","true","252","84.7755898838197","105","true"
"253","52.29083365212617","15","true","253","92.87456423699741","55","true","253","84.77792568910168","105","true"
"254","52.28285546339955","15","true","254","92.87618961667668","55","true","254","84.78025873105324","105","true"
"255","52.27488671311868","15","true","255","92.87781307348116","55","true","255","84.78258901294352","105","true"
"256","52.266927390117594","15","true","256","92.87943460968569","55","true","256","84.78491653803773","105","true"
"257","52.25897748324351","15","true","257","92.88105422756237","55","true","257","84.78724130959728","105","true"
"258","52.25103698135687","15","true","258","92.88267192938068","55","true","258","84.78956333087966","105","true"
"259","52.24310587333127","15","true","259","92.88428771740733","55","true","259","84.79188260513855","105","true"
"260","52.23518414805348","15","true","260","92.88590159390644","55","true","260","84.79419913562374","105","true"
"261","52.22727179442342","15","true","261","92.88751356113937","55","true","261","84.79651292558123","105","true"
"262","52.21936880135414","15","true","262","92.88912362136487","55","true","262","84.79882397825314","105","true"
"263","52.211475157771815","15","true","263","92.89073177683898","55","true","263","84.80113229687774","105","true"
"264","52.2035908526157","15","true","264","92.89233802981506","55","true","264","84.80343788468953","105","true"
"265","52.19571587483814","15","true","265","92.89394238254384","55","true","265","84.80574074491912","105","true"
"266","52.187850213404566","15","true","266","92.89554483727339","55","true","266","84.80804088079334","105","true"
"267","52.17999385729345","15","true","267","92.89714539624907","55","true","267","84.81033829553517","105","true"
"268","52.1721467954963","15","true","268","92.89874406171364","55","true","268","84.81263299236383","105","true"
"269","52.164309017017665","15","true","269","92.90034083590719","55","true","269","84.81492497449466","105","true"
"270","52.15648051087508","15","true","270","92.9019357210671","55","true","270","84.81721424513924","105","true"
"271","52.14866126609908","15","true","271","92.90352871942822","55","true","271","84.81950080750534","105","true"
"272","52.1408512717332","15","true","272","92.90511983322266","55","true","272","84.82178466479695","105","true"
"273","52.13305051683389","15","true","273","92.90670906467992","55","true","273","84.82406582021426","105","true"
"274","52.12525899047059","15","true","274","92.90829641602687","55","true","274","84.82634427695365","105","true"
"275","52.11747668172565","15","true","275","92.90988188948774","55","true","275","84.82862003820776","105","true"
"276","52.10970357969434","15","true","276","92.91146548728412","55","true","276","84.83089310716542","105","true"
"277","52.101939673484836","15","true","277","92.91304721163498","55","true","277","84.83316348701172","105","true"
"278","52.094184952218185","15","true","278","92.91462706475667","55","true","278","84.83543118092794","105","true"
"279","52.08643940502832","15","true","279","92.91620504886292","55","true","279","84.83769619209163","105","true"
"280","52.078703021062026","15","true","280","92.91778116616481","55","true","280","84.83995852367657","105","true"
"281","52.07097578947891","15","true","281","92.91935541887086","55","true","281","84.84221817885278","105","true"
"282","52.063257699451434","15","true","282","92.92092780918692","55","true","282","84.84447516078654","105","true"
"283","52.05554874016484","15","true","283","92.92249833931626","55","true","283","84.84672947264038","105","true"
"284","52.047848900817186","15","true","284","92.92406701145956","55","true","284","84.84898111757308","105","true"
"285","52.0401581706193","15","true","285","92.92563382781483","55","true","285","84.85123009873969","105","true"
"286","52.03247653879477","15","true","286","92.92719879057758","55","true","286","84.85347641929155","105","true"
"287","52.02480399457993","15","true","287","92.92876190194062","55","true","287","84.85572008237622","105","true"
"288","52.01714052722387","15","true","288","92.93032316409423","55","true","288","84.85796109113758","105","true"
"289","52.00948612598838","15","true","289","92.9318825792261","55","true","289","84.86019944871579","105","true"
"290","52.00184078014795","15","true","290","92.93344014952129","55","true","290","84.86243515824727","105","true"
"291","51.99420447898977","15","true","291","92.93499587716232","55","true","291","84.86466822286472","105","true"
"292","51.986577211813696","15","true","292","92.93654976432909","55","true","292","84.86689864569719","105","true"
"293","51.97895896793225","15","true","293","92.93810181319894","55","true","293","84.86912642987","105","true"
"294","51.97134973667059","15","true","294","92.93965202594664","55","true","294","84.87135157850472","105","true"
"295","51.9637495073665","15","true","295","92.94120040474438","55","true","295","84.8735740947193","105","true"
"296","51.9561582693704","15","true","296","92.94274695176178","55","true","296","84.875793981628","105","true"
"297","51.94857601204528","15","true","297","92.94429166916588","55","true","297","84.87801124234133","105","true"
"298","51.94100272476673","15","true","298","92.94583455912118","55","true","298","84.88022587996618","105","true"
"299","51.93343839692291","15","true","299","92.94737562378963","55","true","299","84.88243789760575","105","true"
"300","51.92588301791453","15","true","300","92.94891486533055","55","true","300","84.88464729835955","105","true"
"301","51.918336577154825","15","true","301","92.95045228590081","55","true","301","84.88685408532345","105","true"
"302","51.91079906406958","15","true","302","92.95198788765464","55","true","302","84.88905826158964","105","true"
"303","51.90327046809708","15","true","303","92.95352167274376","55","true","303","84.89125983024665","105","true"
"304","51.89575077868809","15","true","304","92.95505364331736","55","true","304","84.89345879437937","105","true"
"305","51.88823998530588","15","true","305","92.95658380152206","55","true","305","84.89565515706904","105","true"
"306","51.88073807742617","15","true","306","92.95811214950194","55","true","306","84.89784892139325","105","true"
"307","51.87324504453714","15","true","307","92.95963868939856","55","true","307","84.90004009042592","105","true"
"308","51.86576087613939","15","true","308","92.96116342335092","55","true","308","84.90222866723738","105","true"
"309","51.85828556174595","15","true","309","92.96268635349556","55","true","309","84.90441465489431","105","true"
"310","51.85081909088227","15","true","310","92.96420748196638","55","true","310","84.90659805645976","105","true"
"311","51.84336145308616","15","true","311","92.96572681089485","55","true","311","84.90877887499316","105","true"
"312","51.835912637907846","15","true","312","92.96724434240988","55","true","312","84.91095711355031","105","true"
"313","51.82847263490988","15","true","313","92.96876007863786","55","true","313","84.9131327751834","105","true"
"314","51.82104143366718","15","true","314","92.97027402170268","55","true","314","84.91530586294101","105","true"
"315","51.81361902376701","15","true","315","92.97178617372569","55","true","315","84.91747637986812","105","true"
"316","51.80620539480893","15","true","316","92.97329653682577","55","true","316","84.91964432900612","105","true"
"317","51.7988005364048","15","true","317","92.97480511311926","55","true","317","84.92180971339275","105","true"
"318","51.791404438178795","15","true","318","92.97631190471999","55","true","318","84.92397253606222","105","true"
"319","51.78401708976735","15","true","319","92.97781691373935","55","true","319","84.9261328000451","105","true"
"320","51.77663848081916","15","true","320","92.97932014228616","55","true","320","84.9282905083684","105","true"
"321","51.76926860099516","15","true","321","92.98082159246678","55","true","321","84.93044566405557","105","true"
"322","51.761907439968546","15","true","322","92.98232126638507","55","true","322","84.93259827012643","105","true"
"323","51.75455498742468","15","true","323","92.98381916614241","55","true","323","84.93474832959726","105","true"
"324","51.74721123306118","15","true","324","92.98531529383767","55","true","324","84.93689584548078","105","true"
"325","51.73987616658782","15","true","325","92.98680965156728","55","true","325","84.9390408207861","105","true"
"326","51.73254977772655","15","true","326","92.98830224142516","55","true","326","84.94118325851885","105","true"
"327","51.72523205621149","15","true","327","92.98979306550274","55","true","327","84.94332316168104","105","true"
"328","51.717922991788896","15","true","328","92.991282125889","55","true","328","84.94546053327112","105","true"
"329","51.710622574217155","15","true","329","92.99276942467046","55","true","329","84.94759537628404","105","true"
"330","51.70333079326679","15","true","330","92.99425496393113","55","true","330","84.9497276937112","105","true"
"331","51.69604763872039","15","true","331","92.99573874575258","55","true","331","84.95185748854043","105","true"
"332","51.68877310037265","15","true","332","92.99722077221394","55","true","332","84.95398476375603","105","true"
"333","51.68150716803035","15","true","333","92.99870104539181","55","true","333","84.95610952233879","105","true"
"334","51.67424983151232","15","true","334","93.00017956736043","55","true","334","84.95823176726599","105","true"
"335","51.66700108064942","15","true","335","93.0016563401915","55","true","335","84.96035150151133","105","true"
"336","51.659760905284564","15","true","336","93.00313136595432","55","true","336","84.96246872804504","105","true"
"337","51.65252929527266","15","true","337","93.00460464671572","55","true","337","84.96458344983382","105","true"
"338","51.645306240480636","15","true","338","93.00607618454009","55","true","338","84.96669566984086","105","true"
"339","51.638091730787394","15","true","339","93.00754598148939","55","true","339","84.96880539102584","105","true"
"340","51.63088575608383","15","true","340","93.00901403962312","55","true","340","84.97091261634495","105","true"
"341","51.62368830627276","15","true","341","93.01048036099834","55","true","341","84.97301734875087","105","true"
"342","51.616499371269","15","true","342","93.01194494766972","55","true","342","84.97511959119282","105","true"
"343","51.609318940999245","15","true","343","93.01340780168945","55","true","343","84.97721934661647","105","true"
"344","51.602147005402145","15","true","344","93.01486892510731","55","true","344","84.97931661796406","105","true"
"345","51.594983554428225","15","true","345","93.01632831997065","55","true","345","84.98141140817432","105","true"
"346","51.58782857803992","15","true","346","93.01778598832443","55","true","346","84.98350372018253","105","true"
"347","51.58068206621153","15","true","347","93.01924193221114","55","true","347","84.98559355692046","105","true"
"348","51.57354400892922","15","true","348","93.02069615367088","55","true","348","84.98768092131644","105","true"
"349","51.566414396190986","15","true","349","93.02214865474136","55","true","349","84.98976581629532","105","true"
"350","51.55929321800669","15","true","350","93.0235994374578","55","true","350","84.99184824477851","105","true"
"351","51.55218046439796","15","true","351","93.02504850385313","55","true","351","84.99392820968396","105","true"
"352","51.5450761253983","15","true","352","93.02649585595778","55","true","352","84.99600571392612","105","true"
"353","51.53798019105294","15","true","353","93.0279414957998","55","true","353","84.99808076041607","105","true"
"354","51.53089265141892","15","true","354","93.02938542540487","55","true","354","85.00015335206139","105","true"
"355","51.52381349656503","15","true","355","93.03082764679623","55","true","355","85.00222349176624","105","true"
"356","51.51674271657182","15","true","356","93.03226816199478","55","true","356","85.00429118243134","105","true"
"357","51.50968030153157","15","true","357","93.03370697301898","55","true","357","85.006356426954","105","true"
"358","51.50262624154827","15","true","358","93.03514408188492","55","true","358","85.00841922822805","105","true"
"359","51.49558052673763","15","true","359","93.03657949060631","55","true","359","85.01047958914396","105","true"
"360","51.48854314722706","15","true","360","93.03801320119449","55","true","360","85.01253751258872","105","true"
"361","51.48151409315564","15","true","361","93.03944521565839","55","true","361","85.01459300144596","105","true"
"362","51.4744933546741","15","true","362","93.04087553600456","55","true","362","85.01664605859585","105","true"
"363","51.46748092194486","15","true","363","93.04230416423724","55","true","363","85.0186966869152","105","true"
"364","51.46047678514194","15","true","364","93.0437311023582","55","true","364","85.02074488927738","105","true"
"365","51.45348093445101","15","true","365","93.04515635236693","55","true","365","85.02279066855236","105","true"
"366","51.44649336006934","15","true","366","93.0465799162605","55","true","366","85.02483402760676","105","true"
"367","51.43951405220579","15","true","367","93.04800179603366","55","true","367","85.02687496930373","105","true"
"368","51.43254300108082","15","true","368","93.04942199367875","55","true","368","85.02891349650314","105","true"
"369","51.42558019692645","15","true","369","93.05084051118581","55","true","369","85.03094961206135","105","true"
"370","51.41862562998625","15","true","370","93.05225735054246","55","true","370","85.03298331883146","105","true"
"371","51.41167929051536","15","true","371","93.05367251373403","55","true","371","85.03501461966312","105","true"
"372","51.404741168780404","15","true","372","93.05508600274347","55","true","372","85.03704351740261","105","true"
"373","51.39781125505955","15","true","373","93.05649781955138","55","true","373","85.0390700148929","105","true"
"374","51.390889539642465","15","true","374","93.05790796613604","55","true","374","85.04109411497353","105","true"
"375","51.3839760128303","15","true","375","93.05931644447338","55","true","375","85.04311582048074","105","true"
"376","51.37707066493569","15","true","376","93.06072325653697","55","true","376","85.04513513424735","105","true"
"377","51.3701734862827","15","true","377","93.06212840429806","55","true","377","85.04715205910288","105","true"
"378","51.36328446720688","15","true","378","93.06353188972561","55","true","378","85.0491665978735","105","true"
"379","51.35640359805519","15","true","379","93.06493371478618","55","true","379","85.051178753382","105","true"
"380","51.34953086918601","15","true","380","93.06633388144402","55","true","380","85.05318852844788","105","true"
"381","51.34266627096914","15","true","381","93.06773239166112","55","true","381","85.05519592588725","105","true"
"382","51.33580979378577","15","true","382","93.06912924739706","55","true","382","85.05720094851293","105","true"
"383","51.32896142802845","15","true","383","93.07052445060917","55","true","383","85.05920359913439","105","true"
"384","51.32212116410112","15","true","384","93.07191800325242","55","true","384","85.06120388055778","105","true"
"385","51.31528899241906","15","true","385","93.0733099072795","55","true","385","85.06320179558597","105","true"
"386","51.3084649034089","15","true","386","93.07470016464075","55","true","386","85.06519734701844","105","true"
"387","51.30164888750857","15","true","387","93.07608877728424","55","true","387","85.06719053765143","105","true"
"388","51.29484093516734","15","true","388","93.07747574715573","55","true","388","85.0691813702778","105","true"
"389","51.288041036845776","15","true","389","93.07886107619866","55","true","389","85.07116984768717","105","true"
"390","51.28124918301571","15","true","390","93.08024476635418","55","true","390","85.07315597266584","105","true"
"391","51.274465364160264","15","true","391","93.08162681956117","55","true","391","85.07513974799681","105","true"
"392","51.26768957077381","15","true","392","93.08300723775615","55","true","392","85.07712117645977","105","true"
"393","51.260921793361966","15","true","393","93.08438602287342","55","true","393","85.07910026083114","105","true"
"394","51.25416202244159","15","true","394","93.08576317684496","55","true","394","85.08107700388406","105","true"
"395","51.24741024854075","15","true","395","93.08713870160045","55","true","395","85.08305140838839","105","true"
"396","51.240666462198725","15","true","396","93.08851259906731","55","true","396","85.08502347711068","105","true"
"397","51.23393065396598","15","true","397","93.08988487117068","55","true","397","85.08699321281426","105","true"
"398","51.227202814404166","15","true","398","93.09125551983341","55","true","398","85.08896061825916","105","true"
"399","51.2204829340861","15","true","399","93.0926245469761","55","true","399","85.09092569620213","105","true"
"400","51.21377100359574","15","true","400","93.09399195451702","55","true","400","85.0928884493967","105","true"
"401","51.2070670135282","15","true","401","93.09535774437224","55","true","401","85.0948488805931","105","true"
"402","51.20037095448971","15","true","402","93.09672191845551","55","true","402","85.09680699253835","105","true"
"403","51.19368281709762","15","true","403","93.09808447867836","55","true","403","85.09876278797617","105","true"
"404","51.18700259198037","15","true","404","93.09944542695003","55","true","404","85.10071626964708","105","true"
"405","51.18033026977749","15","true","405","93.1008047651775","55","true","405","85.10266744028833","105","true"
"406","51.173665841139595","15","true","406","93.10216249526552","55","true","406","85.10461630263393","105","true"
"407","51.16700929672834","15","true","407","93.10351861911656","55","true","407","85.1065628594147","105","true"
"408","51.16036062721645","15","true","408","93.10487313863082","55","true","408","85.10850711335814","105","true"
"409","51.15371982328767","15","true","409","93.10622605570633","55","true","409","85.11044906718863","105","true"
"410","51.147086875636774","15","true","410","93.10757737223881","55","true","410","85.11238872362725","105","true"
"411","51.14046177496953","15","true","411","93.10892709012172","55","true","411","85.1143260853919","105","true"
"412","51.133844512002725","15","true","412","93.11027521124636","55","true","412","85.11626115519722","105","true"
"413","51.12723507746411","15","true","413","93.11162173750171","55","true","413","85.1181939357547","105","true"
"414","51.1206334620924","15","true","414","93.11296667077455","55","true","414","85.1201244297726","105","true"
"415","51.114039656637296","15","true","415","93.11431001294946","55","true","415","85.12205263995594","105","true"
"416","51.10745365185941","15","true","416","93.11565176590874","55","true","416","85.12397856900657","105","true"
"417","51.1008754385303","15","true","417","93.11699193153247","55","true","417","85.12590221962316","105","true"
"418","51.094305007432446","15","true","418","93.11833051169852","55","true","418","85.12782359450115","105","true"
"419","51.08774234935922","15","true","419","93.11966750828255","55","true","419","85.12974269633281","105","true"
"420","51.08118745511489","15","true","420","93.12100292315797","55","true","420","85.13165952780724","105","true"
"421","51.074640315514614","15","true","421","93.12233675819601","55","true","421","85.13357409161034","105","true"
"422","51.0681009213844","15","true","422","93.12366901526566","55","true","422","85.13548639042482","105","true"
"423","51.06156926356111","15","true","423","93.12499969623369","55","true","423","85.13739642693025","105","true"
"424","51.05504533289246","15","true","424","93.1263288029647","55","true","424","85.13930420380301","105","true"
"425","51.048529120236985","15","true","425","93.12765633732104","55","true","425","85.14120972371629","105","true"
"426","51.04202061646403","15","true","426","93.1289823011629","55","true","426","85.14311298934018","105","true"
"427","51.03551981245376","15","true","427","93.13030669634824","55","true","427","85.14501400334156","105","true"
"428","51.029026699097095","15","true","428","93.13162952473282","55","true","428","85.14691276838415","105","true"
"429","51.022541267295765","15","true","429","93.13295078817022","55","true","429","85.14880928712857","105","true"
"430","51.01606350796225","15","true","430","93.13427048851183","55","true","430","85.15070356223225","105","true"
"431","51.00959341201978","15","true","431","93.13558862760682","55","true","431","85.15259559634949","105","true"
"432","51.00313097040233","15","true","432","93.13690520730222","55","true","432","85.15448539213142","105","true"
"433","50.99667617405459","15","true","433","93.13822022944282","55","true","433","85.15637295222609","105","true"
"434","50.990229013931966","15","true","434","93.13953369587128","55","true","434","85.15825827927839","105","true"
"435","50.98378948100057","15","true","435","93.14084560842805","55","true","435","85.16014137593005","105","true"
"436","50.9773575662372","15","true","436","93.1421559689514","55","true","436","85.16202224481972","105","true"
"437","50.970933260629316","15","true","437","93.14346477927744","55","true","437","85.16390088858293","105","true"
"438","50.96451655517505","15","true","438","93.14477204124009","55","true","438","85.16577730985205","105","true"
"439","50.958107440883204","15","true","439","93.14607775667113","55","true","439","85.16765151125635","105","true"
"440","50.95170590877317","15","true","440","93.14738192740015","55","true","440","85.16952349542204","105","true"
"441","50.945311949875006","15","true","441","93.14868455525458","55","true","441","85.17139326497214","105","true"
"442","50.93892555522936","15","true","442","93.14998564205968","55","true","442","85.17326082252663","105","true"
"443","50.93254671588749","15","true","443","93.15128518963857","55","true","443","85.17512617070237","105","true"
"444","50.92617542291124","15","true","444","93.1525831998122","55","true","444","85.17698931211312","105","true"
"445","50.91981166737301","15","true","445","93.15387967439936","55","true","445","85.17885024936956","105","true"
"446","50.9134554403558","15","true","446","93.15517461521671","55","true","446","85.18070898507925","105","true"
"447","50.9071067329531","15","true","447","93.15646802407875","55","true","447","85.18256552184671","105","true"
"448","50.900765536269006","15","true","448","93.1577599027978","55","true","448","85.18441986227336","105","true"
"449","50.89443184141809","15","true","449","93.1590502531841","55","true","449","85.18627200895752","105","true"
"450","50.88810563952545","15","true","450","93.16033907704572","55","true","450","85.18812196449447","105","true"
"451","50.88178692172668","15","true","451","93.16162637618855","55","true","451","85.18996973147641","105","true"
"452","50.87547567916786","15","true","452","93.16291215241641","55","true","452","85.19181531249245","105","true"
"453","50.869171903005565","15","true","453","93.16419640753094","55","true","453","85.19365871012866","105","true"
"454","50.8628755844068","15","true","454","93.16547914333168","55","true","454","85.19549992696807","105","true"
"455","50.856586714549046","15","true","455","93.166760361616","55","true","455","85.19733896559059","105","true"
"456","50.850305284620205","15","true","456","93.1680400641792","55","true","456","85.19917582857316","105","true"
"457","50.8440312858186","15","true","457","93.1693182528144","55","true","457","85.20101051848961","105","true"
"458","50.837764709352996","15","true","458","93.17059492931264","55","true","458","85.20284303791074","105","true"
"459","50.83150554644252","15","true","459","93.17187009546282","55","true","459","85.20467338940432","105","true"
"460","50.82525378831672","15","true","460","93.17314375305173","55","true","460","85.20650157553507","105","true"
"461","50.819009426215494","15","true","461","93.17441590386404","55","true","461","85.2083275988647","105","true"
"462","50.81277245138912","15","true","462","93.17568654968233","55","true","462","85.21015146195185","105","true"
"463","50.80654285509822","15","true","463","93.17695569228702","55","true","463","85.21197316735217","105","true"
"464","50.800320628613754","15","true","464","93.17822333345649","55","true","464","85.21379271761826","105","true"
"465","50.79410576321702","15","true","465","93.17948947496697","55","true","465","85.21561011529971","105","true"
"466","50.78789825019962","15","true","466","93.18075411859262","55","true","466","85.2174253629431","105","true"
"467","50.78169808086345","15","true","467","93.18201726610546","55","true","467","85.219238463092","105","true"
"468","50.77550524652071","15","true","468","93.18327891927547","55","true","468","85.22104941828694","105","true"
"469","50.769319738493884","15","true","469","93.18453907987046","55","true","469","85.22285823106549","105","true"
"470","50.763141548115705","15","true","470","93.18579774965623","55","true","470","85.22466490396218","105","true"
"471","50.75697066672917","15","true","471","93.18705493039644","55","true","471","85.22646943950856","105","true"
"472","50.750807085687505","15","true","472","93.18831062385269","55","true","472","85.22827184023319","105","true"
"473","50.74465079635418","15","true","473","93.18956483178445","55","true","473","85.23007210866163","105","true"
"474","50.73850179010289","15","true","474","93.19081755594918","55","true","474","85.23187024731645","105","true"
"475","50.7323600583175","15","true","475","93.1920687981022","55","true","475","85.23366625871722","105","true"
"476","50.726225592392105","15","true","476","93.19331855999678","55","true","476","85.23546014538059","105","true"
"477","50.72009838373096","15","true","477","93.19456684338411","55","true","477","85.23725190982015","105","true"
"478","50.71397842374849","15","true","478","93.19581365001332","55","true","478","85.23904155454657","105","true"
"479","50.7078657038693","15","true","479","93.19705898163146","55","true","479","85.24082908206755","105","true"
"480","50.70176021552811","15","true","480","93.19830283998351","55","true","480","85.24261449488779","105","true"
"481","50.69566195016979","15","true","481","93.19954522681238","55","true","481","85.24439779550906","105","true"
"482","50.68957089924932","15","true","482","93.20078614385893","55","true","482","85.24617898643015","105","true"
"483","50.6834870542318","15","true","483","93.20202559286199","55","true","483","85.24795807014691","105","true"
"484","50.677410406592415","15","true","484","93.20326357555825","55","true","484","85.2497350491522","105","true"
"485","50.67134094781646","15","true","485","93.20450009368244","55","true","485","85.251509925936","105","true"
"486","50.66527866939927","15","true","486","93.20573514896716","55","true","486","85.25328270298529","105","true"
"487","50.65922356284626","15","true","487","93.20696874314302","55","true","487","85.25505338278411","105","true"
"488","50.65317561967289","15","true","488","93.20820087793857","55","true","488","85.25682196781358","105","true"
"489","50.647134831404664","15","true","489","93.20943155508026","55","true","489","85.25858846055188","105","true"
"490","50.64110118957711","15","true","490","93.21066077629256","55","true","490","85.26035286347424","105","true"
"491","50.63507468573575","15","true","491","93.21188854329787","55","true","491","85.262115179053","105","true"
"492","50.62905531143614","15","true","492","93.21311485781659","55","true","492","85.26387540975753","105","true"
"493","50.6230430582438","15","true","493","93.21433972156704","55","true","493","85.26563355805433","105","true"
"494","50.61703791773425","15","true","494","93.21556313626552","55","true","494","85.26738962640692","105","true"
"495","50.61103988149295","15","true","495","93.21678510362631","55","true","495","85.26914361727597","105","true"
"496","50.605048941115335","15","true","496","93.21800562536166","55","true","496","85.27089553311919","105","true"
"497","50.599065088206785","15","true","497","93.21922470318177","55","true","497","85.2726453763914","105","true"
"498","50.59308831438259","15","true","498","93.22044233879484","55","true","498","85.27439314954451","105","true"
"499","50.58711861126799","15","true","499","93.22165853390707","55","true","499","85.27613885502755","105","true"
"500","50.581155970498095","15","true","500","93.22287329022261","55","true","500","85.27788249528663","105","true"
"501","50.57520038371795","15","true","501","93.22408660944359","55","true","501","85.27962407276497","105","true"
"502","50.569251842582446","15","true","502","93.22529849327013","55","true","502","85.28136358990294","105","true"
"503","50.56331033875639","15","true","503","93.22650894340038","55","true","503","85.28310104913793","105","true"
"504","50.5573758639144","15","true","504","93.2277179615304","55","true","504","85.28483645290454","105","true"
"505","50.551448409740985","15","true","505","93.22892554935433","55","true","505","85.28656980363444","105","true"
"506","50.545527967930475","15","true","506","93.23013170856426","55","true","506","85.28830110375644","105","true"
"507","50.53961453018702","15","true","507","93.23133644085027","55","true","507","85.29003035569647","105","true"
"508","50.5337080882246","15","true","508","93.23253974790046","55","true","508","85.2917575618776","105","true"
"509","50.52780863376697","15","true","509","93.23374163140093","55","true","509","85.29348272472004","105","true"
"510","50.52191615854772","15","true","510","93.2349420930358","55","true","510","85.29520584664108","105","true"
"511","50.51603065431017","15","true","511","93.23614113448716","55","true","511","85.29692693005524","105","true"
"512","50.51015211280745","15","true","512","93.23733875743513","55","true","512","85.2986459773741","105","true"
"513","50.50428052580241","15","true","513","93.23853496355785","55","true","513","85.30036299100645","105","true"
"514","50.49841588506767","15","true","514","93.23972975453148","55","true","514","85.3020779733582","105","true"
"515","50.49255818238559","15","true","515","93.24092313203018","55","true","515","85.30379092683239","105","true"
"516","50.48670740954822","15","true","516","93.24211509772611","55","true","516","85.30550185382928","105","true"
"517","50.480863558357335","15","true","517","93.24330565328953","55","true","517","85.30721075674626","105","true"
"518","50.475026620624426","15","true","518","93.24449480038861","55","true","518","85.30891763797786","105","true"
"519","50.46919658817065","15","true","519","93.24568254068964","55","true","519","85.3106224999158","105","true"
"520","50.46337345282684","15","true","520","93.2468688758569","55","true","520","85.31232534494896","105","true"
"521","50.45755720643352","15","true","521","93.24805380755272","55","true","521","85.31402617546341","105","true"
"522","50.451747840840824","15","true","522","93.24923733743744","55","true","522","85.31572499384238","105","true"
"523","50.44594534790857","15","true","523","93.25041946716942","55","true","523","85.31742180246631","105","true"
"524","50.44014971950617","15","true","524","93.25160019840513","55","true","524","85.31911660371279","105","true"
"525","50.43436094751268","15","true","525","93.25277953279901","55","true","525","85.3208093999566","105","true"
"526","50.42857902381676","15","true","526","93.25395747200356","55","true","526","85.32250019356974","105","true"
"527","50.42280394031665","15","true","527","93.25513401766935","55","true","527","85.32418898692137","105","true"
"528","50.41703568892019","15","true","528","93.25630917144498","55","true","528","85.32587578237788","105","true"
"529","50.41127426154478","15","true","529","93.25748293497709","55","true","529","85.32756058230281","105","true"
"530","50.40551965011741","15","true","530","93.25865530991038","55","true","530","85.32924338905696","105","true"
"531","50.39977184657459","15","true","531","93.25982629788761","55","true","531","85.33092420499831","105","true"
"532","50.39403084286237","15","true","532","93.26099590054959","55","true","532","85.33260303248206","105","true"
"533","50.38829663093636","15","true","533","93.2621641195352","55","true","533","85.3342798738606","105","true"
"534","50.38256920276165","15","true","534","93.26333095648135","55","true","534","85.33595473148355","105","true"
"535","50.37684855031286","15","true","535","93.26449641302307","55","true","535","85.33762760769778","105","true"
"536","50.37113466557408","15","true","536","93.26566049079338","55","true","536","85.33929850484735","105","true"
"537","50.36542754053892","15","true","537","93.26682319142346","55","true","537","85.34096742527353","105","true"
"538","50.35972716721042","15","true","538","93.26798451654246","55","true","538","85.34263437131489","105","true"
"539","50.35403353760111","15","true","539","93.26914446777768","55","true","539","85.34429934530716","105","true"
"540","50.34834664373297","15","true","540","93.27030304675446","55","true","540","85.34596234958333","105","true"
"541","50.34266647763739","15","true","541","93.27146025509623","55","true","541","85.34762338647366","105","true"
"542","50.33699303135521","15","true","542","93.27261609442448","55","true","542","85.34928245830561","105","true"
"543","50.331326296936695","15","true","543","93.27377056635882","55","true","543","85.3509395674039","105","true"
"544","50.32566626644149","15","true","544","93.27492367251689","55","true","544","85.35259471609052","105","true"
"545","50.32001293193864","15","true","545","93.27607541451447","55","true","545","85.35424790668469","105","true"
"546","50.314366285506594","15","true","546","93.27722579396539","55","true","546","85.3558991415029","105","true"
"547","50.30872631923314","15","true","547","93.27837481248159","55","true","547","85.3575484228589","105","true"
"548","50.303093025215446","15","true","548","93.2795224716731","55","true","548","85.35919575306369","105","true"
"549","50.29746639556003","15","true","549","93.28066877314805","55","true","549","85.36084113442553","105","true"
"550","50.29184642238274","15","true","550","93.28181371851264","55","true","550","85.36248456924997","105","true"
"551","50.286233097808754","15","true","551","93.28295730937121","55","true","551","85.36412605983983","105","true"
"552","50.28062641397258","15","true","552","93.28409954732618","55","true","552","85.3657656084952","105","true"
"553","50.275026363018","15","true","553","93.28524043397806","55","true","553","85.36740321751344","105","true"
"554","50.26943293709812","15","true","554","93.28637997092551","55","true","554","85.36903888918921","105","true"
"555","50.26384612837531","15","true","555","93.28751815976526","55","true","555","85.37067262581445","105","true"
"556","50.25826592902123","15","true","556","93.28865500209216","55","true","556","85.37230442967837","105","true"
"557","50.25269233121678","15","true","557","93.28979049949918","55","true","557","85.3739343030675","105","true"
"558","50.24712532715213","15","true","558","93.29092465357739","55","true","558","85.37556224826564","105","true"
"559","50.24156490902668","15","true","559","93.29205746591602","55","true","559","85.37718826755392","105","true"
"560","50.23601106904905","15","true","560","93.29318893810236","55","true","560","85.37881236321073","105","true"
"561","50.23046379943709","15","true","561","93.29431907172186","55","true","561","85.38043453751179","105","true"
"562","50.22492309241785","15","true","562","93.2954478683581","55","true","562","85.38205479273013","105","true"
"563","50.219388940227596","15","true","563","93.29657532959276","55","true","563","85.38367313113609","105","true"
"564","50.213861335111744","15","true","564","93.29770145700566","55","true","564","85.3852895549973","105","true"
"565","50.2083402693249","15","true","565","93.29882625217475","55","true","565","85.38690406657875","105","true"
"566","50.202825735130844","15","true","566","93.29994971667612","55","true","566","85.3885166681427","105","true"
"567","50.197317724802495","15","true","567","93.30107185208401","55","true","567","85.39012736194879","105","true"
"568","50.19181623062191","15","true","568","93.30219265997076","55","true","568","85.39173615025393","105","true"
"569","50.18632124488029","15","true","569","93.30331214190687","55","true","569","85.39334303531241","105","true"
"570","50.18083275987795","15","true","570","93.30443029946098","55","true","570","85.3949480193758","105","true"
"571","50.17535076792431","15","true","571","93.30554713419987","55","true","571","85.39655110469307","105","true"
"572","50.16987526133789","15","true","572","93.3066626476885","55","true","572","85.39815229351048","105","true"
"573","50.1644062324463","15","true","573","93.30777684148991","55","true","573","85.39975158807164","105","true"
"574","50.15894367358623","15","true","574","93.30888971716536","55","true","574","85.40134899061754","105","true"
"575","50.15348757710342","15","true","575","93.31000127627422","55","true","575","85.40294450338645","105","true"
"576","50.14803793535268","15","true","576","93.31111152037404","55","true","576","85.40453812861408","105","true"
"577","50.142594740697874","15","true","577","93.31222045102051","55","true","577","85.40612986853343","105","true"
"578","50.13715798551188","15","true","578","93.31332806976748","55","true","578","85.40771972537487","105","true"
"579","50.13172766217659","15","true","579","93.31443437816698","55","true","579","85.40930770136616","105","true"
"580","50.12630376308294","15","true","580","93.31553937776918","55","true","580","85.41089379873239","105","true"
"581","50.120886280630856","15","true","581","93.31664307012244","55","true","581","85.41247801969602","105","true"
"582","50.11547520722923","15","true","582","93.31774545677327","55","true","582","85.41406036647693","105","true"
"583","50.11007053529598","15","true","583","93.31884653926636","55","true","583","85.4156408412923","105","true"
"584","50.10467225725796","15","true","584","93.31994631914456","55","true","584","85.41721944635675","105","true"
"585","50.099280365550996","15","true","585","93.32104479794891","55","true","585","85.41879618388224","105","true"
"586","50.09389485261985","15","true","586","93.32214197721864","55","true","586","85.42037105607812","105","true"
"587","50.08851571091823","15","true","587","93.3232378584911","55","true","587","85.42194406515115","105","true"
"588","50.08314293290879","15","true","588","93.32433244330188","55","true","588","85.42351521330545","105","true"
"589","50.07777651106307","15","true","589","93.32542573318476","55","true","589","85.42508450274256","105","true"
"590","50.072416437861534","15","true","590","93.32651772967165","55","true","590","85.42665193566138","105","true"
"591","50.06706270579354","15","true","591","93.32760843429267","55","true","591","85.42821751425824","105","true"
"592","50.06171530735733","15","true","592","93.32869784857617","55","true","592","85.42978124072685","105","true"
"593","50.05637423506002","15","true","593","93.32978597404863","55","true","593","85.43134311725835","105","true"
"594","50.05103948141758","15","true","594","93.33087281223477","55","true","594","85.43290314604127","105","true"
"595","50.04571103895486","15","true","595","93.3319583646575","55","true","595","85.43446132926155","105","true"
"596","50.040388900205535","15","true","596","93.33304263283787","55","true","596","85.43601766910255","105","true"
"597","50.035073057712104","15","true","597","93.33412561829525","55","true","597","85.43757216774506","105","true"
"598","50.029763504025915","15","true","598","93.33520732254708","55","true","598","85.43912482736724","105","true"
"599","50.0244602317071","15","true","599","93.3362877471091","55","true","599","85.44067565014474","105","true"
"600","50.01916323332462","15","true","600","93.3373668934952","55","true","600","85.44222463825058","105","true"
"601","50.0138725014562","15","true","601","93.33844476321752","55","true","601","85.44377179385525","105","true"
"602","50.008588028688365","15","true","602","93.3395213577864","55","true","602","85.44531711912666","105","true"
"603","50.003309807616404","15","true","603","93.34059667871036","55","true","603","85.44686061623014","105","true"
"604","49.99803783084437","15","true","604","93.34167072749618","55","true","604","85.44840228732848","105","true"
"605","49.99277209098504","15","true","605","93.34274350564883","55","true","605","85.44994213458187","105","true"
"606","49.98751258065998","15","true","606","93.34381501467152","55","true","606","85.45148016014802","105","true"
"607","49.98225929249945","15","true","607","93.34488525606565","55","true","607","85.45301636618203","105","true"
"608","49.97701221914242","15","true","608","93.3459542313309","55","true","608","85.45455075483643","105","true"
"609","49.971771353236605","15","true","609","93.3470219419651","55","true","609","85.45608332826129","105","true"
"610","49.966536687438385","15","true","610","93.34808838946437","55","true","610","85.45761408860403","105","true"
"611","49.96130821441284","15","true","611","93.34915357532303","55","true","611","85.45914303800963","105","true"
"612","49.95608592683373","15","true","612","93.35021750103364","55","true","612","85.46067017862045","105","true"
"613","49.95086981738348","15","true","613","93.351280168087","55","true","613","85.46219551257637","105","true"
"614","49.94565987875316","15","true","614","93.35234157797215","55","true","614","85.4637190420147","105","true"
"615","49.94045610364252","15","true","615","93.35340173217634","55","true","615","85.46524076907026","105","true"
"616","49.9352584847599","15","true","616","93.35446063218508","55","true","616","85.46676069587532","105","true"
"617","49.930067014822306","15","true","617","93.35551827948214","55","true","617","85.46827882455963","105","true"
"618","49.92488168655534","15","true","618","93.3565746755495","55","true","618","85.46979515725043","105","true"
"619","49.91970249269321","15","true","619","93.35762982186742","55","true","619","85.47130969607242","105","true"
"620","49.914529425978735","15","true","620","93.35868371991437","55","true","620","85.47282244314782","105","true"
"621","49.9093624791633","15","true","621","93.35973637116712","55","true","621","85.47433340059631","105","true"
"622","49.90420164500687","15","true","622","93.36078777710064","55","true","622","85.47584257053508","105","true"
"623","49.899046916277996","15","true","623","93.36183793918819","55","true","623","85.47734995507881","105","true"
"624","49.89389828575375","15","true","624","93.36288685890129","55","true","624","85.47885555633967","105","true"
"625","49.88875574621977","15","true","625","93.3639345377097","55","true","625","85.48035937642734","105","true"
"626","49.88361929047022","15","true","626","93.36498097708144","55","true","626","85.48186141744902","105","true"
"627","49.87848891130781","15","true","627","93.36602617848283","55","true","627","85.4833616815094","105","true"
"628","49.87336460154374","15","true","628","93.3670701433784","55","true","628","85.48486017071065","105","true"
"629","49.86824635399772","15","true","629","93.36811287323098","55","true","629","85.48635688715251","105","true"
"630","49.86313416149795","15","true","630","93.36915436950167","55","true","630","85.4878518329322","105","true"
"631","49.85802801688114","15","true","631","93.37019463364983","55","true","631","85.48934501014448","105","true"
"632","49.85292791299244","15","true","632","93.37123366713311","55","true","632","85.49083642088159","105","true"
"633","49.84783384268549","15","true","633","93.37227147140742","55","true","633","85.49232606723338","105","true"
"634","49.84274579882237","15","true","634","93.37330804792694","55","true","634","85.49381395128711","105","true"
"635","49.837663774273615","15","true","635","93.37434339814416","55","true","635","85.49530007512769","105","true"
"636","49.83258776191818","15","true","636","93.37537752350983","55","true","636","85.49678444083746","105","true"
"637","49.82751775464346","15","true","637","93.37641042547297","55","true","637","85.49826705049637","105","true"
"638","49.82245374534525","15","true","638","93.37744210548092","55","true","638","85.49974790618188","105","true"
"639","49.81739572692777","15","true","639","93.37847256497929","55","true","639","85.50122700996899","105","true"
"640","49.81234369230361","15","true","640","93.37950180541199","55","true","640","85.50270436393025","105","true"
"641","49.807297634393755","15","true","641","93.3805298282212","55","true","641","85.50417997013575","105","true"
"642","49.80225754612757","15","true","642","93.3815566348474","55","true","642","85.50565383065316","105","true"
"643","49.79722342044278","15","true","643","93.38258222672938","55","true","643","85.50712594754768","105","true"
"644","49.792195250285474","15","true","644","93.38360660530422","55","true","644","85.50859632288206","105","true"
"645","49.78717302861007","15","true","645","93.3846297720073","55","true","645","85.51006495871663","105","true"
"646","49.78215674837932","15","true","646","93.38565172827231","55","true","646","85.51153185710925","105","true"
"647","49.77714640256433","15","true","647","93.38667247553123","55","true","647","85.51299702011539","105","true"
"648","49.772141984144476","15","true","648","93.38769201521434","55","true","648","85.51446044978806","105","true"
"649","49.767143486107486","15","true","649","93.38871034875027","55","true","649","85.51592214817785","105","true"
"650","49.76215090144936","15","true","650","93.3897274775659","55","true","650","85.51738211733291","105","true"
"651","49.75716422317438","15","true","651","93.39074340308645","55","true","651","85.518840359299","105","true"
"652","49.752183444295106","15","true","652","93.39175812673548","55","true","652","85.52029687611943","105","true"
"653","49.74720855783238","15","true","653","93.39277164993483","55","true","653","85.52175166983508","105","true"
"654","49.742239556815285","15","true","654","93.39378397410466","55","true","654","85.52320474248448","105","true"
"655","49.737276434281156","15","true","655","93.39479510066347","55","true","655","85.52465609610366","105","true"
"656","49.73231918327557","15","true","656","93.39580503102808","55","true","656","85.52610573272631","105","true"
"657","49.72736779685231","15","true","657","93.3968137666136","55","true","657","85.52755365438368","105","true"
"658","49.722422268073416","15","true","658","93.39782130883351","55","true","658","85.52899986310463","105","true"
"659","49.71748259000909","15","true","659","93.3988276590996","55","true","659","85.53044436091562","105","true"
"660","49.71254875573777","15","true","660","93.39983281882196","55","true","660","85.53188714984073","105","true"
"661","49.70762075834606","15","true","661","93.40083678940908","55","true","661","85.53332823190159","105","true"
"662","49.70269859092875","15","true","662","93.40183957226772","55","true","662","85.53476760911748","105","true"
"663","49.697782246588794","15","true","663","93.40284116880301","55","true","663","85.53620528350531","105","true"
"664","49.69287171843732","15","true","664","93.4038415804184","55","true","664","85.53764125707956","105","true"
"665","49.687966999593584","15","true","665","93.4048408085157","55","true","665","85.53907553185233","105","true"
"666","49.683068083185006","15","true","666","93.40583885449503","55","true","666","85.54050810983338","105","true"
"667","49.67817496234712","15","true","667","93.40683571975488","55","true","667","85.54193899303007","105","true"
"668","49.673287630223584","15","true","668","93.40783140569208","55","true","668","85.54336818344737","105","true"
"669","49.668406079966175","15","true","669","93.4088259137018","55","true","669","85.54479568308788","105","true"
"670","49.663530304734756","15","true","670","93.40981924517759","55","true","670","85.54622149395188","105","true"
"671","49.658660297697296","15","true","671","93.41081140151128","55","true","671","85.5476456180372","105","true"
"672","49.65379605202983","15","true","672","93.41180238409315","55","true","672","85.54906805733937","105","true"
"673","49.6489375609165","15","true","673","93.41279219431175","55","true","673","85.55048881385154","105","true"
"674","49.644084817549476","15","true","674","93.41378083355403","55","true","674","85.55190788956452","105","true"
"675","49.639237815129","15","true","675","93.41476830320529","55","true","675","85.55332528646673","105","true"
"676","49.63439654686335","15","true","676","93.41575460464921","55","true","676","85.55474100654426","105","true"
"677","49.62956100596884","15","true","677","93.4167397392678","55","true","677","85.55615505178083","105","true"
"678","49.624731185669816","15","true","678","93.41772370844144","55","true","678","85.55756742415787","105","true"
"679","49.61990707919863","15","true","679","93.41870651354893","55","true","679","85.55897812565438","105","true"
"680","49.615088679795655","15","true","680","93.41968815596734","55","true","680","85.56038715824708","105","true"
"681","49.61027598070925","15","true","681","93.42066863707221","55","true","681","85.56179452391035","105","true"
"682","49.60546897519575","15","true","682","93.42164795823739","55","true","682","85.5632002246162","105","true"
"683","49.60066765651949","15","true","683","93.42262612083513","55","true","683","85.56460426233433","105","true"
"684","49.59587201795277","15","true","684","93.42360312623605","55","true","684","85.56600663903211","105","true"
"685","49.59108205277583","15","true","685","93.42457897580915","55","true","685","85.5674073566746","105","true"
"686","49.58629775427689","15","true","686","93.42555367092181","55","true","686","85.56880641722447","105","true"
"687","49.58151911575208","15","true","687","93.4265272129398","55","true","687","85.57020382264213","105","true"
"688","49.576746130505484","15","true","688","93.42749960322726","55","true","688","85.57159957488567","105","true"
"689","49.57197879184909","15","true","689","93.42847084314673","55","true","689","85.57299367591084","105","true"
"690","49.567217093102805","15","true","690","93.42944093405912","55","true","690","85.57438612767106","105","true"
"691","49.562461027594445","15","true","691","93.43040987732374","55","true","691","85.57577693211749","105","true"
"692","49.55771058865971","15","true","692","93.4313776742983","55","true","692","85.57716609119893","105","true"
"693","49.5529657696422","15","true","693","93.4323443263389","55","true","693","85.57855360686193","105","true"
"694","49.54822656389336","15","true","694","93.43330983480004","55","true","694","85.57993948105067","105","true"
"695","49.543492964772526","15","true","695","93.43427420103458","55","true","695","85.58132371570709","105","true"
"696","49.53876496564689","15","true","696","93.43523742639384","55","true","696","85.5827063127708","105","true"
"697","49.53404255989147","15","true","697","93.4361995122275","55","true","697","85.58408727417911","105","true"
"698","49.52932574088914","15","true","698","93.43716045988366","55","true","698","85.58546660186707","105","true"
"699","49.5246145020306","15","true","699","93.4381202707088","55","true","699","85.58684429776741","105","true"
"700","49.51990883671437","15","true","700","93.43907894604784","55","true","700","85.58822036381059","105","true"
"701","49.515208738346765","15","true","701","93.4400364872441","55","true","701","85.58959480192479","105","true"
"702","49.51051420034192","15","true","702","93.4409928956393","55","true","702","85.59096761403589","105","true"
"703","49.50582521612175","15","true","703","93.44194817257359","55","true","703","85.59233880206752","105","true"
"704","49.501141779115954","15","true","704","93.4429023193855","55","true","704","85.59370836794098","105","true"
"705","49.496463882762","15","true","705","93.44385533741202","55","true","705","85.59507631357536","105","true"
"706","49.49179152050513","15","true","706","93.44480722798853","55","true","706","85.59644264088746","105","true"
"707","49.487124685798335","15","true","707","93.44575799244885","55","true","707","85.59780735179179","105","true"
"708","49.48246337210235","15","true","708","93.4467076321252","55","true","708","85.59917044820061","105","true"
"709","49.47780757288565","15","true","709","93.44765614834822","55","true","709","85.60053193202391","105","true"
"710","49.47315728162443","15","true","710","93.44860354244702","55","true","710","85.60189180516947","105","true"
"711","49.468512491802606","15","true","711","93.44954981574908","55","true","711","85.60325006954272","105","true"
"712","49.46387319691181","15","true","712","93.45049496958036","55","true","712","85.60460672704694","105","true"
"713","49.45923939045136","15","true","713","93.45143900526523","55","true","713","85.60596177958305","105","true"
"714","49.45461106592828","15","true","714","93.45238192412647","55","true","714","85.60731522904983","105","true"
"715","49.449988216857264","15","true","715","93.45332372748533","55","true","715","85.60866707734372","105","true"
"716","49.445370836760674","15","true","716","93.45426441666149","55","true","716","85.61001732635899","105","true"
"717","49.44075891916855","15","true","717","93.45520399297305","55","true","717","85.6113659779876","105","true"
"718","49.43615245761859","15","true","718","93.45614245773658","55","true","718","85.61271303411935","105","true"
"719","49.431551445656105","15","true","719","93.45707981226705","55","true","719","85.61405849664173","105","true"
"720","49.42695587683408","15","true","720","93.45801605787793","55","true","720","85.61540236744004","105","true"
"721","49.4223657447131","15","true","721","93.45895119588108","55","true","721","85.61674464839734","105","true"
"722","49.41778104286138","15","true","722","93.45988522758685","55","true","722","85.61808534139446","105","true"
"723","49.41320176485474","15","true","723","93.46081815430402","55","true","723","85.61942444831001","105","true"
"724","49.408627904276614","15","true","724","93.46174997733984","55","true","724","85.62076197102037","105","true"
"725","49.40405945471801","15","true","725","93.46268069799997","55","true","725","85.6220979113997","105","true"
"726","49.39949640977751","15","true","726","93.46361031758858","55","true","726","85.62343227131997","105","true"
"727","49.39493876306131","15","true","727","93.46453883740826","55","true","727","85.62476505265089","105","true"
"728","49.39038650818311","15","true","728","93.46546625876007","55","true","728","85.62609625725997","105","true"
"729","49.38583963876423","15","true","729","93.46639258294354","55","true","729","85.62742588701255","105","true"
"730","49.38129814843348","15","true","730","93.46731781125665","55","true","730","85.62875394377171","105","true"
"731","49.37676203082724","15","true","731","93.46824194499585","55","true","731","85.63008042939838","105","true"
"732","49.37223127958941","15","true","732","93.46916498545606","55","true","732","85.63140534575122","105","true"
"733","49.367705888371404","15","true","733","93.47008693393065","55","true","733","85.63272869468676","105","true"
"734","49.36318585083215","15","true","734","93.47100779171147","55","true","734","85.63405047805928","105","true"
"735","49.358671160638096","15","true","735","93.47192756008887","55","true","735","85.63537069772092","105","true"
"736","49.35416181146315","15","true","736","93.47284624035163","55","true","736","85.63668935552157","105","true"
"737","49.34965779698872","15","true","737","93.47376383378702","55","true","737","85.63800645330898","105","true"
"738","49.34515911090371","15","true","738","93.4746803416808","55","true","738","85.63932199292867","105","true"
"739","49.34066574690444","15","true","739","93.4755957653172","55","true","739","85.64063597622402","105","true"
"740","49.33617769869473","15","true","740","93.47651010597892","55","true","740","85.64194840503622","105","true"
"741","49.33169495998584","15","true","741","93.47742336494716","55","true","741","85.64325928120424","105","true"
"742","49.327217524496454","15","true","742","93.4783355435016","55","true","742","85.64456860656495","105","true"
"743","49.322745385952715","15","true","743","93.4792466429204","55","true","743","85.64587638295295","105","true"
"744","49.31827853808815","15","true","744","93.4801566644802","55","true","744","85.64718261220077","105","true"
"745","49.31381697464374","15","true","745","93.48106560945617","55","true","745","85.6484872961387","105","true"
"746","49.30936068936784","15","true","746","93.4819734791219","55","true","746","85.6497904365949","105","true"
"747","49.304909676016216","15","true","747","93.48288027474956","55","true","747","85.65109203539535","105","true"
"748","49.300463928352016","15","true","748","93.48378599760974","55","true","748","85.65239209436388","105","true"
"749","49.296023440145774","15","true","749","93.48469064897158","55","true","749","85.65369061532216","105","true"
"750","49.29158820517537","15","true","750","93.48559423010266","55","true","750","85.6549876000897","105","true"
"751","49.287158217226086","15","true","751","93.48649674226914","55","true","751","85.65628305048386","105","true"
"752","49.28273347009052","15","true","752","93.4873981867356","55","true","752","85.65757696831987","105","true"
"753","49.27831395756863","15","true","753","93.4882985647652","55","true","753","85.65886935541077","105","true"
"754","49.27389967346769","15","true","754","93.48919787761953","55","true","754","85.6601602135675","105","true"
"755","49.269490611602336","15","true","755","93.49009612655875","55","true","755","85.66144954459881","105","true"
"756","49.265086765794486","15","true","756","93.49099331284151","55","true","756","85.66273735031136","105","true"
"757","49.260688129873394","15","true","757","93.49188943772495","55","true","757","85.66402363250965","105","true"
"758","49.25629469767559","15","true","758","93.49278450246473","55","true","758","85.66530839299602","105","true"
"759","49.25190646304492","15","true","759","93.49367850831506","55","true","759","85.66659163357075","105","true"
"760","49.24752341983249","15","true","760","93.4945714565286","55","true","760","85.66787335603188","105","true"
"761","49.24314556189669","15","true","761","93.49546334835662","55","true","761","85.66915356217544","105","true"
"762","49.23877288310318","15","true","762","93.49635418504882","55","true","762","85.67043225379524","105","true"
"763","49.23440537732487","15","true","763","93.49724396785346","55","true","763","85.67170943268304","105","true"
"764","49.23004303844193","15","true","764","93.49813269801733","55","true","764","85.67298510062844","105","true"
"765","49.225685860341756","15","true","765","93.49902037678574","55","true","765","85.67425925941893","105","true"
"766","49.22133383691898","15","true","766","93.49990700540252","55","true","766","85.67553191083988","105","true"
"767","49.21698696207546","15","true","767","93.50079258511003","55","true","767","85.67680305667456","105","true"
"768","49.212645229720266","15","true","768","93.50167711714917","55","true","768","85.67807269870413","105","true"
"769","49.208308633769676","15","true","769","93.50256060275935","55","true","769","85.67934083870763","105","true"
"770","49.20397716814716","15","true","770","93.50344304317854","55","true","770","85.68060747846202","105","true"
"771","49.19965082678338","15","true","771","93.50432443964323","55","true","771","85.68187261974212","105","true"
"772","49.19532960361619","15","true","772","93.50520479338846","55","true","772","85.6831362643207","105","true"
"773","49.191013492590585","15","true","773","93.50608410564777","55","true","773","85.68439841396835","105","true"
"774","49.186702487658756","15","true","774","93.50696237765331","55","true","774","85.68565907045368","105","true"
"775","49.18239658278003","15","true","775","93.5078396106357","55","true","775","85.68691823554313","105","true"
"776","49.17809577192089","15","true","776","93.50871580582415","55","true","776","85.68817591100105","105","true"
"777","49.17380004905494","15","true","777","93.5095909644464","55","true","777","85.68943209858973","105","true"
"778","49.16950940816294","15","true","778","93.51046508772876","55","true","778","85.69068680006939","105","true"
"779","49.16522384323274","15","true","779","93.51133817689603","55","true","779","85.69194001719809","105","true"
"780","49.16094334825934","15","true","780","93.51221023317164","55","true","780","85.69319175173192","105","true"
"781","49.1566679172448","15","true","781","93.5130812577775","55","true","781","85.69444200542479","105","true"
"782","49.15239754419833","15","true","782","93.51395125193413","55","true","782","85.69569078002861","105","true"
"783","49.148132223136166","15","true","783","93.51482021686058","55","true","783","85.69693807729318","105","true"
"784","49.14387194808167","15","true","784","93.51568815377446","55","true","784","85.69818389896625","105","true"
"785","49.139616713065244","15","true","785","93.51655506389193","55","true","785","85.69942824679346","105","true"
"786","49.13536651212438","15","true","786","93.51742094842773","55","true","786","85.70067112251844","105","true"
"787","49.131121339303604","15","true","787","93.51828580859517","55","true","787","85.70191252788274","105","true"
"788","49.126881188654494","15","true","788","93.51914964560608","55","true","788","85.70315246462582","105","true"
"789","49.122646054235666","15","true","789","93.5200124606709","55","true","789","85.7043909344851","105","true"
"790","49.11841593011276","15","true","790","93.52087425499863","55","true","790","85.70562793919598","105","true"
"791","49.114190810358444","15","true","791","93.52173502979683","55","true","791","85.70686348049176","105","true"
"792","49.10997068905239","15","true","792","93.52259478627164","55","true","792","85.7080975601037","105","true"
"793","49.10575556028128","15","true","793","93.52345352562774","55","true","793","85.70933017976103","105","true"
"794","49.10154541813879","15","true","794","93.52431124906846","55","true","794","85.7105613411909","105","true"
"795","49.09734025672558","15","true","795","93.52516795779563","55","true","795","85.71179104611846","105","true"
"796","49.093140070149296","15","true","796","93.52602365300969","55","true","796","85.7130192962668","105","true"
"797","49.08894485252455","15","true","797","93.52687833590966","55","true","797","85.71424609335695","105","true"
"798","49.08475459797292","15","true","798","93.52773200769315","55","true","798","85.71547143910793","105","true"
"799","49.080569300622926","15","true","799","93.52858466955631","55","true","799","85.71669533523674","105","true"
"800","49.07638895461005","15","true","800","93.52943632269394","55","true","800","85.71791778345829","105","true"
"801","49.07221355407671","15","true","801","93.5302869682994","55","true","801","85.71913878548553","105","true"
"802","49.06804309317225","15","true","802","93.53113660756459","55","true","802","85.72035834302933","105","true"
"803","49.06387756605293","15","true","803","93.53198524168008","55","true","803","85.72157645779859","105","true"
"804","49.059716966881936","15","true","804","93.53283287183497","55","true","804","85.72279313150013","105","true"
"805","49.055561289829335","15","true","805","93.53367949921699","55","true","805","85.72400836583878","105","true"
"806","49.05141052907213","15","true","806","93.53452512501245","55","true","806","85.72522216251737","105","true"
"807","49.04726467879417","15","true","807","93.53536975040626","55","true","807","85.72643452323669","105","true"
"808","49.04312373318621","15","true","808","93.53621337658193","55","true","808","85.7276454496955","105","true"
"809","49.03898768644589","15","true","809","93.53705600472153","55","true","809","85.7288549435906","105","true"
"810","49.03485653277768","15","true","810","93.53789763600582","55","true","810","85.73006300661676","105","true"
"811","49.03073026639292","15","true","811","93.5387382716141","55","true","811","85.73126964046673","105","true"
"812","49.026608881509816","15","true","812","93.53957791272424","55","true","812","85.73247484683128","105","true"
"813","49.02249237235339","15","true","813","93.54041656051281","55","true","813","85.73367862739916","105","true"
"814","49.01838073315551","15","true","814","93.54125421615494","55","true","814","85.73488098385712","105","true"
"815","49.01427395815486","15","true","815","93.54209088082433","55","true","815","85.73608191788996","105","true"
"816","49.01017204159694","15","true","816","93.54292655569338","55","true","816","85.73728143118043","105","true"
"817","49.006074977734066","15","true","817","93.54376124193303","55","true","817","85.73847952540932","105","true"
"818","49.00198276082535","15","true","818","93.54459494071284","55","true","818","85.73967620225542","105","true"
"819","48.997895385136694","15","true","819","93.54542765320105","55","true","819","85.74087146339554","105","true"
"820","48.99381284494078","15","true","820","93.54625938056444","55","true","820","85.7420653105045","105","true"
"821","48.98973513451707","15","true","821","93.54709012396846","55","true","821","85.74325774525515","105","true"
"822","48.98566224815179","15","true","822","93.54791988457715","55","true","822","85.74444876931835","105","true"
"823","48.98159418013794","15","true","823","93.54874866355321","55","true","823","85.74563838436299","105","true"
"824","48.97753092477525","15","true","824","93.54957646205791","55","true","824","85.74682659205598","105","true"
"825","48.97347247637021","15","true","825","93.55040328125122","55","true","825","85.74801339406227","105","true"
"826","48.969418829236034","15","true","826","93.55122912229166","55","true","826","85.74919879204481","105","true"
"827","48.965369977692674","15","true","827","93.55205398633643","55","true","827","85.75038278766462","105","true"
"828","48.96132591606679","15","true","828","93.55287787454134","55","true","828","85.75156538258074","105","true"
"829","48.95728663869177","15","true","829","93.55370078806085","55","true","829","85.75274657845024","105","true"
"830","48.95325213990768","15","true","830","93.55452272804803","55","true","830","85.75392637692823","105","true"
"831","48.94922241406132","15","true","831","93.5553436956546","55","true","831","85.75510477966789","105","true"
"832","48.94519745550614","15","true","832","93.55616369203094","55","true","832","85.7562817883204","105","true"
"833","48.941177258602295","15","true","833","93.55698271832601","55","true","833","85.757457404535","105","true"
"834","48.93716181771659","15","true","834","93.55780077568747","55","true","834","85.75863162995901","105","true"
"835","48.93315112722252","15","true","835","93.5586178652616","55","true","835","85.75980446623778","105","true"
"836","48.929145181500225","15","true","836","93.5594339881933","55","true","836","85.7609759150147","105","true"
"837","48.92514397493649","15","true","837","93.56024914562616","55","true","837","85.76214597793124","105","true"
"838","48.921147501924736","15","true","838","93.56106333870238","55","true","838","85.76331465662689","105","true"
"839","48.91715575686502","15","true","839","93.56187656856285","55","true","839","85.76448195273926","105","true"
"840","48.913168734164046","15","true","840","93.56268883634705","55","true","840","85.76564786790397","105","true"
"841","48.9091864282351","15","true","841","93.56350014319318","55","true","841","85.76681240375471","105","true"
"842","48.9052088334981","15","true","842","93.56431049023803","55","true","842","85.76797556192328","105","true"
"843","48.901235944379565","15","true","843","93.56511987861708","55","true","843","85.7691373440395","105","true"
"844","48.89726775531259","15","true","844","93.56592830946448","55","true","844","85.7702977517313","105","true"
"845","48.893304260736876","15","true","845","93.56673578391302","55","true","845","85.77145678662467","105","true"
"846","48.88934545509869","15","true","846","93.56754230309411","55","true","846","85.77261445034365","105","true"
"847","48.88539133285087","15","true","847","93.5683478681379","55","true","847","85.7737707445104","105","true"
"848","48.88144188845283","15","true","848","93.56915248017317","55","true","848","85.77492567074513","105","true"
"849","48.87749711637051","15","true","849","93.56995614032732","55","true","849","85.77607923066617","105","true"
"850","48.873557011076436","15","true","850","93.57075884972649","55","true","850","85.77723142588988","105","true"
"851","48.86962156704964","15","true","851","93.57156060949544","55","true","851","85.77838225803075","105","true"
"852","48.8656907787757","15","true","852","93.5723614207576","55","true","852","85.77953172870136","105","true"
"853","48.86176464074671","15","true","853","93.5731612846351","55","true","853","85.78067983951237","105","true"
"854","48.8578431474613","15","true","854","93.57396020224873","55","true","854","85.78182659207252","105","true"
"855","48.85392629342458","15","true","855","93.57475817471794","55","true","855","85.78297198798869","105","true"
"856","48.85001407314818","15","true","856","93.57555520316086","55","true","856","85.78411602886581","105","true"
"857","48.846106481150215","15","true","857","93.5763512886943","55","true","857","85.78525871630694","105","true"
"858","48.84220351195528","15","true","858","93.57714643243376","55","true","858","85.78640005191323","105","true"
"859","48.83830516009448","15","true","859","93.57794063549343","55","true","859","85.78754003728396","105","true"
"860","48.83441142010533","15","true","860","93.57873389898613","55","true","860","85.7886786740165","105","true"
"861","48.830522286531874","15","true","861","93.57952622402341","55","true","861","85.7898159637063","105","true"
"862","48.82663775392456","15","true","862","93.5803176117155","55","true","862","85.79095190794699","105","true"
"863","48.82275781684031","15","true","863","93.5811080631713","55","true","863","85.79208650833026","105","true"
"864","48.81888246984247","15","true","864","93.5818975794984","55","true","864","85.79321976644593","105","true"
"865","48.81501170750083","15","true","865","93.58268616180311","55","true","865","85.79435168388197","105","true"
"866","48.8111455243916","15","true","866","93.58347381119039","55","true","866","85.79548226222441","105","true"
"867","48.80728391509739","15","true","867","93.5842605287639","55","true","867","85.79661150305748","105","true"
"868","48.80342687420726","15","true","868","93.58504631562603","55","true","868","85.79773940796345","105","true"
"869","48.799574396316636","15","true","869","93.58583117287782","55","true","869","85.7988659785228","105","true"
"870","48.79572647602734","15","true","870","93.58661510161905","55","true","870","85.79999121631408","105","true"
"871","48.79188310794759","15","true","871","93.58739810294814","55","true","871","85.80111512291403","105","true"
"872","48.78804428669199","15","true","872","93.58818017796229","55","true","872","85.80223769989745","105","true"
"873","48.784210006881494","15","true","873","93.58896132775733","55","true","873","85.80335894883734","105","true"
"874","48.780380263143435","15","true","874","93.58974155342784","55","true","874","85.80447887130481","105","true"
"875","48.7765550501115","15","true","875","93.59052085606707","55","true","875","85.80559746886911","105","true"
"876","48.772734362425716","15","true","876","93.59129923676701","55","true","876","85.80671474309767","105","true"
"877","48.768918194732464","15","true","877","93.59207669661835","55","true","877","85.807830695556","105","true"
"878","48.76510654168445","15","true","878","93.59285323671047","55","true","878","85.80894532780783","105","true"
"879","48.76129939794071","15","true","879","93.59362885813147","55","true","879","85.810058641415","105","true"
"880","48.757496758166596","15","true","880","93.59440356196816","55","true","880","85.81117063793748","105","true"
"881","48.75369861703377","15","true","881","93.5951773493061","55","true","881","85.81228131893344","105","true"
"882","48.7499049692202","15","true","882","93.59595022122951","55","true","882","85.81339068595919","105","true"
"883","48.74611580941014","15","true","883","93.59672217882137","55","true","883","85.8144987405692","105","true"
"884","48.74233113229417","15","true","884","93.59749322316334","55","true","884","85.8156054843161","105","true"
"885","48.73855093256909","15","true","885","93.59826335533586","55","true","885","85.81671091875067","105","true"
"886","48.734775204938025","15","true","886","93.59903257641801","55","true","886","85.81781504542187","105","true"
"887","48.73100394411035","15","true","887","93.59980088748769","55","true","887","85.81891786587684","105","true"
"888","48.727237144801684","15","true","888","93.60056828962142","55","true","888","85.82001938166086","105","true"
"889","48.72347480173393","15","true","889","93.60133478389454","55","true","889","85.8211195943174","105","true"
"890","48.719716909635196","15","true","890","93.60210037138106","55","true","890","85.8222185053881","105","true"
"891","48.71596346323986","15","true","891","93.60286505315374","55","true","891","85.82331611641277","105","true"
"892","48.71221445728852","15","true","892","93.60362883028405","55","true","892","85.82441242892942","105","true"
"893","48.70846988652798","15","true","893","93.60439170384224","55","true","893","85.82550744447421","105","true"
"894","48.704729745711276","15","true","894","93.60515367489725","55","true","894","85.82660116458152","105","true"
"895","48.70099402959765","15","true","895","93.60591474451677","55","true","895","85.82769359078387","105","true"
"896","48.69726273295254","15","true","896","93.60667491376722","55","true","896","85.82878472461199","105","true"
"897","48.69353585054757","15","true","897","93.60743418371378","55","true","897","85.82987456759481","105","true"
"898","48.68981337716056","15","true","898","93.60819255542033","55","true","898","85.83096312125944","105","true"
"899","48.68609530757551","15","true","899","93.60895002994954","55","true","899","85.83205038713119","105","true"
"900","48.68238163658258","15","true","900","93.6097066083628","55","true","900","85.83313636673354","105","true"
"901","48.6786723589781","15","true","901","93.61046229172022","55","true","901","85.83422106158821","105","true"
"902","48.67496746956456","15","true","902","93.6112170810807","55","true","902","85.83530447321507","105","true"
"903","48.67126696315058","15","true","903","93.61197097750185","55","true","903","85.83638660313224","105","true"
"904","48.66757083455094","15","true","904","93.61272398204007","55","true","904","85.837467452856","105","true"
"905","48.663879078586554","15","true","905","93.61347609575044","55","true","905","85.83854702390089","105","true"
"906","48.66019169008446","15","true","906","93.61422731968689","55","true","906","85.8396253177796","105","true"
"907","48.65650866387781","15","true","907","93.61497765490202","55","true","907","85.84070233600308","105","true"
"908","48.65282999480587","15","true","908","93.61572710244721","55","true","908","85.84177808008043","105","true"
"909","48.64915567771402","15","true","909","93.61647566337263","55","true","909","85.84285255151906","105","true"
"910","48.64548570745372","15","true","910","93.61722333872714","55","true","910","85.8439257518245","105","true"
"911","48.64182007888255","15","true","911","93.61797012955843","55","true","911","85.84499768250055","105","true"
"912","48.63815878686415","15","true","912","93.61871603691291","55","true","912","85.84606834504923","105","true"
"913","48.634501826268234","15","true","913","93.61946106183575","55","true","913","85.84713774097077","105","true"
"914","48.63084919197061","15","true","914","93.62020520537091","55","true","914","85.84820587176362","105","true"
"915","48.62720087885312","15","true","915","93.62094846856108","55","true","915","85.84927273892448","105","true"
"916","48.62355688180367","15","true","916","93.62169085244776","55","true","916","85.85033834394827","105","true"
"917","48.61991719571624","15","true","917","93.62243235807118","55","true","917","85.85140268832811","105","true"
"918","48.6162818154908","15","true","918","93.62317298647034","55","true","918","85.85246577355541","105","true"
"919","48.612650736033395","15","true","919","93.62391273868305","55","true","919","85.85352760111977","105","true"
"920","48.60902395225608","15","true","920","93.62465161574585","55","true","920","85.85458817250905","105","true"
"921","48.60540145907694","15","true","921","93.62538961869406","55","true","921","85.85564748920935","105","true"
"922","48.601783251420045","15","true","922","93.6261267485618","55","true","922","85.856705552705","105","true"
"923","48.598169324215505","15","true","923","93.62686300638195","55","true","923","85.85776236447857","105","true"
"924","48.594559672399406","15","true","924","93.62759839318618","55","true","924","85.8588179260109","105","true"
"925","48.590954290913835","15","true","925","93.6283329100049","55","true","925","85.85987223878107","105","true"
"926","48.58735317470685","15","true","926","93.62906655786735","55","true","926","85.86092530426639","105","true"
"927","48.5837563187325","15","true","927","93.62979933780153","55","true","927","85.86197712394244","105","true"
"928","48.58016371795078","15","true","928","93.63053125083422","55","true","928","85.86302769928307","105","true"
"929","48.57657536732769","15","true","929","93.63126229799101","55","true","929","85.86407703176033","105","true"
"930","48.57299126183515","15","true","930","93.63199248029623","55","true","930","85.86512512284459","105","true"
"931","48.56941139645104","15","true","931","93.63272179877306","55","true","931","85.86617197400446","105","true"
"932","48.56583576615917","15","true","932","93.6334502544434","55","true","932","85.8672175867068","105","true"
"933","48.562264365949304","15","true","933","93.634177848328","55","true","933","85.86826196241675","105","true"
"934","48.55869719081712","15","true","934","93.63490458144638","55","true","934","85.8693051025977","105","true"
"935","48.555134235764214","15","true","935","93.63563045481683","55","true","935","85.87034700871133","105","true"
"936","48.55157549579811","15","true","936","93.63635546945648","55","true","936","85.87138768221759","105","true"
"937","48.54802096593223","15","true","937","93.63707962638124","55","true","937","85.87242712457467","105","true"
"938","48.54447064118588","15","true","938","93.63780292660579","55","true","938","85.87346533723907","105","true"
"939","48.54092451658429","15","true","939","93.63852537114366","55","true","939","85.87450232166555","105","true"
"940","48.53738258715855","15","true","940","93.63924696100713","55","true","940","85.87553807930715","105","true"
"941","48.53384484794564","15","true","941","93.63996769720733","55","true","941","85.8765726116152","105","true"
"942","48.5303112939884","15","true","942","93.64068758075413","55","true","942","85.87760592003931","105","true"
"943","48.52678192033554","15","true","943","93.6414066126563","55","true","943","85.87863800602737","105","true"
"944","48.52325672204164","15","true","944","93.64212479392133","55","true","944","85.87966887102557","105","true"
"945","48.51973569416712","15","true","945","93.64284212555555","55","true","945","85.88069851647838","105","true"
"946","48.51621883177824","15","true","946","93.6435586085641","55","true","946","85.88172694382853","105","true"
"947","48.5127061299471","15","true","947","93.64427424395095","55","true","947","85.8827541545171","105","true"
"948","48.50919758375163","15","true","948","93.64498903271884","55","true","948","85.88378014998342","105","true"
"949","48.505693188275586","15","true","949","93.64570297586936","55","true","949","85.88480493166517","105","true"
"950","48.50219293860854","15","true","950","93.64641607440288","55","true","950","85.88582850099826","105","true"
"951","48.49869682984586","15","true","951","93.64712832931865","55","true","951","85.88685085941695","105","true"
"952","48.495204857088744","15","true","952","93.64783974161465","55","true","952","85.8878720083538","105","true"
"953","48.49171701544415","15","true","953","93.64855031228775","55","true","953","85.88889194923964","105","true"
"954","48.48823330002486","15","true","954","93.64926004233362","55","true","954","85.88991068350364","105","true"
"955","48.484753705949416","15","true","955","93.64996893274673","55","true","955","85.89092821257329","105","true"
"956","48.481278228342134","15","true","956","93.65067698452042","55","true","956","85.89194453787435","105","true"
"957","48.477806862333104","15","true","957","93.6513841986468","55","true","957","85.89295966083094","105","true"
"958","48.47433960305818","15","true","958","93.65209057611683","55","true","958","85.89397358286544","105","true"
"959","48.47087644565898","15","true","959","93.65279611792033","55","true","959","85.8949863053986","105","true"
"960","48.467417385282836","15","true","960","93.6535008250459","55","true","960","85.89599782984946","105","true"
"961","48.463962417082854","15","true","961","93.65420469848098","55","true","961","85.89700815763538","105","true"
"962","48.460511536217865","15","true","962","93.65490773921188","55","true","962","85.89801729017208","105","true"
"963","48.45706473785241","15","true","963","93.65560994822368","55","true","963","85.89902522887355","105","true"
"964","48.45362201715678","15","true","964","93.65631132650036","55","true","964","85.90003197515215","105","true"
"965","48.45018336930696","15","true","965","93.6570118750247","55","true","965","85.90103753041853","105","true"
"966","48.446748789484644","15","true","966","93.65771159477829","55","true","966","85.90204189608173","105","true"
"967","48.44331827287723","15","true","967","93.65841048674164","55","true","967","85.90304507354905","105","true"
"968","48.43989181467781","15","true","968","93.65910855189404","55","true","968","85.9040470642262","105","true"
"969","48.43646941008515","15","true","969","93.6598057912136","55","true","969","85.90504786951716","105","true"
"970","48.43305105430373","15","true","970","93.66050220567733","55","true","970","85.90604749082429","105","true"
"971","48.42963674254366","15","true","971","93.66119779626108","55","true","971","85.90704592954829","105","true"
"972","48.426226470020744","15","true","972","93.66189256393949","55","true","972","85.90804318708818","105","true"
"973","48.422820231956436","15","true","973","93.6625865096861","55","true","973","85.90903926484133","105","true"
"974","48.41941802357785","15","true","974","93.66327963447327","55","true","974","85.91003416420348","105","true"
"975","48.416019840117734","15","true","975","93.66397193927224","55","true","975","85.9110278865687","105","true"
"976","48.4126256768145","15","true","976","93.66466342505306","55","true","976","85.9120204333294","105","true"
"977","48.40923552891216","15","true","977","93.66535409278468","55","true","977","85.91301180587638","105","true"
"978","48.40584939166038","15","true","978","93.66604394343484","55","true","978","85.91400200559876","105","true"
"979","48.40246726031443","15","true","979","93.66673297797021","55","true","979","85.91499103388404","105","true"
"980","48.3990891301352","15","true","980","93.66742119735628","55","true","980","85.91597889211803","105","true"
"981","48.395714996389195","15","true","981","93.66810860255735","55","true","981","85.91696558168498","105","true"
"982","48.392344854348494","15","true","982","93.66879519453667","55","true","982","85.91795110396743","105","true"
"983","48.388978699290796","15","true","983","93.6694809742563","55","true","983","85.91893546034633","105","true"
"984","48.38561652649937","15","true","984","93.67016594267716","55","true","984","85.91991865220098","105","true"
"985","48.382258331263074","15","true","985","93.67085010075904","55","true","985","85.92090068090903","105","true"
"986","48.378904108876334","15","true","986","93.67153344946061","55","true","986","85.92188154784654","105","true"
"987","48.37555385463915","15","true","987","93.67221598973937","55","true","987","85.92286125438791","105","true"
"988","48.372207563857074","15","true","988","93.67289772255172","55","true","988","85.92383980190593","105","true"
"989","48.36886523184121","15","true","989","93.67357864885294","55","true","989","85.92481719177177","105","true"
"990","48.36552685390823","15","true","990","93.67425876959712","55","true","990","85.92579342535494","105","true"
"991","48.362192425380314","15","true","991","93.67493808573728","55","true","991","85.92676850402339","105","true"
"992","48.358861941585204","15","true","992","93.67561659822529","55","true","992","85.9277424291434","105","true"
"993","48.35553539785615","15","true","993","93.6762943080119","55","true","993","85.92871520207964","105","true"
"994","48.35221278953194","15","true","994","93.67697121604671","55","true","994","85.92968682419523","105","true"
"995","48.34889411195686","15","true","995","93.67764732327825","55","true","995","85.93065729685158","105","true"
"996","48.34557936048071","15","true","996","93.67832263065387","55","true","996","85.93162662140855","105","true"
"997","48.342268530458796","15","true","997","93.67899713911983","55","true","997","85.93259479922438","105","true"
"998","48.338961617251925","15","true","998","93.67967084962126","55","true","998","85.93356183165571","105","true"
"999","48.33565861622637","15","true","999","93.68034376310219","55","true","999","85.93452772005755","105","true"
"1000","48.3323595227539","15","true","1000","93.68101588050551","55","true","1000","85.93549246578331","105","true"
"1001","48.32906433221176","15","true","1001","93.68168720277302","55","true","1001","85.93645607018485","105","true"
"1002","48.325773039982664","15","true","1002","93.68235773084537","55","true","1002","85.93741853461236","105","true"
"1003","48.32248564145478","15","true","1003","93.68302746566214","55","true","1003","85.93837986041447","105","true"
"1004","48.31920213202175","15","true","1004","93.68369640816174","55","true","1004","85.93934004893823","105","true"
"1005","48.31592250708264","15","true","1005","93.68436455928153","55","true","1005","85.94029910152905","105","true"
"1006","48.312646762041986","15","true","1006","93.68503191995775","55","true","1006","85.9412570195308","105","true"
"1007","48.309374892309734","15","true","1007","93.68569849112549","55","true","1007","85.9422138042857","105","true"
"1008","48.30610689330128","15","true","1008","93.6863642737188","55","true","1008","85.94316945713445","105","true"
"1009","48.30284276043744","15","true","1009","93.68702926867054","55","true","1009","85.9441239794161","105","true"
"1010","48.29958248914445","15","true","1010","93.68769347691256","55","true","1010","85.94507737246818","105","true"
"1011","48.29632607485393","15","true","1011","93.68835689937553","55","true","1011","85.94602963762657","105","true"
"1012","48.293073513002945","15","true","1012","93.68901953698906","55","true","1012","85.94698077622563","105","true"
"1013","48.28982479903393","15","true","1013","93.68968139068167","55","true","1013","85.94793078959809","105","true"
"1014","48.28657992839473","15","true","1014","93.69034246138075","55","true","1014","85.94887967907515","105","true"
"1015","48.28333889653855","15","true","1015","93.69100275001259","55","true","1015","85.9498274459864","105","true"
"1016","48.28010169892401","15","true","1016","93.69166225750241","55","true","1016","85.95077409165988","105","true"
"1017","48.276868331015066","15","true","1017","93.69232098477434","55","true","1017","85.95171961742204","105","true"
"1018","48.27363878828107","15","true","1018","93.69297893275139","55","true","1018","85.95266402459778","105","true"
"1019","48.27041306619671","15","true","1019","93.69363610235548","55","true","1019","85.95360731451042","105","true"
"1020","48.26719116024204","15","true","1020","93.69429249450748","55","true","1020","85.9545494884817","105","true"
"1021","48.26397306590247","15","true","1021","93.6949481101271","55","true","1021","85.95549054783184","105","true"
"1022","48.26075877866873","15","true","1022","93.69560295013304","55","true","1022","85.95643049387947","105","true"
"1023","48.2575482940369","15","true","1023","93.69625701544284","55","true","1023","85.95736932794162","105","true"
"1024","48.25434160750838","15","true","1024","93.69691030697302","55","true","1024","85.95830705133386","105","true"
"1025","48.2511387145899","15","true","1025","93.69756282563897","55","true","1025","85.95924366537011","105","true"
"1026","48.247939610793495","15","true","1026","93.69821457235501","55","true","1026","85.96017917136278","105","true"
"1027","48.24474429163652","15","true","1027","93.69886554803439","55","true","1027","85.96111357062273","105","true"
"1028","48.24155275264163","15","true","1028","93.69951575358927","55","true","1028","85.96204686445924","105","true"
"1029","48.23836498933678","15","true","1029","93.70016518993071","55","true","1029","85.9629790541801","105","true"
"1030","48.2351809972552","15","true","1030","93.70081385796875","55","true","1030","85.96391014109146","105","true"
"1031","48.23200077193542","15","true","1031","93.7014617586123","55","true","1031","85.96484012649802","105","true"
"1032","48.22882430892124","15","true","1032","93.7021088927692","55","true","1032","85.96576901170287","105","true"
"1033","48.22565160376174","15","true","1033","93.70275526134624","55","true","1033","85.96669679800759","105","true"
"1034","48.222482652011266","15","true","1034","93.70340086524911","55","true","1034","85.96762348671223","105","true"
"1035","48.21931744922941","15","true","1035","93.70404570538247","55","true","1035","85.96854907911525","105","true"
"1036","48.21615599098102","15","true","1036","93.70468978264987","55","true","1036","85.96947357651365","105","true"
"1037","48.21299827283621","15","true","1037","93.70533309795378","55","true","1037","85.97039698020282","105","true"
"1038","48.20984429037031","15","true","1038","93.70597565219568","55","true","1038","85.97131929147666","105","true"
"1039","48.20669403916391","15","true","1039","93.70661744627587","55","true","1039","85.97224051162755","105","true"
"1040","48.20354751480279","15","true","1040","93.70725848109369","55","true","1040","85.97316064194631","105","true"
"1041","48.200404712878","15","true","1041","93.70789875754735","55","true","1041","85.97407968372224","105","true"
"1042","48.19726562898577","15","true","1042","93.70853827653403","55","true","1042","85.97499763824312","105","true"
"1043","48.19413025872755","15","true","1043","93.70917703894983","55","true","1043","85.97591450679522","105","true"
"1044","48.19099859771","15","true","1044","93.7098150456898","55","true","1044","85.97683029066326","105","true"
"1045","48.187870641544976","15","true","1045","93.71045229764792","55","true","1045","85.97774499113046","105","true"
"1046","48.18474638584951","15","true","1046","93.71108879571712","55","true","1046","85.97865860947853","105","true"
"1047","48.18162582624584","15","true","1047","93.71172454078928","55","true","1047","85.97957114698762","105","true"
"1048","48.17850895836138","15","true","1048","93.71235953375523","55","true","1048","85.98048260493644","105","true"
"1049","48.1753957778287","15","true","1049","93.71299377550471","55","true","1049","85.9813929846021","105","true"
"1050","48.172286280285554","15","true","1050","93.71362726692647","55","true","1050","85.98230228726027","105","true"
"1051","48.16918046137484","15","true","1051","93.71426000890813","55","true","1051","85.98321051418507","105","true"
"1052","48.166078316744645","15","true","1052","93.71489200233631","55","true","1052","85.98411766664913","105","true"
"1053","48.16297984204816","15","true","1053","93.7155232480966","55","true","1053","85.98502374592357","105","true"
"1054","48.15988503294374","15","true","1054","93.71615374707348","55","true","1054","85.98592875327802","105","true"
"1055","48.156793885094885","15","true","1055","93.71678350015044","55","true","1055","85.98683268998056","105","true"
"1056","48.153706394170214","15","true","1056","93.71741250820989","55","true","1056","85.98773555729784","105","true"
"1057","48.15062255584346","15","true","1057","93.71804077213322","55","true","1057","85.98863735649496","105","true"
"1058","48.147542365793505","15","true","1058","93.71866829280077","55","true","1058","85.98953808883556","105","true"
"1059","48.14446581970431","15","true","1059","93.7192950710918","55","true","1059","85.99043775558172","105","true"
"1060","48.14139291326496","15","true","1060","93.71992110788462","55","true","1060","85.99133635799411","105","true"
"1061","48.13832364216963","15","true","1061","93.7205464040564","55","true","1061","85.99223389733187","105","true"
"1062","48.13525800211761","15","true","1062","93.72117096048333","55","true","1062","85.99313037485263","105","true"
"1063","48.132195988813244","15","true","1063","93.72179477804058","55","true","1063","85.99402579181256","105","true"
"1064","48.12913759796599","15","true","1064","93.7224178576022","55","true","1064","85.99492014946634","105","true"
"1065","48.12608282529037","15","true","1065","93.72304020004131","55","true","1065","85.99581344906716","105","true"
"1066","48.12303166650596","15","true","1066","93.72366180622991","55","true","1066","85.99670569186672","105","true"
"1067","48.119984117337424","15","true","1067","93.72428267703906","55","true","1067","85.99759687911528","105","true"
"1068","48.11694017351447","15","true","1068","93.72490281333869","55","true","1068","85.99848701206155","105","true"
"1069","48.113899830771864","15","true","1069","93.72552221599776","55","true","1069","85.99937609195283","105","true"
"1070","48.11086308484942","15","true","1070","93.72614088588419","55","true","1070","86.0002641200349","105","true"
"1071","48.107829931491985","15","true","1071","93.72675882386488","55","true","1071","86.0011510975521","105","true"
"1072","48.10480036644944","15","true","1072","93.72737603080569","55","true","1072","86.00203702574726","105","true"
"1073","48.1017743854767","15","true","1073","93.72799250757147","55","true","1073","86.00292190586178","105","true"
"1074","48.09875198433369","15","true","1074","93.72860825502603","55","true","1074","86.00380573913556","105","true"
"1075","48.09573315878537","15","true","1075","93.72922327403218","55","true","1075","86.00468852680706","105","true"
"1076","48.0927179046017","15","true","1076","93.72983756545169","55","true","1076","86.00557027011324","105","true"
"1077","48.08970621755764","15","true","1077","93.73045113014531","55","true","1077","86.00645097028962","105","true"
"1078","48.08669809343316","15","true","1078","93.73106396897279","55","true","1078","86.00733062857027","105","true"
"1079","48.0836935280132","15","true","1079","93.73167608279286","55","true","1079","86.00820924618777","105","true"
"1080","48.08069251708772","15","true","1080","93.73228747246321","55","true","1080","86.00908682437327","105","true"
"1081","48.077695056451624","15","true","1081","93.73289813884054","55","true","1081","86.00996336435645","105","true"
"1082","48.074701141904825","15","true","1082","93.73350808278052","55","true","1082","86.01083886736552","105","true"
"1083","48.07171076925218","15","true","1083","93.73411730513783","55","true","1083","86.01171333462727","105","true"
"1084","48.06872393430352","15","true","1084","93.73472580676611","55","true","1084","86.01258676736701","105","true"
"1085","48.06574063287363","15","true","1085","93.735333588518","55","true","1085","86.0134591668086","105","true"
"1086","48.06276086078225","15","true","1086","93.73594065124517","55","true","1086","86.0143305341745","105","true"
"1087","48.05978461385406","15","true","1087","93.73654699579822","55","true","1087","86.01520087068566","105","true"
"1088","48.05681188791869","15","true","1088","93.73715262302677","55","true","1088","86.01607017756162","105","true"
"1089","48.05384267881068","15","true","1089","93.73775753377946","55","true","1089","86.01693845602047","105","true"
"1090","48.05087698236953","15","true","1090","93.73836172890388","55","true","1090","86.01780570727885","105","true"
"1091","48.047914794439635","15","true","1091","93.73896520924664","55","true","1091","86.018671932552","105","true"
"1092","48.044956110870324","15","true","1092","93.73956797565337","55","true","1092","86.01953713305366","105","true"
"1093","48.04200092751582","15","true","1093","93.74017002896868","55","true","1093","86.02040130999619","105","true"
"1094","48.039049240235265","15","true","1094","93.74077137003614","55","true","1094","86.02126446459047","105","true"
"1095","48.0361010448927","15","true","1095","93.74137199969842","55","true","1095","86.02212659804599","105","true"
"1096","48.03315633735705","15","true","1096","93.74197191879708","55","true","1096","86.02298771157076","105","true"
"1097","48.03021511350212","15","true","1097","93.74257112817276","55","true","1097","86.02384780637144","105","true"
"1098","48.02727736920663","15","true","1098","93.74316962866509","55","true","1098","86.02470688365317","105","true"
"1099","48.02434310035413","15","true","1099","93.7437674211127","55","true","1099","86.0255649446197","105","true"
"1100","48.02141230283308","15","true","1100","93.74436450635322","55","true","1100","86.02642199047341","105","true"
"1101","48.018484972536776","15","true","1101","93.7449608852233","55","true","1101","86.02727802241517","105","true"
"1102","48.01556110536338","15","true","1102","93.74555655855862","55","true","1102","86.02813304164448","105","true"
"1103","48.01264069721592","15","true","1103","93.74615152719382","55","true","1103","86.02898704935942","105","true"
"1104","48.009723744002265","15","true","1104","93.7467457919626","55","true","1104","86.02984004675662","105","true"
"1105","48.0068102416351","15","true","1105","93.74733935369764","55","true","1105","86.03069203503134","105","true"
"1106","48.003900186031984","15","true","1106","93.74793221323067","55","true","1106","86.0315430153774","105","true"
"1107","48.00099357311529","15","true","1107","93.74852437139239","55","true","1107","86.0323929889872","105","true"
"1108","47.998090398812195","15","true","1108","93.74911582901258","55","true","1108","86.03324195705174","105","true"
"1109","47.99519065905472","15","true","1109","93.74970658691998","55","true","1109","86.03408992076064","105","true"
"1110","47.9922943497797","15","true","1110","93.75029664594237","55","true","1110","86.03493688130204","105","true"
"1111","47.989401466928754","15","true","1111","93.75088600690657","55","true","1111","86.03578283986275","105","true"
"1112","47.98651200644832","15","true","1112","93.75147467063839","55","true","1112","86.03662779762813","105","true"
"1113","47.98362596428964","15","true","1113","93.75206263796267","55","true","1113","86.03747175578216","105","true"
"1114","47.98074333640871","15","true","1114","93.75264990970331","55","true","1114","86.03831471550741","105","true"
"1115","47.97786411876635","15","true","1115","93.75323648668318","55","true","1115","86.03915667798505","105","true"
"1116","47.97498830732813","15","true","1116","93.7538223697242","55","true","1116","86.03999764439484","105","true"
"1117","47.972115898064416","15","true","1117","93.75440755964735","55","true","1117","86.0408376159152","105","true"
"1118","47.96924688695032","15","true","1118","93.7549920572726","55","true","1118","86.04167659372308","105","true"
"1119","47.96638126996574","15","true","1119","93.75557586341894","55","true","1119","86.04251457899407","105","true"
"1120","47.963519043095296","15","true","1120","93.75615897890444","55","true","1120","86.04335157290241","105","true"
"1121","47.960660202328384","15","true","1121","93.75674140454615","55","true","1121","86.04418757662087","105","true"
"1122","47.95780474365914","15","true","1122","93.75732314116019","55","true","1122","86.0450225913209","105","true"
"1123","47.954952663086445","15","true","1123","93.7579041895617","55","true","1123","86.04585661817252","105","true"
"1124","47.95210395661389","15","true","1124","93.75848455056484","55","true","1124","86.0466896583444","105","true"
"1125","47.949258620249815","15","true","1125","93.75906422498285","55","true","1125","86.04752171300383","105","true"
"1126","47.946416650007286","15","true","1126","93.75964321362797","55","true","1126","86.04835278331667","105","true"
"1127","47.94357804190407","15","true","1127","93.76022151731148","55","true","1127","86.04918287044745","105","true"
"1128","47.94074279196264","15","true","1128","93.76079913684373","55","true","1128","86.0500119755593","105","true"
"1129","47.937910896210205","15","true","1129","93.76137607303407","55","true","1129","86.05084009981398","105","true"
"1130","47.93508235067864","15","true","1130","93.76195232669095","55","true","1130","86.05166724437187","105","true"
"1131","47.93225715140454","15","true","1131","93.76252789862178","55","true","1131","86.05249341039199","105","true"
"1132","47.929435294429176","15","true","1132","93.76310278963311","55","true","1132","86.05331859903197","105","true"
"1133","47.9266167757985","15","true","1133","93.76367700053046","55","true","1133","86.05414281144809","105","true"
"1134","47.923801591563155","15","true","1134","93.76425053211844","55","true","1134","86.05496604879525","105","true"
"1135","47.920989737778434","15","true","1135","93.76482338520067","55","true","1135","86.055788312227","105","true"
"1136","47.918181210504315","15","true","1136","93.76539556057989","55","true","1136","86.05660960289549","105","true"
"1137","47.91537600580544","15","true","1137","93.7659670590578","55","true","1137","86.05742992195154","105","true"
"1138","47.91257411975109","15","true","1138","93.76653788143521","55","true","1138","86.0582492705446","105","true"
"1139","47.90977554841522","15","true","1139","93.76710802851197","55","true","1139","86.05906764982275","105","true"
"1140","47.906980287876394","15","true","1140","93.76767750108698","55","true","1140","86.05988506093273","105","true"
"1141","47.90418833421785","15","true","1141","93.7682462999582","55","true","1141","86.0607015050199","105","true"
"1142","47.90139968352744","15","true","1142","93.76881442592263","55","true","1142","86.0615169832283","105","true"
"1143","47.89861433189765","15","true","1143","93.76938187977636","55","true","1143","86.06233149670058","105","true"
"1144","47.89583227542558","15","true","1144","93.7699486623145","55","true","1144","86.06314504657804","105","true"
"1145","47.89305351021298","15","true","1145","93.77051477433125","55","true","1145","86.06395763400067","105","true"
"1146","47.89027803236617","15","true","1146","93.77108021661985","55","true","1146","86.06476926010706","105","true"
"1147","47.887505837996095","15","true","1147","93.77164498997261","55","true","1147","86.06557992603449","105","true"
"1148","47.884736923218306","15","true","1148","93.77220909518091","55","true","1148","86.06638963291888","105","true"
"1149","47.88197128415293","15","true","1149","93.77277253303518","55","true","1149","86.06719838189481","105","true"
"1150","47.87920891692471","15","true","1150","93.77333530432492","55","true","1150","86.06800617409552","105","true"
"1151","47.87644981766296","15","true","1151","93.77389740983868","55","true","1151","86.06881301065287","105","true"
"1152","47.87369398250157","15","true","1152","93.77445885036413","55","true","1152","86.06961889269746","105","true"
"1153","47.870941407579004","15","true","1153","93.77501962668794","55","true","1153","86.0704238213585","105","true"
"1154","47.86819208903831","15","true","1154","93.7755797395959","55","true","1154","86.07122779776385","105","true"
"1155","47.865446023027076","15","true","1155","93.77613918987284","55","true","1155","86.07203082304008","105","true"
"1156","47.86270320569746","15","true","1156","93.77669797830268","55","true","1156","86.0728328983124","105","true"
"1157","47.85996363320617","15","true","1157","93.7772561056684","55","true","1157","86.07363402470469","105","true"
"1158","47.85722730171446","15","true","1158","93.77781357275207","55","true","1158","86.07443420333951","105","true"
"1159","47.854494207388136","15","true","1159","93.7783703803348","55","true","1159","86.07523343533806","105","true"
"1160","47.85176434639752","15","true","1160","93.77892652919684","55","true","1160","86.07603172182029","105","true"
"1161","47.849037714917486","15","true","1161","93.77948202011744","55","true","1161","86.07682906390474","105","true"
"1162","47.84631430912741","15","true","1162","93.78003685387499","55","true","1162","86.07762546270867","105","true"
"1163","47.84359412521121","15","true","1163","93.78059103124693","55","true","1163","86.078420919348","105","true"
"1164","47.840877159357305","15","true","1164","93.78114455300975","55","true","1164","86.07921543493737","105","true"
"1165","47.83816340775862","15","true","1165","93.7816974199391","55","true","1165","86.08000901059003","105","true"
"1166","47.835452866612606","15","true","1166","93.78224963280967","55","true","1166","86.08080164741799","105","true"
"1167","47.83274553212118","15","true","1167","93.7828011923952","55","true","1167","86.08159334653189","105","true"
"1168","47.830041400490785","15","true","1168","93.78335209946856","55","true","1168","86.08238410904109","105","true"
"1169","47.82734046793233","15","true","1169","93.7839023548017","55","true","1169","86.0831739360536","105","true"
"1170","47.82464273066122","15","true","1170","93.78445195916564","55","true","1170","86.08396282867616","105","true"
"1171","47.821948184897316","15","true","1171","93.78500091333049","55","true","1171","86.08475078801418","105","true"
"1172","47.81925682686498","15","true","1172","93.78554921806548","55","true","1172","86.08553781517176","105","true"
"1173","47.816568652793016","15","true","1173","93.78609687413889","55","true","1173","86.0863239112517","105","true"
"1174","47.81388365891471","15","true","1174","93.7866438823181","55","true","1174","86.08710907735549","105","true"
"1175","47.811201841467785","15","true","1175","93.78719024336961","55","true","1175","86.08789331458333","105","true"
"1176","47.80852319669442","15","true","1176","93.78773595805896","55","true","1176","86.08867662403411","105","true"
"1177","47.805847720841264","15","true","1177","93.78828102715084","55","true","1177","86.0894590068054","105","true"
"1178","47.80317541015936","15","true","1178","93.78882545140902","55","true","1178","86.09024046399351","105","true"
"1179","47.80050626090423","15","true","1179","93.78936923159634","55","true","1179","86.09102099669342","105","true"
"1180","47.7978402693358","15","true","1180","93.78991236847476","55","true","1180","86.09180060599884","105","true"
"1181","47.79517743171843","15","true","1181","93.79045486280533","55","true","1181","86.09257929300217","105","true"
"1182","47.79251774432089","15","true","1182","93.79099671534823","55","true","1182","86.09335705879452","105","true"
"1183","47.789861203416386","15","true","1183","93.79153792686269","55","true","1183","86.09413390446572","105","true"
"1184","47.78720780528251","15","true","1184","93.79207849810706","55","true","1184","86.0949098311043","105","true"
"1185","47.78455754620127","15","true","1185","93.79261842983881","55","true","1185","86.09568483979749","105","true"
"1186","47.78191042245907","15","true","1186","93.79315772281451","55","true","1186","86.09645893163126","105","true"
"1187","47.7792664303467","15","true","1187","93.79369637778983","55","true","1187","86.09723210769029","105","true"
"1188","47.776625566159346","15","true","1188","93.79423439551954","55","true","1188","86.09800436905795","105","true"
"1189","47.77398782619658","15","true","1189","93.7947717767575","55","true","1189","86.09877571681636","105","true"
"1190","47.77135320676234","15","true","1190","93.79530852225673","55","true","1190","86.09954615204634","105","true"
"1191","47.76872170416495","15","true","1191","93.79584463276932","55","true","1191","86.10031567582746","105","true"
"1192","47.7660933147171","15","true","1192","93.79638010904648","55","true","1192","86.10108428923799","105","true"
"1193","47.76346803473582","15","true","1193","93.79691495183852","55","true","1193","86.1018519933549","105","true"
"1194","47.76084586054253","15","true","1194","93.79744916189487","55","true","1194","86.10261878925392","105","true"
"1195","47.75822678846298","15","true","1195","93.7979827399641","55","true","1195","86.10338467800953","105","true"
"1196","47.75561081482727","15","true","1196","93.79851568679385","55","true","1196","86.10414966069487","105","true"
"1197","47.752997935969844","15","true","1197","93.79904800313089","55","true","1197","86.10491373838188","105","true"
"1198","47.7503881482295","15","true","1198","93.79957968972114","55","true","1198","86.10567691214119","105","true"
"1199","47.74778144794932","15","true","1199","93.80011074730959","55","true","1199","86.10643918304217","105","true"
"1200","47.74517783147677","15","true","1200","93.80064117664037","55","true","1200","86.10720055215293","105","true"
"1201","47.74257729516359","15","true","1201","93.80117097845672","55","true","1201","86.10796102054032","105","true"
"1202","47.73997983536587","15","true","1202","93.80170015350105","55","true","1202","86.10872058926992","105","true"
"1203","47.73738544844399","15","true","1203","93.8022287025148","55","true","1203","86.10947925940606","105","true"
"1204","47.73479413076264","15","true","1204","93.8027566262386","55","true","1204","86.1102370320118","105","true"
"1205","47.73220587869082","15","true","1205","93.8032839254122","55","true","1205","86.11099390814894","105","true"
"1206","47.729620688601806","15","true","1206","93.80381060077445","55","true","1206","86.11174988887804","105","true"
"1207","47.72703855687319","15","true","1207","93.80433665306336","55","true","1207","86.11250497525839","105","true"
"1208","47.72445947988683","15","true","1208","93.804862083016","55","true","1208","86.11325916834804","105","true"
"1209","47.72188345402888","15","true","1209","93.80538689136867","55","true","1209","86.11401246920376","105","true"
"1210","47.71931047568974","15","true","1210","93.8059110788567","55","true","1210","86.11476487888112","105","true"
"1211","47.716740541264116","15","true","1211","93.8064346462146","55","true","1211","86.1155163984344","105","true"
"1212","47.71417364715096","15","true","1212","93.80695759417601","55","true","1212","86.11626702891662","105","true"
"1213","47.71160978975349","15","true","1213","93.80747992347371","55","true","1213","86.11701677137962","105","true"
"1214","47.70904896547917","15","true","1214","93.80800163483957","55","true","1214","86.11776562687393","105","true"
"1215","47.70649117073973","15","true","1215","93.80852272900464","55","true","1215","86.11851359644888","105","true"
"1216","47.70393640195113","15","true","1216","93.80904320669907","55","true","1216","86.11926068115251","105","true"
"1217","47.70138465553357","15","true","1217","93.80956306865218","55","true","1217","86.12000688203167","105","true"
"1218","47.69883592791151","15","true","1218","93.81008231559242","55","true","1218","86.12075220013195","105","true"
"1219","47.696290215513606","15","true","1219","93.81060094824736","55","true","1219","86.12149663649771","105","true"
"1220","47.69374751477275","15","true","1220","93.8111189673437","55","true","1220","86.12224019217206","105","true"
"1221","47.69120782212607","15","true","1221","93.81163637360731","55","true","1221","86.12298286819689","105","true"
"1222","47.68867113401489","15","true","1222","93.81215316776321","55","true","1222","86.12372466561284","105","true"
"1223","47.68613744688475","15","true","1223","93.81266935053553","55","true","1223","86.12446558545935","105","true"
"1224","47.6836067571854","15","true","1224","93.81318492264755","55","true","1224","86.12520562877461","105","true"
"1225","47.68107906137079","15","true","1225","93.8136998848217","55","true","1225","86.12594479659558","105","true"
"1226","47.678554355899045","15","true","1226","93.81421423777957","55","true","1226","86.12668308995798","105","true"
"1227","47.67603263723252","15","true","1227","93.81472798224185","55","true","1227","86.12742050989635","105","true"
"1228","47.6735139018377","15","true","1228","93.81524111892844","55","true","1228","86.12815705744397","105","true"
"1229","47.67099814618531","15","true","1229","93.81575364855836","55","true","1229","86.1288927336329","105","true"
"1230","47.66848536675022","15","true","1230","93.81626557184975","55","true","1230","86.12962753949397","105","true"
"1231","47.665975560011454","15","true","1231","93.81677688951994","55","true","1231","86.13036147605683","105","true"
"1232","47.66346872245223","15","true","1232","93.81728760228542","55","true","1232","86.13109454434988","105","true"
"1233","47.66096485055992","15","true","1233","93.81779771086177","55","true","1233","86.1318267454003","105","true"
"1234","47.65846394082604","15","true","1234","93.8183072159638","55","true","1234","86.13255808023408","105","true"
"1235","47.655965989746264","15","true","1235","93.81881611830542","55","true","1235","86.13328854987597","105","true"
"1236","47.65347099382042","15","true","1236","93.81932441859972","55","true","1236","86.13401815534952","105","true"
"1237","47.65097894955247","15","true","1237","93.81983211755895","55","true","1237","86.13474689767709","105","true"
"1238","47.6484898534505","15","true","1238","93.82033921589448","55","true","1238","86.13547477787976","105","true"
"1239","47.646003702026746","15","true","1239","93.8208457143169","55","true","1239","86.1362017969775","105","true"
"1240","47.64352049179755","15","true","1240","93.8213516135359","55","true","1240","86.136927955989","105","true"
"1241","47.641040219283404","15","true","1241","93.82185691426038","55","true","1241","86.13765325593177","105","true"
"1242","47.638562881008895","15","true","1242","93.82236161719835","55","true","1242","86.13837769782212","105","true"
"1243","47.63608847350272","15","true","1243","93.82286572305703","55","true","1243","86.13910128267514","105","true"
"1244","47.63361699329769","15","true","1244","93.82336923254279","55","true","1244","86.13982401150476","105","true"
"1245","47.63114843693072","15","true","1245","93.82387214636114","55","true","1245","86.14054588532366","105","true"
"1246","47.62868280094282","15","true","1246","93.82437446521678","55","true","1246","86.14126690514334","105","true"
"1247","47.62622008187908","15","true","1247","93.82487618981357","55","true","1247","86.14198707197413","105","true"
"1248","47.62376027628871","15","true","1248","93.82537732085453","55","true","1248","86.14270638682511","105","true"
"1249","47.621303380724946","15","true","1249","93.82587785904185","55","true","1249","86.14342485070424","105","true"
"1250","47.61884939174517","15","true","1250","93.82637780507692","55","true","1250","86.1441424646182","105","true"
"1251","47.616398305910785","15","true","1251","93.82687715966026","55","true","1251","86.14485922957256","105","true"
"1252","47.613950119787276","15","true","1252","93.82737592349157","55","true","1252","86.14557514657166","105","true"
"1253","47.61150482994421","15","true","1253","93.82787409726973","55","true","1253","86.14629021661865","105","true"
"1254","47.609062432955184","15","true","1254","93.8283716816928","55","true","1254","86.1470044407155","105","true"
"1255","47.60662292539787","15","true","1255","93.828868677458","55","true","1255","86.147717819863","105","true"
"1256","47.60418630385398","15","true","1256","93.82936508526173","55","true","1256","86.14843035506075","105","true"
"1257","47.601752564909255","15","true","1257","93.82986090579956","55","true","1257","86.14914204730717","105","true"
"1258","47.59932170515351","15","true","1258","93.83035613976627","55","true","1258","86.14985289759949","105","true"
"1259","47.596893721180564","15","true","1259","93.83085078785575","55","true","1259","86.15056290693379","105","true"
"1260","47.59446860958828","15","true","1260","93.83134485076116","55","true","1260","86.15127207630492","105","true"
"1261","47.59204636697854","15","true","1261","93.83183832917474","55","true","1261","86.1519804067066","105","true"
"1262","47.58962698995725","15","true","1262","93.832331223788","55","true","1262","86.15268789913135","105","true"
"1263","47.587210475134334","15","true","1263","93.83282353529158","55","true","1263","86.15339455457053","105","true"
"1264","47.58479681912372","15","true","1264","93.83331526437532","55","true","1264","86.1541003740143","105","true"
"1265","47.58238601854333","15","true","1265","93.83380641172823","55","true","1265","86.15480535845171","105","true"
"1266","47.57997807001512","15","true","1266","93.83429697803852","55","true","1266","86.15550950887057","105","true"
"1267","47.577572970165015","15","true","1267","93.8347869639936","55","true","1267","86.15621282625754","105","true"
"1268","47.575170715622946","15","true","1268","93.83527637028003","55","true","1268","86.15691531159814","105","true"
"1269","47.57277130302281","15","true","1269","93.83576519758358","55","true","1269","86.15761696587671","105","true"
"1270","47.570374729002516","15","true","1270","93.8362534465892","55","true","1270","86.15831779007641","105","true"
"1271","47.567980990203935","15","true","1271","93.83674111798105","55","true","1271","86.15901778517926","105","true"
"1272","47.5655900832729","15","true","1272","93.83722821244244","55","true","1272","86.1597169521661","105","true"
"1273","47.563202004859235","15","true","1273","93.83771473065592","55","true","1273","86.16041529201661","105","true"
"1274","47.56081675161671","15","true","1274","93.8382006733032","55","true","1274","86.16111280570932","105","true"
"1275","47.55843432020307","15","true","1275","93.8386860410652","55","true","1275","86.16180949422161","105","true"
"1276","47.55605470727998","15","true","1276","93.83917083462201","55","true","1276","86.16250535852971","105","true"
"1277","47.553677909513105","15","true","1277","93.83965505465295","55","true","1277","86.16320039960864","105","true"
"1278","47.55130392357201","15","true","1278","93.84013870183651","55","true","1278","86.16389461843234","105","true"
"1279","47.54893274613023","15","true","1279","93.84062177685038","55","true","1279","86.16458801597355","105","true"
"1280","47.5465643738652","15","true","1280","93.84110428037147","55","true","1280","86.16528059320386","105","true"
"1281","47.544198803458336","15","true","1281","93.84158621307587","55","true","1281","86.16597235109374","105","true"
"1282","47.54183603159494","15","true","1282","93.84206757563886","55","true","1282","86.1666632906125","105","true"
"1283","47.53947605496425","15","true","1283","93.84254836873495","55","true","1283","86.16735341272829","105","true"
"1284","47.537118870259405","15","true","1284","93.84302859303784","55","true","1284","86.16804271840812","105","true"
"1285","47.53476447417749","15","true","1285","93.84350824922042","55","true","1285","86.16873120861784","105","true"
"1286","47.532412863419474","15","true","1286","93.8439873379548","55","true","1286","86.16941888432223","105","true"
"1287","47.53006403469022","15","true","1287","93.84446585991228","55","true","1287","86.17010574648482","105","true"
"1288","47.52771798469851","15","true","1288","93.84494381576337","55","true","1288","86.17079179606809","105","true"
"1289","47.52537471015702","15","true","1289","93.84542120617782","55","true","1289","86.17147703403333","105","true"
"1290","47.52303420778228","15","true","1290","93.84589803182453","55","true","1290","86.17216146134072","105","true"
"1291","47.52069647429475","15","true","1291","93.84637429337165","55","true","1291","86.1728450789493","105","true"
"1292","47.518361506418756","15","true","1292","93.84684999148654","55","true","1292","86.17352788781695","105","true"
"1293","47.51602930088247","15","true","1293","93.84732512683573","55","true","1293","86.17420988890042","105","true"
"1294","47.51369985441798","15","true","1294","93.847799700085","55","true","1294","86.17489108315539","105","true"
"1295","47.511373163761206","15","true","1295","93.84827371189935","55","true","1295","86.17557147153633","105","true"
"1296","47.50904922565195","15","true","1296","93.84874716294296","55","true","1296","86.17625105499664","105","true"
"1297","47.506728036833856","15","true","1297","93.84922005387922","55","true","1297","86.17692983448853","105","true"
"1298","47.50440959405442","15","true","1298","93.84969238537079","55","true","1298","86.17760781096315","105","true"
"1299","47.50209389406501","15","true","1299","93.85016415807948","55","true","1299","86.17828498537048","105","true"
"1300","47.49978093362081","15","true","1300","93.85063537266637","55","true","1300","86.17896135865941","105","true"
"1301","47.49747070948086","15","true","1301","93.85110602979174","55","true","1301","86.17963693177765","105","true"
"1302","47.49516321840802","15","true","1302","93.85157613011506","55","true","1302","86.18031170567187","105","true"
"1303","47.49285845716898","15","true","1303","93.85204567429506","55","true","1303","86.18098568128755","105","true"
"1304","47.490556422534276","15","true","1304","93.85251466298966","55","true","1304","86.18165885956908","105","true"
"1305","47.48825711127824","15","true","1305","93.85298309685604","55","true","1305","86.18233124145975","105","true"
"1306","47.485960520179034","15","true","1306","93.85345097655056","55","true","1306","86.18300282790169","105","true"
"1307","47.48366664601863","15","true","1307","93.85391830272883","55","true","1307","86.18367361983594","105","true"
"1308","47.481375485582795","15","true","1308","93.85438507604567","55","true","1308","86.18434361820246","105","true"
"1309","47.47908703566112","15","true","1309","93.85485129715515","55","true","1309","86.18501282394004","105","true"
"1310","47.476801293046975","15","true","1310","93.85531696671053","55","true","1310","86.18568123798639","105","true"
"1311","47.474518254537536","15","true","1311","93.85578208536432","55","true","1311","86.1863488612781","105","true"
"1312","47.47223791693376","15","true","1312","93.85624665376827","55","true","1312","86.18701569475067","105","true"
"1313","47.46996027704039","15","true","1313","93.85671067257331","55","true","1313","86.18768173933846","105","true"
"1314","47.467685331665955","15","true","1314","93.85717414242966","55","true","1314","86.18834699597477","105","true"
"1315","47.465413077622756","15","true","1315","93.85763706398674","55","true","1315","86.18901146559176","105","true"
"1316","47.463143511726855","15","true","1316","93.85809943789319","55","true","1316","86.18967514912049","105","true"
"1317","47.4608766307981","15","true","1317","93.85856126479692","55","true","1317","86.19033804749094","105","true"
"1318","47.458612431660086","15","true","1318","93.85902254534503","55","true","1318","86.19100016163196","105","true"
"1319","47.45635091114017","15","true","1319","93.85948328018388","55","true","1319","86.19166149247134","105","true"
"1320","47.45409206606947","15","true","1320","93.85994346995908","55","true","1320","86.19232204093575","105","true"
"1321","47.45183589328284","15","true","1321","93.86040311531542","55","true","1321","86.19298180795073","105","true"
"1322","47.44958238961888","15","true","1322","93.860862216897","55","true","1322","86.1936407944408","105","true"
"1323","47.44733155191995","15","true","1323","93.86132077534712","55","true","1323","86.19429900132933","105","true"
"1324","47.44508337703212","15","true","1324","93.86177879130831","55","true","1324","86.19495642953859","105","true"
"1325","47.4428378618052","15","true","1325","93.86223626542234","55","true","1325","86.19561307998981","105","true"
"1326","47.44059500309274","15","true","1326","93.86269319833025","55","true","1326","86.19626895360311","105","true"
"1327","47.438354797751984","15","true","1327","93.86314959067231","55","true","1327","86.19692405129749","105","true"
"1328","47.436117242643924","15","true","1328","93.86360544308799","55","true","1328","86.19757837399088","105","true"
"1329","47.433882334633246","15","true","1329","93.86406075621608","55","true","1329","86.19823192260016","105","true"
"1330","47.43165007058835","15","true","1330","93.86451553069456","55","true","1330","86.19888469804107","105","true"
"1331","47.42942044738135","15","true","1331","93.86496976716066","55","true","1331","86.19953670122831","105","true"
"1332","47.42719346188804","15","true","1332","93.86542346625089","55","true","1332","86.20018793307547","105","true"
"1333","47.42496911098793","15","true","1333","93.86587662860094","55","true","1333","86.20083839449507","105","true"
"1334","47.422747391564215","15","true","1334","93.86632925484584","55","true","1334","86.20148808639856","105","true"
"1335","47.420528300503776","15","true","1335","93.86678134561978","55","true","1335","86.20213700969629","105","true"
"1336","47.41831183469718","15","true","1336","93.86723290155626","55","true","1336","86.20278516529753","105","true"
"1337","47.41609799103866","15","true","1337","93.867683923288","55","true","1337","86.20343255411052","105","true"
"1338","47.413886766426145","15","true","1338","93.86813441144699","55","true","1338","86.20407917704239","105","true"
"1339","47.411678157761216","15","true","1339","93.86858436666445","55","true","1339","86.20472503499917","105","true"
"1340","47.409472161949125","15","true","1340","93.86903378957086","55","true","1340","86.20537012888589","105","true"
"1341","47.407268775898785","15","true","1341","93.869482680796","55","true","1341","86.20601445960645","105","true"
"1342","47.40506799652277","15","true","1342","93.86993104096882","55","true","1342","86.20665802806369","105","true"
"1343","47.4028698207373","15","true","1343","93.87037887071762","55","true","1343","86.2073008351594","105","true"
"1344","47.400674245462255","15","true","1344","93.87082617066984","55","true","1344","86.20794288179431","105","true"
"1345","47.398481267621136","15","true","1345","93.87127294145232","55","true","1345","86.20858416886804","105","true"
"1346","47.39629088414111","15","true","1346","93.87171918369103","55","true","1346","86.2092246972792","105","true"
"1347","47.39410309195296","15","true","1347","93.87216489801128","55","true","1347","86.20986446792529","105","true"
"1348","47.391917887991106","15","true","1348","93.87261008503759","55","true","1348","86.21050348170277","105","true"
"1349","47.3897352691936","15","true","1349","93.8730547453938","55","true","1349","86.21114173950707","105","true"
"1350","47.38755523250211","15","true","1350","93.87349887970296","55","true","1350","86.2117792422325","105","true"
"1351","47.38537777486193","15","true","1351","93.87394248858739","55","true","1351","86.21241599077234","105","true"
"1352","47.38320289322195","15","true","1352","93.8743855726687","55","true","1352","86.21305198601884","105","true"
"1353","47.38103058453469","15","true","1353","93.87482813256774","55","true","1353","86.21368722886315","105","true"
"1354","47.378860845756265","15","true","1354","93.87527016890463","55","true","1354","86.21432172019539","105","true"
"1355","47.3766936738464","15","true","1355","93.87571168229879","55","true","1355","86.21495546090462","105","true"
"1356","47.37452906576839","15","true","1356","93.87615267336882","55","true","1356","86.21558845187886","105","true"
"1357","47.372367018489165","15","true","1357","93.8765931427327","55","true","1357","86.21622069400505","105","true"
"1358","47.3702075289792","15","true","1358","93.87703309100759","55","true","1358","86.21685218816911","105","true"
"1359","47.36805059421259","15","true","1359","93.87747251880998","55","true","1359","86.21748293525593","105","true"
"1360","47.36589621116699","15","true","1360","93.87791142675559","55","true","1360","86.21811293614928","105","true"
"1361","47.36374437682363","15","true","1361","93.87834981545943","55","true","1361","86.21874219173196","105","true"
"1362","47.36159508816732","15","true","1362","93.87878768553578","55","true","1362","86.21937070288568","105","true"
"1363","47.35944834218643","15","true","1363","93.87922503759819","55","true","1363","86.21999847049115","105","true"
"1364","47.3573041358729","15","true","1364","93.87966187225949","55","true","1364","86.22062549542797","105","true"
"1365","47.35516246622222","15","true","1365","93.88009819013179","55","true","1365","86.22125177857477","105","true"
"1366","47.35302333023344","15","true","1366","93.88053399182644","55","true","1366","86.22187732080909","105","true"
"1367","47.35088672490916","15","true","1367","93.88096927795412","55","true","1367","86.22250212300747","105","true"
"1368","47.34875264725552","15","true","1368","93.88140404912475","55","true","1368","86.22312618604539","105","true"
"1369","47.34662109428222","15","true","1369","93.88183830594755","55","true","1369","86.2237495107973","105","true"
"1370","47.34449206300247","15","true","1370","93.882272049031","55","true","1370","86.22437209813661","105","true"
"1371","47.34236555043304","15","true","1371","93.88270527898287","55","true","1371","86.22499394893572","105","true"
"1372","47.340241553594204","15","true","1372","93.88313799641023","55","true","1372","86.22561506406596","105","true"
"1373","47.338120069509785","15","true","1373","93.88357020191937","55","true","1373","86.22623544439764","105","true"
"1374","47.336001095207116","15","true","1374","93.88400189611595","55","true","1374","86.22685509080009","105","true"
"1375","47.33388462771704","15","true","1375","93.88443307960485","55","true","1375","86.22747400414154","105","true"
"1376","47.33177066407393","15","true","1376","93.88486375299024","55","true","1376","86.22809218528923","105","true"
"1377","47.32965920131564","15","true","1377","93.88529391687561","55","true","1377","86.22870963510935","105","true"
"1378","47.32755023648357","15","true","1378","93.8857235718637","55","true","1378","86.22932635446712","105","true"
"1379","47.32544376662257","15","true","1379","93.88615271855657","55","true","1379","86.22994234422669","105","true"
"1380","47.32333978878103","15","true","1380","93.88658135755553","55","true","1380","86.23055760525118","105","true"
"1381","47.3212383000108","15","true","1381","93.8870094894612","55","true","1381","86.23117213840271","105","true"
"1382","47.31913929736724","15","true","1382","93.88743711487349","55","true","1382","86.23178594454238","105","true"
"1383","47.31704277790918","15","true","1383","93.8878642343916","55","true","1383","86.23239902453028","105","true"
"1384","47.31494873869894","15","true","1384","93.88829084861402","55","true","1384","86.23301137922545","105","true"
"1385","47.312857176802304","15","true","1385","93.88871695813853","55","true","1385","86.23362300948594","105","true"
"1386","47.31076808928854","15","true","1386","93.8891425635622","55","true","1386","86.23423391616879","105","true"
"1387","47.30868147323036","15","true","1387","93.8895676654814","55","true","1387","86.23484410013","105","true"
"1388","47.306597325703976","15","true","1388","93.88999226449178","55","true","1388","86.23545356222459","105","true"
"1389","47.304515643789024","15","true","1389","93.89041636118831","55","true","1389","86.23606230330654","105","true"
"1390","47.30243642456861","15","true","1390","93.89083995616525","55","true","1390","86.23667032422883","105","true"
"1391","47.30035966512929","15","true","1391","93.89126305001612","55","true","1391","86.23727762584342","105","true"
"1392","47.29828536256108","15","true","1392","93.8916856433338","55","true","1392","86.2378842090013","105","true"
"1393","47.29621351395741","15","true","1393","93.89210773671043","55","true","1393","86.2384900745524","105","true"
"1394","47.29414411641517","15","true","1394","93.89252933073743","55","true","1394","86.23909522334569","105","true"
"1395","47.29207716703467","15","true","1395","93.89295042600558","55","true","1395","86.2396996562291","105","true"
"1396","47.29001266291966","15","true","1396","93.8933710231049","55","true","1396","86.24030337404959","105","true"
"1397","47.28795060117732","15","true","1397","93.89379112262476","55","true","1397","86.2409063776531","105","true"
"1398","47.28589097891825","15","true","1398","93.89421072515381","55","true","1398","86.24150866788456","105","true"
"1399","47.28383379325646","15","true","1399","93.89462983127999","55","true","1399","86.24211024558792","105","true"
"1400","47.281779041309385","15","true","1400","93.89504844159057","55","true","1400","86.24271111160613","105","true"
"1401","47.27972672019785","15","true","1401","93.89546655667212","55","true","1401","86.2433112667811","105","true"
"1402","47.277676827046115","15","true","1402","93.8958841771105","55","true","1402","86.24391071195383","105","true"
"1403","47.275629358981824","15","true","1403","93.89630130349089","55","true","1403","86.24450944796423","105","true"
"1404","47.27358431313603","15","true","1404","93.89671793639779","55","true","1404","86.24510747565131","105","true"
"1405","47.271541686643154","15","true","1405","93.89713407641499","55","true","1405","86.24570479585299","105","true"
"1406","47.26950147664105","15","true","1406","93.89754972412557","55","true","1406","86.24630140940627","105","true"
"1407","47.267463680270914","15","true","1407","93.89796488011197","55","true","1407","86.24689731714713","105","true"
"1408","47.26542829467735","15","true","1408","93.89837954495592","55","true","1408","86.24749251991058","105","true"
"1409","47.263395317008346","15","true","1409","93.89879371923843","55","true","1409","86.24808701853063","105","true"
"1410","47.26136474441524","15","true","1410","93.89920740353986","55","true","1410","86.24868081384028","105","true"
"1411","47.259336574052746","15","true","1411","93.8996205984399","55","true","1411","86.24927390667159","105","true"
"1412","47.257310803078965","15","true","1412","93.90003330451748","55","true","1412","86.24986629785562","105","true"
"1413","47.25528742865535","15","true","1413","93.90044552235094","55","true","1413","86.25045798822241","105","true"
"1414","47.253266447946686","15","true","1414","93.90085725251784","55","true","1414","86.25104897860108","105","true"
"1415","47.25124785812115","15","true","1415","93.90126849559515","55","true","1415","86.25163926981972","105","true"
"1416","47.24923165635025","15","true","1416","93.90167925215907","55","true","1416","86.25222886270546","105","true"
"1417","47.24721783980883","15","true","1417","93.90208952278519","55","true","1417","86.25281775808446","105","true"
"1418","47.24520640567511","15","true","1418","93.90249930804839","55","true","1418","86.25340595678189","105","true"
"1419","47.24319735113062","15","true","1419","93.90290860852285","55","true","1419","86.25399345962194","105","true"
"1420","47.24119067336022","15","true","1420","93.9033174247821","55","true","1420","86.25458026742781","105","true"
"1421","47.23918636955213","15","true","1421","93.90372575739899","55","true","1421","86.2551663810218","105","true"
"1422","47.23718443689786","15","true","1422","93.90413360694568","55","true","1422","86.25575180122513","105","true"
"1423","47.235184872592285","15","true","1423","93.90454097399365","55","true","1423","86.25633652885814","105","true"
"1424","47.233187673833555","15","true","1424","93.9049478591137","55","true","1424","86.25692056474014","105","true"
"1425","47.23119283782316","15","true","1425","93.90535426287599","55","true","1425","86.2575039096895","105","true"
"1426","47.2292003617659","15","true","1426","93.90576018584999","55","true","1426","86.25808656452362","105","true"
"1427","47.227210242869866","15","true","1427","93.90616562860444","55","true","1427","86.25866853005893","105","true"
"1428","47.225222478346474","15","true","1428","93.90657059170749","55","true","1428","86.25924980711088","105","true"
"1429","47.22323706541042","15","true","1429","93.90697507572659","55","true","1429","86.25983039649398","105","true"
"1430","47.22125400127971","15","true","1430","93.90737908122848","55","true","1430","86.26041029902174","105","true"
"1431","47.21927328317563","15","true","1431","93.9077826087793","55","true","1431","86.26098951550676","105","true"
"1432","47.217294908322756","15","true","1432","93.90818565894445","55","true","1432","86.26156804676064","105","true"
"1433","47.21531887394895","15","true","1433","93.9085882322887","55","true","1433","86.26214589359404","105","true"
"1434","47.21334517728536","15","true","1434","93.90899032937614","55","true","1434","86.26272305681661","105","true"
"1435","47.21137381556639","15","true","1435","93.9093919507702","55","true","1435","86.26329953723713","105","true"
"1436","47.20940478602974","15","true","1436","93.90979309703366","55","true","1436","86.26387533566336","105","true"
"1437","47.207438085916344","15","true","1437","93.91019376872858","55","true","1437","86.26445045290211","105","true"
"1438","47.20547371247045","15","true","1438","93.9105939664164","55","true","1438","86.26502488975925","105","true"
"1439","47.20351166293951","15","true","1439","93.9109936906579","55","true","1439","86.26559864703971","105","true"
"1440","47.20155193457429","15","true","1440","93.91139294201318","55","true","1440","86.26617172554742","105","true"
"1441","47.19959452462876","15","true","1441","93.91179172104167","55","true","1441","86.26674412608541","105","true"
"1442","47.197639430360155","15","true","1442","93.91219002830213","55","true","1442","86.26731584945576","105","true"
"1443","47.195686649028964","15","true","1443","93.91258786435272","55","true","1443","86.26788689645953","105","true"
"1444","47.193736177898906","15","true","1444","93.91298522975086","55","true","1444","86.26845726789692","105","true"
"1445","47.19178801423695","15","true","1445","93.91338212505336","55","true","1445","86.26902696456713","105","true"
"1446","47.18984215531328","15","true","1446","93.91377855081635","55","true","1446","86.26959598726843","105","true"
"1447","47.18789859840132","15","true","1447","93.91417450759532","55","true","1447","86.27016433679816","105","true"
"1448","47.18595734077772","15","true","1448","93.91456999594509","55","true","1448","86.2707320139527","105","true"
"1449","47.18401837972235","15","true","1449","93.91496501641981","55","true","1449","86.27129901952748","105","true"
"1450","47.182081712518304","15","true","1450","93.91535956957303","55","true","1450","86.271865354317","105","true"
"1451","47.18014733645188","15","true","1451","93.91575365595756","55","true","1451","86.27243101911483","105","true"
"1452","47.178215248812585","15","true","1452","93.91614727612564","55","true","1452","86.27299601471358","105","true"
"1453","47.17628544689315","15","true","1453","93.91654043062879","55","true","1453","86.27356034190495","105","true"
"1454","47.17435792798948","15","true","1454","93.91693312001792","55","true","1454","86.27412400147968","105","true"
"1455","47.172432689400715","15","true","1455","93.91732534484328","55","true","1455","86.27468699422757","105","true"
"1456","47.17050972842916","15","true","1456","93.91771710565445","55","true","1456","86.27524932093749","105","true"
"1457","47.168589042380326","15","true","1457","93.91810840300037","55","true","1457","86.27581098239742","105","true"
"1458","47.16667062856291","15","true","1458","93.91849923742934","55","true","1458","86.27637197939434","105","true"
"1459","47.16475448428879","15","true","1459","93.91888960948903","55","true","1459","86.27693231271434","105","true"
"1460","47.162840606873026","15","true","1460","93.9192795197264","55","true","1460","86.27749198314257","105","true"
"1461","47.16092899363385","15","true","1461","93.91966896868782","55","true","1461","86.27805099146326","105","true"
"1462","47.159019641892684","15","true","1462","93.92005795691898","55","true","1462","86.27860933845969","105","true"
"1463","47.15711254897409","15","true","1463","93.92044648496496","55","true","1463","86.27916702491423","105","true"
"1464","47.15520771220582","15","true","1464","93.92083455337016","55","true","1464","86.27972405160833","105","true"
"1465","47.15330512891877","15","true","1465","93.92122216267833","55","true","1465","86.2802804193225","105","true"
"1466","47.15140479644701","15","true","1466","93.92160931343264","55","true","1466","86.28083612883633","105","true"
"1467","47.149506712127746","15","true","1467","93.92199600617553","55","true","1467","86.2813911809285","105","true"
"1468","47.14761087330135","15","true","1468","93.92238224144887","55","true","1468","86.28194557637676","105","true"
"1469","47.145717277311334","15","true","1469","93.92276801979386","55","true","1469","86.28249931595793","105","true"
"1470","47.14382592150435","15","true","1470","93.92315334175105","55","true","1470","86.28305240044794","105","true"
"1471","47.1419368032302","15","true","1471","93.92353820786036","55","true","1471","86.28360483062177","105","true"
"1472","47.1400499198418","15","true","1472","93.92392261866107","55","true","1472","86.2841566072535","105","true"
"1473","47.13816526869522","15","true","1473","93.92430657469184","55","true","1473","86.28470773111628","105","true"
"1474","47.136282847149644","15","true","1474","93.92469007649066","55","true","1474","86.28525820298238","105","true"
"1475","47.13440265256739","15","true","1475","93.9250731245949","55","true","1475","86.2858080236231","105","true"
"1476","47.13252468231388","15","true","1476","93.92545571954132","55","true","1476","86.28635719380888","105","true"
"1477","47.13064893375767","15","true","1477","93.92583786186599","55","true","1477","86.28690571430924","105","true"
"1478","47.12877540427043","15","true","1478","93.9262195521044","55","true","1478","86.28745358589276","105","true"
"1479","47.12690409122692","15","true","1479","93.92660079079135","55","true","1479","86.28800080932713","105","true"
"1480","47.12503499200502","15","true","1480","93.92698157846108","55","true","1480","86.28854738537913","105","true"
"1481","47.12316810398572","15","true","1481","93.92736191564713","55","true","1481","86.28909331481464","105","true"
"1482","47.12130342455309","15","true","1482","93.92774180288244","55","true","1482","86.28963859839862","105","true"
"1483","47.11944095109431","15","true","1483","93.92812124069931","55","true","1483","86.29018323689515","105","true"
"1484","47.11758068099964","15","true","1484","93.92850022962945","55","true","1484","86.29072723106736","105","true"
"1485","47.11572261166243","15","true","1485","93.92887877020387","55","true","1485","86.29127058167752","105","true"
"1486","47.11386674047911","15","true","1486","93.92925686295298","55","true","1486","86.291813289487","105","true"
"1487","47.11201306484921","15","true","1487","93.92963450840662","55","true","1487","86.29235535525623","105","true"
"1488","47.11016158217531","15","true","1488","93.93001170709391","55","true","1488","86.29289677974478","105","true"
"1489","47.10831228986308","15","true","1489","93.93038845954341","55","true","1489","86.29343756371128","105","true"
"1490","47.106465185321255","15","true","1490","93.93076476628303","55","true","1490","86.29397770791351","105","true"
"1491","47.10462026596163","15","true","1491","93.93114062784005","55","true","1491","86.29451721310834","105","true"
"1492","47.102777529199074","15","true","1492","93.93151604474114","55","true","1492","86.29505608005171","105","true"
"1493","47.10093697245149","15","true","1493","93.93189101751236","55","true","1493","86.29559430949871","105","true"
"1494","47.09909859313987","15","true","1494","93.9322655466791","55","true","1494","86.2961319022035","105","true"
"1495","47.097262388688236","15","true","1495","93.93263963276618","55","true","1495","86.29666885891938","105","true"
"1496","47.09542835652366","15","true","1496","93.93301327629776","55","true","1496","86.29720518039875","105","true"
"1497","47.09359649407625","15","true","1497","93.9333864777974","55","true","1497","86.29774086739309","105","true"
"1498","47.091766798779176","15","true","1498","93.93375923778805","55","true","1498","86.29827592065304","105","true"
"1499","47.08993926806862","15","true","1499","93.93413155679202","55","true","1499","86.29881034092831","105","true"
"1500","47.08811389938382","15","true","1500","93.93450343533101","55","true","1500","86.29934412896776","105","true"
"1501","47.08629069016702","15","true","1501","93.9348748739261","55","true","1501","86.29987728551934","105","true"
"1502","47.08446963786351","15","true","1502","93.93524587309778","55","true","1502","86.3004098113301","105","true"
"1503","47.0826507399216","15","true","1503","93.93561643336588","55","true","1503","86.30094170714625","105","true"
"1504","47.0808339937926","15","true","1504","93.93598655524964","55","true","1504","86.30147297371308","105","true"
"1505","47.07901939693085","15","true","1505","93.93635623926768","55","true","1505","86.30200361177502","105","true"
"1506","47.077206946793716","15","true","1506","93.93672548593801","55","true","1506","86.3025336220756","105","true"
"1507","47.07539664084154","15","true","1507","93.93709429577804","55","true","1507","86.30306300535749","105","true"
"1508","47.07358847653769","15","true","1508","93.93746266930452","55","true","1508","86.30359176236246","105","true"
"1509","47.07178245134852","15","true","1509","93.93783060703367","55","true","1509","86.30411989383143","105","true"
"1510","47.0699785627434","15","true","1510","93.93819810948102","55","true","1510","86.30464740050442","105","true"
"1511","47.06817680819469","15","true","1511","93.93856517716152","55","true","1511","86.30517428312059","105","true"
"1512","47.06637718517772","15","true","1512","93.93893181058952","55","true","1512","86.30570054241822","105","true"
"1513","47.06457969117084","15","true","1513","93.93929801027876","55","true","1513","86.3062261791347","105","true"
"1514","47.06278432365535","15","true","1514","93.93966377674238","55","true","1514","86.30675119400658","105","true"
"1515","47.06099108011554","15","true","1515","93.94002911049286","55","true","1515","86.30727558776951","105","true"
"1516","47.059199958038704","15","true","1516","93.94039401204213","55","true","1516","86.30779936115829","105","true"
"1517","47.05741095491506","15","true","1517","93.94075848190153","55","true","1517","86.30832251490683","105","true"
"1518","47.05562406823783","15","true","1518","93.9411225205817","55","true","1518","86.3088450497482","105","true"
"1519","47.0538392955032","15","true","1519","93.9414861285928","55","true","1519","86.30936696641459","105","true"
"1520","47.0520566342103","15","true","1520","93.94184930644428","55","true","1520","86.30988826563728","105","true"
"1521","47.050276081861234","15","true","1521","93.94221205464507","55","true","1521","86.31040894814677","105","true"
"1522","47.048497635961056","15","true","1522","93.94257437370342","55","true","1522","86.31092901467264","105","true"
"1523","47.046721294017765","15","true","1523","93.94293626412706","55","true","1523","86.3114484659436","105","true"
"1524","47.044947053542316","15","true","1524","93.94329772642304","55","true","1524","86.31196730268753","105","true"
"1525","47.04317491204861","15","true","1525","93.94365876109786","55","true","1525","86.31248552563143","105","true"
"1526","47.04140486705349","15","true","1526","93.94401936865744","55","true","1526","86.31300313550146","105","true"
"1527","47.039636916076724","15","true","1527","93.94437954960702","55","true","1527","86.31352013302288","105","true"
"1528","47.03787105664103","15","true","1528","93.94473930445133","55","true","1528","86.31403651892013","105","true"
"1529","47.03610728627205","15","true","1529","93.94509863369446","55","true","1529","86.31455229391679","105","true"
"1530","47.03434560249834","15","true","1530","93.9454575378399","55","true","1530","86.31506745873556","105","true"
"1531","47.03258600285141","15","true","1531","93.94581601739056","55","true","1531","86.3155820140983","105","true"
"1532","47.030828484865665","15","true","1532","93.94617407284875","55","true","1532","86.31609596072602","105","true"
"1533","47.02907304607844","15","true","1533","93.94653170471616","55","true","1533","86.31660929933888","105","true"
"1534","47.027319684029976","15","true","1534","93.94688891349395","55","true","1534","86.31712203065617","105","true"
"1535","47.02556839626342","15","true","1535","93.94724569968263","55","true","1535","86.31763415539633","105","true"
"1536","47.023819180324836","15","true","1536","93.94760206378213","55","true","1536","86.31814567427699","105","true"
"1537","47.02207203376319","15","true","1537","93.9479580062918","55","true","1537","86.31865658801487","105","true"
"1538","47.02032695413034","15","true","1538","93.94831352771041","55","true","1538","86.31916689732589","105","true"
"1539","47.01858393898105","15","true","1539","93.9486686285361","55","true","1539","86.3196766029251","105","true"
"1540","47.01684298587297","15","true","1540","93.94902330926645","55","true","1540","86.32018570552671","105","true"
"1541","47.01510409236664","15","true","1541","93.94937757039844","55","true","1541","86.32069420584409","105","true"
"1542","47.01336725602549","15","true","1542","93.94973141242849","55","true","1542","86.32120210458976","105","true"
"1543","47.01163247441582","15","true","1543","93.9500848358524","55","true","1543","86.32170940247538","105","true"
"1544","47.00989974510683","15","true","1544","93.95043784116538","55","true","1544","86.32221610021182","105","true"
"1545","47.00816906567057","15","true","1545","93.95079042886209","55","true","1545","86.32272219850904","105","true"
"1546","47.006440433681995","15","true","1546","93.95114259943658","55","true","1546","86.32322769807622","105","true"
"1547","47.00471384671891","15","true","1547","93.9514943533823","55","true","1547","86.32373259962166","105","true"
"1548","47.00298930236196","15","true","1548","93.95184569119215","55","true","1548","86.32423690385286","105","true"
"1549","47.001266798194706","15","true","1549","93.95219661335842","55","true","1549","86.32474061147644","105","true"
"1550","46.99954633180353","15","true","1550","93.95254712037284","55","true","1550","86.32524372319821","105","true"
"1551","46.99782790077768","15","true","1551","93.95289721272655","55","true","1551","86.32574623972314","105","true"
"1552","46.996111502709255","15","true","1552","93.95324689091011","55","true","1552","86.32624816175539","105","true"
"1553","46.9943971351932","15","true","1553","93.95359615541348","55","true","1553","86.32674948999822","105","true"
"1554","46.992684795827316","15","true","1554","93.95394500672606","55","true","1554","86.32725022515413","105","true"
"1555","46.99097448221224","15","true","1555","93.95429344533667","55","true","1555","86.32775036792476","105","true"
"1556","46.98926619195143","15","true","1556","93.95464147173357","55","true","1556","86.32824991901091","105","true"
"1557","46.9875599226512","15","true","1557","93.95498908640438","55","true","1557","86.32874887911258","105","true"
"1558","46.9858556719207","15","true","1558","93.95533628983623","55","true","1558","86.3292472489289","105","true"
"1559","46.9841534373719","15","true","1559","93.95568308251559","55","true","1559","86.3297450291582","105","true"
"1560","46.98245321661959","15","true","1560","93.9560294649284","55","true","1560","86.330242220498","105","true"
"1561","46.980755007281374","15","true","1561","93.95637543756006","55","true","1561","86.33073882364494","105","true"
"1562","46.979058806977704","15","true","1562","93.9567210008953","55","true","1562","86.33123483929491","105","true"
"1563","46.977364613331815","15","true","1563","93.95706615541835","55","true","1563","86.3317302681429","105","true"
"1564","46.97567242396978","15","true","1564","93.95741090161285","55","true","1564","86.33222511088314","105","true"
"1565","46.97398223652047","15","true","1565","93.95775523996187","55","true","1565","86.332719368209","105","true"
"1566","46.97229404861555","15","true","1566","93.95809917094789","55","true","1566","86.33321304081306","105","true"
"1567","46.970607857889505","15","true","1567","93.95844269505285","55","true","1567","86.33370612938704","105","true"
"1568","46.9689236619796","15","true","1568","93.9587858127581","55","true","1568","86.3341986346219","105","true"
"1569","46.96724145852592","15","true","1569","93.95912852454441","55","true","1569","86.33469055720771","105","true"
"1570","46.965561245171315","15","true","1570","93.959470830892","55","true","1570","86.33518189783378","105","true"
"1571","46.963883019561436","15","true","1571","93.95981273228053","55","true","1571","86.3356726571886","105","true"
"1572","46.962206779344726","15","true","1572","93.96015422918904","55","true","1572","86.33616283595981","105","true"
"1573","46.9605325221724","15","true","1573","93.96049532209611","55","true","1573","86.33665243483426","105","true"
"1574","46.95886024569846","15","true","1574","93.96083601147961","55","true","1574","86.337141454498","105","true"
"1575","46.957189947579664","15","true","1575","93.96117629781699","55","true","1575","86.33762989563624","105","true"
"1576","46.95552162547557","15","true","1576","93.96151618158503","55","true","1576","86.33811775893341","105","true"
"1577","46.95385527704849","15","true","1577","93.96185566325997","55","true","1577","86.33860504507311","105","true"
"1578","46.95219089996349","15","true","1578","93.96219474331753","55","true","1578","86.33909175473812","105","true"
"1579","46.95052849188843","15","true","1579","93.96253342223281","55","true","1579","86.33957788861044","105","true"
"1580","46.94886805049389","15","true","1580","93.96287170048039","55","true","1580","86.34006344737124","105","true"
"1581","46.947209573453236","15","true","1581","93.96320957853426","55","true","1581","86.34054843170091","105","true"
"1582","46.945553058442584","15","true","1582","93.96354705686788","55","true","1582","86.341032842279","105","true"
"1583","46.94389850314077","15","true","1583","93.96388413595412","55","true","1583","86.3415166797843","105","true"
"1584","46.94224590522942","15","true","1584","93.9642208162653","55","true","1584","86.34199994489478","105","true"
"1585","46.94059526239287","15","true","1585","93.96455709827318","55","true","1585","86.34248263828756","105","true"
"1586","46.9389465723182","15","true","1586","93.96489298244897","55","true","1586","86.34296476063902","105","true"
"1587","46.937299832695246","15","true","1587","93.96522846926332","55","true","1587","86.34344631262474","105","true"
"1588","46.93565504121655","15","true","1588","93.96556355918632","55","true","1588","86.34392729491945","105","true"
"1589","46.9340121955774","15","true","1589","93.96589825268751","55","true","1589","86.34440770819712","105","true"
"1590","46.93237129347582","15","true","1590","93.96623255023587","55","true","1590","86.34488755313093","105","true"
"1591","46.93073233261252","15","true","1591","93.9665664522998","55","true","1591","86.34536683039325","105","true"
"1592","46.929095310690975","15","true","1592","93.9668999593472","55","true","1592","86.34584554065562","105","true"
"1593","46.92746022541734","15","true","1593","93.96723307184538","55","true","1593","86.34632368458884","105","true"
"1594","46.92582707450052","15","true","1594","93.96756579026109","55","true","1594","86.34680126286291","105","true"
"1595","46.924195855652094","15","true","1595","93.96789811506056","55","true","1595","86.347278276147","105","true"
"1596","46.922566566586376","15","true","1596","93.96823004670944","55","true","1596","86.34775472510951","105","true"
"1597","46.92093920502037","15","true","1597","93.96856158567283","55","true","1597","86.34823061041807","105","true"
"1598","46.919313768673774","15","true","1598","93.96889273241531","55","true","1598","86.34870593273948","105","true"
"1599","46.91769025526901","15","true","1599","93.96922348740088","55","true","1599","86.34918069273978","105","true"
"1600","46.91606866253116","15","true","1600","93.969553851093","55","true","1600","86.34965489108421","105","true"
"1601","46.91444898818803","15","true","1601","93.96988382395459","55","true","1601","86.35012852843724","105","true"
"1602","46.91283122997009","15","true","1602","93.970213406448","55","true","1602","86.35060160546253","105","true"
"1603","46.91121538561051","15","true","1603","93.97054259903504","55","true","1603","86.35107412282295","105","true"
"1604","46.90960145284514","15","true","1604","93.97087140217701","55","true","1604","86.35154608118063","105","true"
"1605","46.90798942941249","15","true","1605","93.97119981633463","55","true","1605","86.35201748119687","105","true"
"1606","46.90637931305377","15","true","1606","93.97152784196807","55","true","1606","86.3524883235322","105","true"
"1607","46.90477110151285","15","true","1607","93.97185547953696","55","true","1607","86.3529586088464","105","true"
"1608","46.90316479253627","15","true","1608","93.9721827295004","55","true","1608","86.3534283377984","105","true"
"1609","46.901560383873246","15","true","1609","93.97250959231695","55","true","1609","86.35389751104644","105","true"
"1610","46.89995787327564","15","true","1610","93.97283606844461","55","true","1610","86.35436612924791","105","true"
"1611","46.89835725849798","15","true","1611","93.97316215834084","55","true","1611","86.35483419305946","105","true"
"1612","46.89675853729745","15","true","1612","93.97348786246256","55","true","1612","86.35530170313693","105","true"
"1613","46.8951617074339","15","true","1613","93.97381318126617","55","true","1613","86.35576866013542","105","true"
"1614","46.893566766669814","15","true","1614","93.9741381152075","55","true","1614","86.35623506470924","105","true"
"1615","46.89197371277032","15","true","1615","93.97446266474185","55","true","1615","86.35670091751193","105","true"
"1616","46.89038254350321","15","true","1616","93.97478683032399","55","true","1616","86.35716621919623","105","true"
"1617","46.8887932566389","15","true","1617","93.97511061240816","55","true","1617","86.35763097041415","105","true"
"1618","46.887205849950455","15","true","1618","93.97543401144804","55","true","1618","86.35809517181691","105","true"
"1619","46.88562032121356","15","true","1619","93.97575702789678","55","true","1619","86.35855882405495","105","true"
"1620","46.88403666820654","15","true","1620","93.976079662207","55","true","1620","86.35902192777795","105","true"
"1621","46.882454888710356","15","true","1621","93.97640191483079","55","true","1621","86.35948448363483","105","true"
"1622","46.88087498050857","15","true","1622","93.97672378621968","55","true","1622","86.3599464922737","105","true"
"1623","46.87929694138741","15","true","1623","93.97704527682468","55","true","1623","86.360407954342","105","true"
"1624","46.87772076913567","15","true","1624","93.97736638709631","55","true","1624","86.36086887048627","105","true"
"1625","46.8761464615448","15","true","1625","93.97768711748446","55","true","1625","86.3613292413524","105","true"
"1626","46.874574016408836","15","true","1626","93.97800746843859","55","true","1626","86.36178906758545","105","true"
"1627","46.87300343152445","15","true","1627","93.97832744040755","55","true","1627","86.36224834982974","105","true"
"1628","46.8714347046909","15","true","1628","93.97864703383972","55","true","1628","86.36270708872884","105","true"
"1629","46.869867833710046","15","true","1629","93.9789662491829","55","true","1629","86.36316528492553","105","true"
"1630","46.86830281638637","15","true","1630","93.97928508688439","55","true","1630","86.36362293906186","105","true"
"1631","46.866739650526924","15","true","1631","93.97960354739094","55","true","1631","86.36408005177907","105","true"
"1632","46.86517833394138","15","true","1632","93.9799216311488","55","true","1632","86.36453662371771","105","true"
"1633","46.86361886444199","15","true","1633","93.98023933860367","55","true","1633","86.36499265551753","105","true"
"1634","46.86206123984358","15","true","1634","93.98055667020071","55","true","1634","86.36544814781753","105","true"
"1635","46.86050545796359","15","true","1635","93.9808736263846","55","true","1635","86.36590310125594","105","true"
"1636","46.858951516622014","15","true","1636","93.98119020759945","55","true","1636","86.36635751647027","105","true"
"1637","46.857399413641446","15","true","1637","93.98150641428886","55","true","1637","86.36681139409725","105","true"
"1638","46.85584914684705","15","true","1638","93.98182224689592","55","true","1638","86.36726473477286","105","true"
"1639","46.85430071406655","15","true","1639","93.98213770586315","55","true","1639","86.36771753913233","105","true"
"1640","46.85275411313025","15","true","1640","93.98245279163261","55","true","1640","86.36816980781013","105","true"
"1641","46.85120934187104","15","true","1641","93.98276750464578","55","true","1641","86.36862154144002","105","true"
"1642","46.84966639812434","15","true","1642","93.98308184534366","55","true","1642","86.36907274065494","105","true"
"1643","46.848125279728144","15","true","1643","93.98339581416671","55","true","1643","86.36952340608714","105","true"
"1644","46.84658598452302","15","true","1644","93.98370941155486","55","true","1644","86.3699735383681","105","true"
"1645","46.84504851035205","15","true","1645","93.98402263794753","55","true","1645","86.37042313812854","105","true"
"1646","46.84351285506092","15","true","1646","93.98433549378362","55","true","1646","86.37087220599848","105","true"
"1647","46.84197901649783","15","true","1647","93.98464797950152","55","true","1647","86.37132074260712","105","true"
"1648","46.84044699251353","15","true","1648","93.98496009553907","55","true","1648","86.37176874858301","105","true"
"1649","46.83891678096132","15","true","1649","93.98527184233363","55","true","1649","86.37221622455385","105","true"
"1650","46.83738837969703","15","true","1650","93.98558322032203","55","true","1650","86.3726631711467","105","true"
"1651","46.835861786579045","15","true","1651","93.98589422994057","55","true","1651","86.3731095889878","105","true"
"1652","46.83433699946826","15","true","1652","93.98620487162503","55","true","1652","86.3735554787027","105","true"
"1653","46.83281401622813","15","true","1653","93.98651514581073","55","true","1653","86.37400084091617","105","true"
"1654","46.8312928347246","15","true","1654","93.98682505293239","55","true","1654","86.37444567625226","105","true"
"1655","46.82977345282616","15","true","1655","93.98713459342427","55","true","1655","86.3748899853343","105","true"
"1656","46.828255868403836","15","true","1656","93.98744376772011","55","true","1656","86.37533376878487","105","true"
"1657","46.826740079331145","15","true","1657","93.98775257625313","55","true","1657","86.3757770272258","105","true"
"1658","46.82522608348415","15","true","1658","93.98806101945603","55","true","1658","86.37621976127816","105","true"
"1659","46.82371387874138","15","true","1659","93.98836909776102","55","true","1659","86.37666197156237","105","true"
"1660","46.82220346298393","15","true","1660","93.98867681159977","55","true","1660","86.37710365869803","105","true"
"1661","46.820694834095356","15","true","1661","93.98898416140348","55","true","1661","86.37754482330406","105","true"
"1662","46.81918798996175","15","true","1662","93.9892911476028","55","true","1662","86.37798546599862","105","true"
"1663","46.81768292847168","15","true","1663","93.98959777062788","55","true","1663","86.37842558739915","105","true"
"1664","46.816179647516236","15","true","1664","93.98990403090836","55","true","1664","86.37886518812235","105","true"
"1665","46.81467814498898","15","true","1665","93.9902099288734","55","true","1665","86.3793042687842","105","true"
"1666","46.81317841878598","15","true","1666","93.99051546495163","55","true","1666","86.37974282999996","105","true"
"1667","46.81168046680579","15","true","1667","93.99082063957114","55","true","1667","86.38018087238413","105","true"
"1668","46.81018428694944","15","true","1668","93.99112545315958","55","true","1668","86.38061839655053","105","true"
"1669","46.808689877120464","15","true","1669","93.99142990614406","55","true","1669","86.3810554031122","105","true"
"1670","46.80719723522486","15","true","1670","93.99173399895118","55","true","1670","86.38149189268151","105","true"
"1671","46.80570635917111","15","true","1671","93.99203773200702","55","true","1671","86.38192786587005","105","true"
"1672","46.80421724687017","15","true","1672","93.99234110573721","55","true","1672","86.38236332328874","105","true"
"1673","46.80272989623545","15","true","1673","93.99264412056682","55","true","1673","86.38279826554775","105","true"
"1674","46.80124430518286","15","true","1674","93.99294677692045","55","true","1674","86.3832326932565","105","true"
"1675","46.79976047163076","15","true","1675","93.9932490752222","55","true","1675","86.38366660702376","105","true"
"1676","46.79827839349996","15","true","1676","93.99355101589562","55","true","1676","86.3841000074575","105","true"
"1677","46.796798068713755","15","true","1677","93.99385259936383","55","true","1677","86.38453289516505","105","true"
"1678","46.79531949519787","15","true","1678","93.99415382604941","55","true","1678","86.38496527075294","105","true"
"1679","46.793842670880515","15","true","1679","93.99445469637443","55","true","1679","86.38539713482706","105","true"
"1680","46.79236759369232","15","true","1680","93.9947552107605","55","true","1680","86.38582848799251","105","true"
"1681","46.79089426156638","15","true","1681","93.99505536962867","55","true","1681","86.38625933085375","105","true"
"1682","46.789422672438235","15","true","1682","93.99535517339957","55","true","1682","86.38668966401445","105","true"
"1683","46.78795282424586","15","true","1683","93.99565462249326","55","true","1683","86.38711948807763","105","true"
"1684","46.78648471492968","15","true","1684","93.99595371732936","55","true","1684","86.38754880364554","105","true"
"1685","46.785018342432544","15","true","1685","93.99625245832694","55","true","1685","86.38797761131978","105","true"
"1686","46.78355370469974","15","true","1686","93.99655084590461","55","true","1686","86.38840591170118","105","true"
"1687","46.782090799679","15","true","1687","93.99684888048048","55","true","1687","86.38883370538989","105","true"
"1688","46.78062962532045","15","true","1688","93.99714656247218","55","true","1688","86.38926099298533","105","true"
"1689","46.77917017957668","15","true","1689","93.99744389229681","55","true","1689","86.38968777508624","105","true"
"1690","46.77771246040268","15","true","1690","93.99774087037099","55","true","1690","86.39011405229066","105","true"
"1691","46.77625646575587","15","true","1691","93.99803749711086","55","true","1691","86.39053982519584","105","true"
"1692","46.774802193596074","15","true","1692","93.99833377293207","55","true","1692","86.39096509439842","105","true"
"1693","46.77334964188554","15","true","1693","93.99862969824974","55","true","1693","86.39138986049429","105","true"
"1694","46.771898808588915","15","true","1694","93.99892527347855","55","true","1694","86.39181412407864","105","true"
"1695","46.770449691673264","15","true","1695","93.99922049903266","55","true","1695","86.39223788574594","105","true"
"1696","46.76900228910806","15","true","1696","93.99951537532573","55","true","1696","86.39266114609","105","true"
"1697","46.76755659886518","15","true","1697","93.99980990277098","55","true","1697","86.3930839057039","105","true"
"1698","46.766112618918875","15","true","1698","94.00010408178107","55","true","1698","86.39350616518001","105","true"
"1699","46.76467034724582","15","true","1699","94.00039791276825","55","true","1699","86.39392792510999","105","true"
"1700","46.763229781825075","15","true","1700","94.0006913961442","55","true","1700","86.39434918608485","105","true"
"1701","46.76179092063809","15","true","1701","94.00098453232019","55","true","1701","86.39476994869486","105","true"
"1702","46.76035376166871","15","true","1702","94.00127732170695","55","true","1702","86.39519021352959","105","true"
"1703","46.75891830290315","15","true","1703","94.00156976471474","55","true","1703","86.39560998117794","105","true"
"1704","46.75748454233001","15","true","1704","94.00186186175335","55","true","1704","86.39602925222808","105","true"
"1705","46.756052477940294","15","true","1705","94.00215361323207","55","true","1705","86.39644802726751","105","true"
"1706","46.75462210772735","15","true","1706","94.0024450195597","55","true","1706","86.39686630688301","105","true"
"1707","46.75319342968692","15","true","1707","94.00273608114456","55","true","1707","86.39728409166072","105","true"
"1708","46.7517664418171","15","true","1708","94.00302679839452","55","true","1708","86.39770138218601","105","true"
"1709","46.75034114211838","15","true","1709","94.0033171717169","55","true","1709","86.39811817904364","105","true"
"1710","46.748917528593594","15","true","1710","94.0036072015186","55","true","1710","86.39853448281758","105","true"
"1711","46.747495599247955","15","true","1711","94.00389688820601","55","true","1711","86.3989502940912","105","true"
"1712","46.74607535208901","15","true","1712","94.00418623218505","55","true","1712","86.39936561344712","105","true"
"1713","46.74465678512669","15","true","1713","94.00447523386116","55","true","1713","86.39978044146731","105","true"
"1714","46.74323989637327","15","true","1714","94.00476389363926","55","true","1714","86.40019477873304","105","true"
"1715","46.741824683843376","15","true","1715","94.00505221192388","55","true","1715","86.40060862582487","105","true"
"1716","46.740411145553985","15","true","1716","94.00534018911898","55","true","1716","86.4010219833227","105","true"
"1717","46.738999279524414","15","true","1717","94.00562782562808","55","true","1717","86.40143485180576","105","true"
"1718","46.73758908377633","15","true","1718","94.00591512185424","55","true","1718","86.40184723185253","105","true"
"1719","46.736180556333736","15","true","1719","94.00620207820002","55","true","1719","86.40225912404085","105","true"
"1720","46.73477369522298","15","true","1720","94.00648869506749","55","true","1720","86.4026705289479","105","true"
"1721","46.73336849847273","15","true","1721","94.0067749728583","55","true","1721","86.40308144715011","105","true"
"1722","46.731964964114","15","true","1722","94.00706091197355","55","true","1722","86.40349187922331","105","true"
"1723","46.730563090180134","15","true","1723","94.00734651281392","55","true","1723","86.40390182574258","105","true"
"1724","46.729162874706795","15","true","1724","94.00763177577961","55","true","1724","86.40431128728234","105","true"
"1725","46.72776431573197","15","true","1725","94.00791670127033","55","true","1725","86.40472026441635","105","true"
"1726","46.72636741129597","15","true","1726","94.00820128968532","55","true","1726","86.40512875771768","105","true"
"1727","46.72497215944143","15","true","1727","94.00848554142334","55","true","1727","86.4055367677587","105","true"
"1728","46.72357855821328","15","true","1728","94.0087694568827","55","true","1728","86.40594429511114","105","true"
"1729","46.7221866056588","15","true","1729","94.00905303646124","55","true","1729","86.40635134034602","105","true"
"1730","46.72079629982754","15","true","1730","94.0093362805563","55","true","1730","86.40675790403373","105","true"
"1731","46.71940763877138","15","true","1731","94.00961918956477","55","true","1731","86.40716398674391","105","true"
"1732","46.7180206205445","15","true","1732","94.00990176388308","55","true","1732","86.40756958904561","105","true"
"1733","46.716635243203385","15","true","1733","94.01018400390717","55","true","1733","86.40797471150715","105","true"
"1734","46.715251504806815","15","true","1734","94.01046591003252","55","true","1734","86.40837935469621","105","true"
"1735","46.713869403415856","15","true","1735","94.01074748265414","55","true","1735","86.40878351917976","105","true"
"1736","46.712488937093894","15","true","1736","94.01102872216659","55","true","1736","86.40918720552415","105","true"
"1737","46.71111010390659","15","true","1737","94.01130962896391","55","true","1737","86.40959041429502","105","true"
"1738","46.70973290192189","15","true","1738","94.01159020343977","55","true","1738","86.40999314605735","105","true"
"1739","46.70835732921003","15","true","1739","94.01187044598727","55","true","1739","86.41039540137547","105","true"
"1740","46.70698338384353","15","true","1740","94.01215035699911","55","true","1740","86.410797180813","105","true"
"1741","46.705611063897194","15","true","1741","94.0124299368675","55","true","1741","86.41119848493297","105","true"
"1742","46.704240367448094","15","true","1742","94.0127091859842","55","true","1742","86.41159931429765","105","true"
"1743","46.70287129257559","15","true","1743","94.01298810474051","55","true","1743","86.41199966946871","105","true"
"1744","46.701503837361294","15","true","1744","94.01326669352724","55","true","1744","86.41239955100714","105","true"
"1745","46.70013799988911","15","true","1745","94.01354495273476","55","true","1745","86.41279895947325","105","true"
"1746","46.69877377824519","15","true","1746","94.01382288275296","55","true","1746","86.4131978954267","105","true"
"1747","46.697411170517974","15","true","1747","94.0141004839713","55","true","1747","86.41359635942649","105","true"
"1748","46.69605017479813","15","true","1748","94.01437775677876","55","true","1748","86.41399435203097","105","true"
"1749","46.694690789178615","15","true","1749","94.01465470156384","55","true","1749","86.4143918737978","105","true"
"1750","46.69333301175463","15","true","1750","94.01493131871462","55","true","1750","86.414788925284","105","true"
"1751","46.691976840623624","15","true","1751","94.01520760861868","55","true","1751","86.41518550704592","105","true"
"1752","46.6906222738853","15","true","1752","94.0154835716632","55","true","1752","86.41558161963925","105","true"
"1753","46.689269309641624","15","true","1753","94.01575920823483","55","true","1753","86.41597726361907","105","true"
"1754","46.68791794599679","15","true","1754","94.01603451871982","55","true","1754","86.41637243953973","105","true"
"1755","46.686568181057226","15","true","1755","94.01630950350392","55","true","1755","86.41676714795497","105","true"
"1756","46.68522001293163","15","true","1756","94.01658416297246","55","true","1756","86.41716138941786","105","true"
"1757","46.683873439730924","15","true","1757","94.0168584975103","55","true","1757","86.41755516448082","105","true"
"1758","46.682528459568246","15","true","1758","94.01713250750184","55","true","1758","86.41794847369562","105","true"
"1759","46.68118507055899","15","true","1759","94.01740619333101","55","true","1759","86.41834131761335","105","true"
"1760","46.679843270820776","15","true","1760","94.01767955538133","55","true","1760","86.41873369678451","105","true"
"1761","46.67850305847344","15","true","1761","94.01795259403583","55","true","1761","86.41912561175889","105","true"
"1762","46.677164431639056","15","true","1762","94.0182253096771","55","true","1762","86.41951706308564","105","true"
"1763","46.67582738844191","15","true","1763","94.01849770268727","55","true","1763","86.41990805131327","105","true"
"1764","46.6744919270085","15","true","1764","94.01876977344803","55","true","1764","86.42029857698967","105","true"
"1765","46.673158045467574","15","true","1765","94.0190415223406","55","true","1765","86.42068864066202","105","true"
"1766","46.671825741950045","15","true","1766","94.01931294974577","55","true","1766","86.4210782428769","105","true"
"1767","46.67049501458908","15","true","1767","94.01958405604387","55","true","1767","86.42146738418022","105","true"
"1768","46.66916586152003","15","true","1768","94.01985484161476","55","true","1768","86.42185606511727","105","true"
"1769","46.66783828088045","15","true","1769","94.0201253068379","55","true","1769","86.42224428623265","105","true"
"1770","46.66651227081012","15","true","1770","94.02039545209225","55","true","1770","86.42263204807037","105","true"
"1771","46.665187829451","15","true","1771","94.02066527775635","55","true","1771","86.42301935117375","105","true"
"1772","46.663864954947265","15","true","1772","94.0209347842083","55","true","1772","86.42340619608551","105","true"
"1773","46.66254364544526","15","true","1773","94.0212039718257","55","true","1773","86.42379258334768","105","true"
"1774","46.66122389909356","15","true","1774","94.02147284098578","55","true","1774","86.42417851350169","105","true"
"1775","46.65990571404289","15","true","1775","94.02174139206527","55","true","1775","86.4245639870883","105","true"
"1776","46.65858908844619","15","true","1776","94.02200962544046","55","true","1776","86.42494900464766","105","true"
"1777","46.65727402045859","15","true","1777","94.02227754148721","55","true","1777","86.42533356671925","105","true"
"1778","46.655960508237364","15","true","1778","94.02254514058095","55","true","1778","86.42571767384193","105","true"
"1779","46.65464854994201","15","true","1779","94.02281242309661","55","true","1779","86.42610132655392","105","true"
"1780","46.65333814373418","15","true","1780","94.02307938940874","55","true","1780","86.42648452539281","105","true"
"1781","46.652029287777715","15","true","1781","94.0233460398914","55","true","1781","86.42686727089554","105","true"
"1782","46.65072198023861","15","true","1782","94.02361237491824","55","true","1782","86.42724956359841","105","true"
"1783","46.64941621928504","15","true","1783","94.02387839486245","55","true","1783","86.42763140403711","105","true"
"1784","46.64811200308734","15","true","1784","94.02414410009678","55","true","1784","86.42801279274669","105","true"
"1785","46.646809329818026","15","true","1785","94.02440949099353","55","true","1785","86.42839373026153","105","true"
"1786","46.645508197651765","15","true","1786","94.02467456792459","55","true","1786","86.42877421711543","105","true"
"1787","46.64420860476538","15","true","1787","94.0249393312614","55","true","1787","86.42915425384153","105","true"
"1788","46.642910549337856","15","true","1788","94.02520378137491","55","true","1788","86.42953384097235","105","true"
"1789","46.64161402955033","15","true","1789","94.02546791863571","55","true","1789","86.42991297903977","105","true"
"1790","46.640319043586096","15","true","1790","94.02573174341391","55","true","1790","86.43029166857505","105","true"
"1791","46.63902558963059","15","true","1791","94.02599525607917","55","true","1791","86.43066991010882","105","true"
"1792","46.6377336658714","15","true","1792","94.02625845700075","55","true","1792","86.43104770417106","105","true"
"1793","46.636443270498255","15","true","1793","94.02652134654744","55","true","1793","86.43142505129117","105","true"
"1794","46.635154401703026","15","true","1794","94.02678392508761","55","true","1794","86.43180195199788","105","true"
"1795","46.63386705767972","15","true","1795","94.02704619298919","55","true","1795","86.43217840681932","105","true"
"1796","46.632581236624496","15","true","1796","94.02730815061966","55","true","1796","86.43255441628298","105","true"
"1797","46.63129693673563","15","true","1797","94.02756979834611","55","true","1797","86.43292998091573","105","true"
"1798","46.63001415621353","15","true","1798","94.02783113653514","55","true","1798","86.43330510124382","105","true"
"1799","46.62873289326073","15","true","1799","94.02809216555296","55","true","1799","86.43367977779289","105","true"
"1800","46.62745314608192","15","true","1800","94.02835288576532","55","true","1800","86.43405401108792","105","true"
"1801","46.62617491288388","15","true","1801","94.02861329753755","55","true","1801","86.43442780165331","105","true"
"1802","46.62489819187552","15","true","1802","94.02887340123453","55","true","1802","86.43480115001282","105","true"
"1803","46.623622981267886","15","true","1803","94.02913319722074","55","true","1803","86.43517405668959","105","true"
"1804","46.62234927927411","15","true","1804","94.02939268586022","55","true","1804","86.43554652220615","105","true"
"1805","46.62107708410947","15","true","1805","94.02965186751655","55","true","1805","86.43591854708441","105","true"
"1806","46.61980639399133","15","true","1806","94.02991074255291","55","true","1806","86.43629013184564","105","true"
"1807","46.61853720713918","15","true","1807","94.03016931133205","55","true","1807","86.43666127701053","105","true"
"1808","46.617269521774595","15","true","1808","94.03042757421625","55","true","1808","86.43703198309913","105","true"
"1809","46.61600333612129","15","true","1809","94.03068553156741","55","true","1809","86.43740225063088","105","true"
"1810","46.614738648405044","15","true","1810","94.03094318374701","55","true","1810","86.4377720801246","105","true"
"1811","46.613475456853756","15","true","1811","94.03120053111606","55","true","1811","86.43814147209852","105","true"
"1812","46.61221375969742","15","true","1812","94.03145757403513","55","true","1812","86.43851042707024","105","true"
"1813","46.61095355516811","15","true","1813","94.03171431286444","55","true","1813","86.43887894555672","105","true"
"1814","46.60969484150001","15","true","1814","94.03197074796371","55","true","1814","86.43924702807436","105","true"
"1815","46.608437616929386","15","true","1815","94.03222687969229","55","true","1815","86.43961467513891","105","true"
"1816","46.607181879694586","15","true","1816","94.03248270840903","55","true","1816","86.43998188726555","105","true"
"1817","46.60592762803604","15","true","1817","94.03273823447245","55","true","1817","86.4403486649688","105","true"
"1818","46.604674860196276","15","true","1818","94.03299345824057","55","true","1818","86.44071500876258","105","true"
"1819","46.603423574419885","15","true","1819","94.03324838007103","55","true","1819","86.44108091916027","105","true"
"1820","46.602173768953534","15","true","1820","94.03350300032102","55","true","1820","86.44144639667455","105","true"
"1821","46.600925442045984","15","true","1821","94.03375731934732","55","true","1821","86.44181144181755","105","true"
"1822","46.59967859194804","15","true","1822","94.0340113375063","55","true","1822","86.44217605510077","105","true"
"1823","46.598433216912596","15","true","1823","94.03426505515388","55","true","1823","86.44254023703513","105","true"
"1824","46.59718931519461","15","true","1824","94.03451847264559","55","true","1824","86.44290398813092","105","true"
"1825","46.5959468850511","15","true","1825","94.0347715903365","55","true","1825","86.44326730889783","105","true"
"1826","46.59470592474114","15","true","1826","94.03502440858131","55","true","1826","86.44363019984496","105","true"
"1827","46.59346643252588","15","true","1827","94.03527692773424","55","true","1827","86.44399266148079","105","true"
"1828","46.59222840666852","15","true","1828","94.03552914814918","55","true","1828","86.44435469431322","105","true"
"1829","46.5909918454343","15","true","1829","94.0357810701795","55","true","1829","86.44471629884954","105","true"
"1830","46.58975674709054","15","true","1830","94.0360326941782","55","true","1830","86.44507747559642","105","true"
"1831","46.58852310990659","15","true","1831","94.03628402049789","55","true","1831","86.44543822505996","105","true"
"1832","46.58729093215384","15","true","1832","94.03653504949071","55","true","1832","86.44579854774565","105","true"
"1833","46.58606021210576","15","true","1833","94.0367857815084","55","true","1833","86.44615844415839","105","true"
"1834","46.584830948037826","15","true","1834","94.03703621690232","55","true","1834","86.44651791480246","105","true"
"1835","46.583603138227566","15","true","1835","94.03728635602336","55","true","1835","86.44687696018156","105","true"
"1836","46.582376780954554","15","true","1836","94.03753619922203","55","true","1836","86.44723558079879","105","true"
"1837","46.5811518745004","15","true","1837","94.03778574684843","55","true","1837","86.44759377715667","105","true"
"1838","46.57992841714872","15","true","1838","94.03803499925219","55","true","1838","86.4479515497571","105","true"
"1839","46.5787064071852","15","true","1839","94.0382839567826","55","true","1839","86.44830889910139","105","true"
"1840","46.577485842897524","15","true","1840","94.03853261978851","55","true","1840","86.44866582569028","105","true"
"1841","46.57626672257542","15","true","1841","94.03878098861834","55","true","1841","86.44902233002391","105","true"
"1842","46.57504904451062","15","true","1842","94.0390290636201","55","true","1842","86.44937841260179","105","true"
"1843","46.573832806996904","15","true","1843","94.03927684514142","55","true","1843","86.44973407392291","105","true"
"1844","46.57261800833004","15","true","1844","94.03952433352946","55","true","1844","86.4500893144856","105","true"
"1845","46.57140464680784","15","true","1845","94.03977152913104","55","true","1845","86.45044413478763","105","true"
"1846","46.57019272073011","15","true","1846","94.04001843229253","55","true","1846","86.45079853532621","105","true"
"1847","46.568982228398674","15","true","1847","94.04026504335988","55","true","1847","86.4511525165979","105","true"
"1848","46.56777316811737","15","true","1848","94.04051136267866","55","true","1848","86.45150607909873","105","true"
"1849","46.56656553819204","15","true","1849","94.04075739059401","55","true","1849","86.4518592233241","105","true"
"1850","46.56535933693052","15","true","1850","94.04100312745068","55","true","1850","86.45221194976887","105","true"
"1851","46.564154562642656","15","true","1851","94.041248573593","55","true","1851","86.45256425892727","105","true"
"1852","46.562951213640304","15","true","1852","94.04149372936487","55","true","1852","86.45291615129294","105","true"
"1853","46.5617492882373","15","true","1853","94.04173859510985","55","true","1853","86.453267627359","105","true"
"1854","46.56054878474948","15","true","1854","94.04198317117101","55","true","1854","86.45361868761792","105","true"
"1855","46.559349701494675","15","true","1855","94.04222745789109","55","true","1855","86.45396933256161","105","true"
"1856","46.55815203679271","15","true","1856","94.04247145561236","55","true","1856","86.45431956268143","105","true"
"1857","46.556955788965396","15","true","1857","94.04271516467672","55","true","1857","86.4546693784681","105","true"
"1858","46.55576095633651","15","true","1858","94.04295858542567","55","true","1858","86.4550187804118","105","true"
"1859","46.55456753723184","15","true","1859","94.0432017182003","55","true","1859","86.45536776900212","105","true"
"1860","46.55337552997914","15","true","1860","94.04344456334127","55","true","1860","86.45571634472806","105","true"
"1861","46.55218493290815","15","true","1861","94.04368712118888","55","true","1861","86.45606450807807","105","true"
"1862","46.55099574435057","15","true","1862","94.04392939208302","55","true","1862","86.45641225953999","105","true"
"1863","46.5498079626401","15","true","1863","94.04417137636312","55","true","1863","86.4567595996011","105","true"
"1864","46.54862158611238","15","true","1864","94.0444130743683","55","true","1864","86.4571065287481","105","true"
"1865","46.547436613105056","15","true","1865","94.04465448643721","55","true","1865","86.45745304746711","105","true"
"1866","46.54625304195769","15","true","1866","94.0448956129081","55","true","1866","86.45779915624368","105","true"
"1867","46.545070871011866","15","true","1867","94.04513645411889","55","true","1867","86.45814485556281","105","true"
"1868","46.54389009861109","15","true","1868","94.04537701040702","55","true","1868","86.45849014590885","105","true"
"1869","46.54271072310083","15","true","1869","94.04561728210957","55","true","1869","86.45883502776567","105","true"
"1870","46.54153274282854","15","true","1870","94.04585726956321","55","true","1870","86.4591795016165","105","true"
"1871","46.5403561561436","15","true","1871","94.04609697310423","55","true","1871","86.45952356794405","105","true"
"1872","46.53918096139735","15","true","1872","94.04633639306847","55","true","1872","86.45986722723042","105","true"
"1873","46.53800715694309","15","true","1873","94.04657552979145","55","true","1873","86.46021047995714","105","true"
"1874","46.53683474113606","15","true","1874","94.04681438360824","55","true","1874","86.4605533266052","105","true"
"1875","46.535663712333445","15","true","1875","94.04705295485353","55","true","1875","86.46089576765499","105","true"
"1876","46.53449406889437","15","true","1876","94.0472912438616","55","true","1876","86.46123780358636","105","true"
"1877","46.53332580917992","15","true","1877","94.04752925096635","55","true","1877","86.46157943487856","105","true"
"1878","46.53215893155309","15","true","1878","94.04776697650128","55","true","1878","86.46192066201031","105","true"
"1879","46.53099343437884","15","true","1879","94.0480044207995","55","true","1879","86.46226148545973","105","true"
"1880","46.529829316024056","15","true","1880","94.04824158419372","55","true","1880","86.4626019057044","105","true"
"1881","46.52866657485753","15","true","1881","94.04847846701627","55","true","1881","86.46294192322132","105","true"
"1882","46.52750520925003","15","true","1882","94.04871506959904","55","true","1882","86.46328153848692","105","true"
"1883","46.52634521757421","15","true","1883","94.04895139227361","55","true","1883","86.46362075197709","105","true"
"1884","46.52518659820467","15","true","1884","94.04918743537108","55","true","1884","86.46395956416713","105","true"
"1885","46.52402934951793","15","true","1885","94.04942319922222","55","true","1885","86.4642979755318","105","true"
"1886","46.52287346989243","15","true","1886","94.04965868415736","55","true","1886","86.46463598654529","105","true"
"1887","46.52171895770853","15","true","1887","94.04989389050651","55","true","1887","86.46497359768121","105","true"
"1888","46.5205658113485","15","true","1888","94.05012881859922","55","true","1888","86.46531080941266","105","true"
"1889","46.519414029196525","15","true","1889","94.05036346876469","55","true","1889","86.46564762221212","105","true"
"1890","46.518263609638716","15","true","1890","94.0505978413317","55","true","1890","86.46598403655153","105","true"
"1891","46.517114551063074","15","true","1891","94.05083193662864","55","true","1891","86.46632005290232","105","true"
"1892","46.51596685185951","15","true","1892","94.05106575498358","55","true","1892","86.4666556717353","105","true"
"1893","46.51482051041985","15","true","1893","94.05129929672411","55","true","1893","86.46699089352074","105","true"
"1894","46.51367552513782","15","true","1894","94.0515325621775","55","true","1894","86.46732571872838","105","true"
"1895","46.51253189440904","15","true","1895","94.05176555167057","55","true","1895","86.46766014782736","105","true"
"1896","46.51138961663103","15","true","1896","94.05199826552983","55","true","1896","86.4679941812863","105","true"
"1897","46.510248690203206","15","true","1897","94.05223070408135","55","true","1897","86.46832781957325","105","true"
"1898","46.50910911352689","15","true","1898","94.05246286765082","55","true","1898","86.46866106315572","105","true"
"1899","46.507970885005264","15","true","1899","94.05269475656355","55","true","1899","86.46899391250065","105","true"
"1900","46.50683400304344","15","true","1900","94.05292637114448","55","true","1900","86.46932636807445","105","true"
"1901","46.50569846604838","15","true","1901","94.05315771171814","55","true","1901","86.46965843034295","105","true"
"1902","46.50456427242895","15","true","1902","94.0533887786087","55","true","1902","86.46999009977144","105","true"
"1903","46.5034314205959","15","true","1903","94.05361957213994","55","true","1903","86.47032137682466","105","true"
"1904","46.50229990896185","15","true","1904","94.05385009263524","55","true","1904","86.4706522619668","105","true"
"1905","46.50116973594131","15","true","1905","94.05408034041761","55","true","1905","86.47098275566152","105","true"
"1906","46.50004089995065","15","true","1906","94.05431031580969","55","true","1906","86.47131285837192","105","true"
"1907","46.498913399408124","15","true","1907","94.05454001913371","55","true","1907","86.47164257056052","105","true"
"1908","46.49778723273386","15","true","1908","94.05476945071155","55","true","1908","86.47197189268934","105","true"
"1909","46.49666239834984","15","true","1909","94.05499861086469","55","true","1909","86.47230082521982","105","true"
"1910","46.49553889467994","15","true","1910","94.05522749991421","55","true","1910","86.47262936861286","105","true"
"1911","46.49441672014987","15","true","1911","94.05545611818087","55","true","1911","86.47295752332884","105","true"
"1912","46.493295873187215","15","true","1912","94.05568446598501","55","true","1912","86.47328528982757","105","true"
"1913","46.492176352221435","15","true","1913","94.05591254364657","55","true","1913","86.47361266856834","105","true"
"1914","46.49105815568382","15","true","1914","94.05614035148517","55","true","1914","86.47393966000985","105","true"
"1915","46.489941282007536","15","true","1915","94.05636788981998","55","true","1915","86.47426626461029","105","true"
"1916","46.4888257296276","15","true","1916","94.05659515896987","55","true","1916","86.47459248282733","105","true"
"1917","46.48771149698087","15","true","1917","94.05682215925327","55","true","1917","86.47491831511805","105","true"
"1918","46.48659858250606","15","true","1918","94.05704889098827","55","true","1918","86.47524376193903","105","true"
"1919","46.48548698464375","15","true","1919","94.05727535449256","55","true","1919","86.47556882374627","105","true"
"1920","46.484376701836325","15","true","1920","94.05750155008347","55","true","1920","86.47589350099528","105","true"
"1921","46.48326773252804","15","true","1921","94.05772747807795","55","true","1921","86.476217794141","105","true"
"1922","46.48216007516499","15","true","1922","94.05795313879258","55","true","1922","86.47654170363782","105","true"
"1923","46.4810537281951","15","true","1923","94.05817853254356","55","true","1923","86.47686522993962","105","true"
"1924","46.47994869006813","15","true","1924","94.0584036596467","55","true","1924","86.47718837349971","105","true"
"1925","46.47884495923568","15","true","1925","94.05862852041749","55","true","1925","86.47751113477092","105","true"
"1926","46.47774253415118","15","true","1926","94.05885311517096","55","true","1926","86.4778335142055","105","true"
"1927","46.476641413269896","15","true","1927","94.05907744422184","55","true","1927","86.47815551225516","105","true"
"1928","46.47554159504891","15","true","1928","94.05930150788448","55","true","1928","86.4784771293711","105","true"
"1929","46.47444307794713","15","true","1929","94.05952530647282","55","true","1929","86.47879836600397","105","true"
"1930","46.4733458604253","15","true","1930","94.05974884030047","55","true","1930","86.4791192226039","105","true"
"1931","46.47224994094597","15","true","1931","94.05997210968063","55","true","1931","86.47943969962049","105","true"
"1932","46.47115531797352","15","true","1932","94.06019511492617","55","true","1932","86.47975979750277","105","true"
"1933","46.470061989974134","15","true","1933","94.06041785634955","55","true","1933","86.48007951669929","105","true"
"1934","46.46896995541582","15","true","1934","94.06064033426289","55","true","1934","86.48039885765805","105","true"
"1935","46.46787921276841","15","true","1935","94.06086254897794","55","true","1935","86.4807178208265","105","true"
"1936","46.466789760503524","15","true","1936","94.06108450080605","55","true","1936","86.4810364066516","105","true"
"1937","46.46570159709459","15","true","1937","94.06130619005823","55","true","1937","86.48135461557973","105","true"
"1938","46.464614721016865","15","true","1938","94.06152761704513","55","true","1938","86.4816724480568","105","true"
"1939","46.463529130747396","15","true","1939","94.06174878207699","55","true","1939","86.48198990452815","105","true"
"1940","46.46244482476502","15","true","1940","94.06196968546375","55","true","1940","86.48230698543861","105","true"
"1941","46.461361801550396","15","true","1941","94.06219032751491","55","true","1941","86.48262369123246","105","true"
"1942","46.46028005958597","15","true","1942","94.06241070853966","55","true","1942","86.48294002235352","105","true"
"1943","46.459199597355976","15","true","1943","94.06263082884679","55","true","1943","86.48325597924499","105","true"
"1944","46.45812041334645","15","true","1944","94.06285068874475","55","true","1944","86.48357156234962","105","true"
"1945","46.45704250604522","15","true","1945","94.06307028854158","55","true","1945","86.48388677210961","105","true"
"1946","46.4559658739419","15","true","1946","94.06328962854504","55","true","1946","86.48420160896663","105","true"
"1947","46.45489051552789","15","true","1947","94.06350870906242","55","true","1947","86.48451607336185","105","true"
"1948","46.45381642929638","15","true","1948","94.06372753040074","55","true","1948","86.4848301657359","105","true"
"1949","46.452743613742335","15","true","1949","94.0639460928666","55","true","1949","86.48514388652887","105","true"
"1950","46.4516720673625","15","true","1950","94.06416439676624","55","true","1950","86.4854572361804","105","true"
"1951","46.45060178865541","15","true","1951","94.06438244240559","55","true","1951","86.4857702151295","105","true"
"1952","46.44953277612136","15","true","1952","94.06460023009014","55","true","1952","86.48608282381478","105","true"
"1953","46.44846502826244","15","true","1953","94.06481776012508","55","true","1953","86.48639506267425","105","true"
"1954","46.44739854358249","15","true","1954","94.06503503281522","55","true","1954","86.48670693214541","105","true"
"1955","46.44633332058713","15","true","1955","94.065252048465","55","true","1955","86.48701843266528","105","true"
"1956","46.44526935778375","15","true","1956","94.0654688073785","55","true","1956","86.48732956467033","105","true"
"1957","46.444206653681505","15","true","1957","94.06568530985946","55","true","1957","86.48764032859653","105","true"
"1958","46.443145206791314","15","true","1958","94.06590155621124","55","true","1958","86.48795072487933","105","true"
"1959","46.44208501562586","15","true","1959","94.06611754673685","55","true","1959","86.48826075395365","105","true"
"1960","46.441026078699565","15","true","1960","94.06633328173893","55","true","1960","86.48857041625392","105","true"
"1961","46.439968394528634","15","true","1961","94.06654876151981","55","true","1961","86.48887971221406","105","true"
"1962","46.43891196163103","15","true","1962","94.06676398638137","55","true","1962","86.48918864226742","105","true"
"1963","46.43785677852644","15","true","1963","94.06697895662523","55","true","1963","86.48949720684692","105","true"
"1964","46.436802843736324","15","true","1964","94.0671936725526","55","true","1964","86.48980540638492","105","true"
"1965","46.43575015578389","15","true","1965","94.06740813446433","55","true","1965","86.49011324131325","105","true"
"1966","46.4346987131941","15","true","1966","94.06762234266095","55","true","1966","86.49042071206328","105","true"
"1967","46.43364851449363","15","true","1967","94.0678362974426","55","true","1967","86.49072781906584","105","true"
"1968","46.432599558210946","15","true","1968","94.06804999910906","55","true","1968","86.49103456275125","105","true"
"1969","46.4315518428762","15","true","1969","94.06826344795982","55","true","1969","86.49134094354933","105","true"
"1970","46.43050536702134","15","true","1970","94.06847664429392","55","true","1970","86.49164696188937","105","true"
"1971","46.42946012918","15","true","1971","94.06868958841014","55","true","1971","86.4919526182002","105","true"
"1972","46.42841612788759","15","true","1972","94.06890228060682","55","true","1972","86.49225791291008","105","true"
"1973","46.42737336168122","15","true","1973","94.069114721182","55","true","1973","86.49256284644682","105","true"
"1974","46.426331829099745","15","true","1974","94.06932691043338","55","true","1974","86.49286741923768","105","true"
"1975","46.42529152868376","15","true","1975","94.06953884865827","55","true","1975","86.49317163170944","105","true"
"1976","46.424252458975566","15","true","1976","94.06975053615362","55","true","1976","86.49347548428838","105","true"
"1977","46.4232146185192","15","true","1977","94.06996197321608","55","true","1977","86.49377897740025","105","true"
"1978","46.42217800586041","15","true","1978","94.0701731601419","55","true","1978","86.49408211147032","105","true"
"1979","46.42114261954669","15","true","1979","94.07038409722703","55","true","1979","86.49438488692334","105","true"
"1980","46.420108458127224","15","true","1980","94.07059478476701","55","true","1980","86.49468730418357","105","true"
"1981","46.41907552015293","15","true","1981","94.07080522305706","55","true","1981","86.49498936367476","105","true"
"1982","46.41804380417643","15","true","1982","94.07101541239207","55","true","1982","86.49529106582017","105","true"
"1983","46.41701330875206","15","true","1983","94.07122535306654","55","true","1983","86.49559241104254","105","true"
"1984","46.41598403243588","15","true","1984","94.07143504537466","55","true","1984","86.49589339976413","105","true"
"1985","46.41495597378563","15","true","1985","94.07164448961024","55","true","1985","86.49619403240669","105","true"
"1986","46.41392913136079","15","true","1986","94.07185368606677","55","true","1986","86.49649430939147","105","true"
"1987","46.41290350372252","15","true","1987","94.07206263503738","55","true","1987","86.49679423113922","105","true"
"1988","46.41187908943369","15","true","1988","94.07227133681485","55","true","1988","86.4970937980702","105","true"
"1989","46.410855887058865","15","true","1989","94.07247979169162","55","true","1989","86.49739301060417","105","true"
"1990","46.40983389516432","15","true","1990","94.07268799995977","55","true","1990","86.49769186916039","105","true"
"1991","46.40881311231802","15","true","1991","94.07289596191106","55","true","1991","86.49799037415764","105","true"
"1992","46.40779353708962","15","true","1992","94.07310367783688","55","true","1992","86.49828852601418","105","true"
"1993","46.406775168050466","15","true","1993","94.0733111480283","55","true","1993","86.49858632514778","105","true"
"1994","46.405758003773606","15","true","1994","94.07351837277601","55","true","1994","86.49888377197574","105","true"
"1995","46.40474204283377","15","true","1995","94.07372535237039","55","true","1995","86.49918086691483","105","true"
"1996","46.403727283807356","15","true","1996","94.07393208710147","55","true","1996","86.49947761038136","105","true"
"1997","46.402713725272484","15","true","1997","94.07413857725892","55","true","1997","86.49977400279111","105","true"
"1998","46.401701365808925","15","true","1998","94.07434482313208","55","true","1998","86.50007004455944","105","true"
"1999","46.400690203998145","15","true","1999","94.07455082500995","55","true","1999","86.50036573610112","105","true"
"2000","46.39968023842328","15","true","2000","94.07475658318118","55","true","2000","86.50066107783049","105","true"
"2001","46.398671467669146","15","true","2001","94.07496209793409","55","true","2001","86.5009560701614","105","true"
"2002","46.39766389032223","15","true","2002","94.07516736955665","55","true","2002","86.50125071350719","105","true"
"2003","46.3966575049707","15","true","2003","94.07537239833648","55","true","2003","86.50154500828073","105","true"
"2004","46.39565231020438","15","true","2004","94.07557718456088","55","true","2004","86.5018389548944","105","true"
"2005","46.39464830461478","15","true","2005","94.0757817285168","55","true","2005","86.50213255376005","105","true"
"2006","46.393645486795066","15","true","2006","94.07598603049085","55","true","2006","86.5024258052891","105","true"
"2007","46.39264385534007","15","true","2007","94.0761900907693","55","true","2007","86.50271870989248","105","true"
"2008","46.39164340884627","15","true","2008","94.07639390963809","55","true","2008","86.50301126798057","105","true"
"2009","46.390644145911835","15","true","2009","94.0765974873828","55","true","2009","86.50330347996334","105","true"
"2010","46.38964606513658","15","true","2010","94.0768008242887","55","true","2010","86.50359534625022","105","true"
"2011","46.38864916512196","15","true","2011","94.0770039206407","55","true","2011","86.5038868672502","105","true"
"2012","46.38765344447111","15","true","2012","94.07720677672341","55","true","2012","86.50417804337175","105","true"
"2013","46.386658901788806","15","true","2013","94.07740939282105","55","true","2013","86.5044688750229","105","true"
"2014","46.38566553568147","15","true","2014","94.07761176921753","55","true","2014","86.50475936261113","105","true"
"2015","46.384673344757175","15","true","2015","94.07781390619643","55","true","2015","86.5050495065435","105","true"
"2016","46.38368232762565","15","true","2016","94.07801580404099","55","true","2016","86.50533930722656","105","true"
"2017","46.38269248289825","15","true","2017","94.07821746303411","55","true","2017","86.50562876506639","105","true"
"2018","46.381703809188004","15","true","2018","94.07841888345837","55","true","2018","86.50591788046859","105","true"
"2019","46.38071630510954","15","true","2019","94.07862006559598","55","true","2019","86.50620665383825","105","true"
"2020","46.37972996927916","15","true","2020","94.07882100972886","55","true","2020","86.50649508558001","105","true"

"""Erosion curve of soil formation (soil depth)"""
"x min","x max","y min","y max","autoplot?","current pen","legend open?","number of pens"
"0","2190","159","227","true","""default""","false","1"

"pen name","pen down?","mode","interval","color","x"
"""default""","false","0","1","0","2020"

"""default"""
"x","y","color","pen down?"
"0","160.30764961170223","0","true"
"1","160.38574370353132","0","true"
"2","160.46374540761744","0","true"
"3","160.54165483325824","0","true"
"4","160.61947208962192","0","true"
"5","160.69719728574768","0","true"
"6","160.77483053054561","0","true"
"7","160.852371932797","0","true"
"8","160.92982160115446","0","true"
"9","161.00717964414204","0","true"
"10","161.08444617015536","0","true"
"11","161.1616212874619","0","true"
"12","161.23870510420102","0","true"
"13","161.3156977283841","0","true"
"14","161.39259926789475","0","true"
"15","161.469409830489","0","true"
"16","161.54612952379543","0","true"
"17","161.62275845531516","0","true"
"18","161.69929673242225","0","true"
"19","161.7757444623637","0","true"
"20","161.85210175225959","0","true"
"21","161.92836870910335","0","true"
"22","162.00454543976176","0","true"
"23","162.08063205097523","0","true"
"24","162.15662864935786","0","true"
"25","162.23253534139764","0","true"
"26","162.30835223345656","0","true"
"27","162.38407943177083","0","true"
"28","162.45971704245088","0","true"
"29","162.53526517148174","0","true"
"30","162.61072392472295","0","true"
"31","162.68609340790886","0","true"
"32","162.7613737266487","0","true"
"33","162.83656498642685","0","true"
"34","162.9116672926028","0","true"
"35","162.9866807504114","0","true"
"36","163.0616054649631","0","true"
"37","163.13644154124387","0","true"
"38","163.2111890841156","0","true"
"39","163.28584819831605","0","true"
"40","163.3604189884591","0","true"
"41","163.4349015590348","0","true"
"42","163.50929601440976","0","true"
"43","163.5836024588269","0","true"
"44","163.657820996406","0","true"
"45","163.73195173114354","0","true"
"46","163.80599476691302","0","true"
"47","163.87995020746507","0","true"
"48","163.95381815642756","0","true"
"49","164.02759871730578","0","true"
"50","164.1012919934825","0","true"
"51","164.1748980882183","0","true"
"52","164.24841710465148","0","true"
"53","164.32184914579844","0","true"
"54","164.39519431455363","0","true"
"55","164.4684527136898","0","true"
"56","164.5416244458581","0","true"
"57","164.61470961358827","0","true"
"58","164.68770831928873","0","true"
"59","164.76062066524673","0","true"
"60","164.83344675362858","0","true"
"61","164.90618668647966","0","true"
"62","164.97884056572462","0","true"
"63","165.05140849316757","0","true"
"64","165.1238905704922","0","true"
"65","165.19628689926185","0","true"
"66","165.2685975809197","0","true"
"67","165.340822716789","0","true"
"68","165.4129624080731","0","true"
"69","165.48501675585553","0","true"
"70","165.55698586110034","0","true"
"71","165.62886982465216","0","true"
"72","165.7006687472362","0","true"
"73","165.7723827294586","0","true"
"74","165.84401187180643","0","true"
"75","165.91555627464794","0","true"
"76","165.98701603823258","0","true"
"77","166.05839126269123","0","true"
"78","166.12968204803633","0","true"
"79","166.20088849416197","0","true"
"80","166.27201070084405","0","true"
"81","166.3430487677405","0","true"
"82","166.41400279439125","0","true"
"83","166.48487288021857","0","true"
"84","166.55565912452707","0","true"
"85","166.62636162650386","0","true"
"86","166.69698048521875","0","true"
"87","166.76751579962428","0","true"
"88","166.83796766855602","0","true"
"89","166.9083361907325","0","true"
"90","166.9786214647556","0","true"
"91","167.04882358911044","0","true"
"92","167.1189426621657","0","true"
"93","167.1889787821736","0","true"
"94","167.2589320472702","0","true"
"95","167.32880255547548","0","true"
"96","167.39859040469335","0","true"
"97","167.46829569271202","0","true"
"98","167.53791851720396","0","true"
"99","167.60745897572605","0","true"
"100","167.67691716571983","0","true"
"101","167.74629318451153","0","true"
"102","167.81558712931223","0","true"
"103","167.88479909721804","0","true"
"104","167.95392918521014","0","true"
"105","168.02297749015506","0","true"
"106","168.09194410880465","0","true"
"107","168.16082913779638","0","true"
"108","168.22963267365333","0","true"
"109","168.29835481278442","0","true"
"110","168.36699565148456","0","true"
"111","168.4355552859346","0","true"
"112","168.50403381220178","0","true"
"113","168.57243132623955","0","true"
"114","168.64074792388797","0","true"
"115","168.70898370087357","0","true"
"116","168.77713875280975","0","true"
"117","168.84521317519673","0","true"
"118","168.91320706342185","0","true"
"119","168.98112051275945","0","true"
"120","169.04895361837129","0","true"
"121","169.11670647530644","0","true"
"122","169.18437917850167","0","true"
"123","169.2519718227813","0","true"
"124","169.3194845028575","0","true"
"125","169.38691731333049","0","true"
"126","169.4542703486884","0","true"
"127","169.52154370330774","0","true"
"128","169.5887374714533","0","true"
"129","169.65585174727835","0","true"
"130","169.72288662482478","0","true"
"131","169.7898421980232","0","true"
"132","169.85671856069317","0","true"
"133","169.92351580654318","0","true"
"134","169.9902340291709","0","true"
"135","170.05687332206327","0","true"
"136","170.12343377859662","0","true"
"137","170.18991549203685","0","true"
"138","170.25631855553942","0","true"
"139","170.3226430621497","0","true"
"140","170.38888910480296","0","true"
"141","170.45505677632445","0","true"
"142","170.52114616942973","0","true"
"143","170.58715737672455","0","true"
"144","170.65309049070515","0","true"
"145","170.7189456037584","0","true"
"146","170.78472280816183","0","true"
"147","170.85042219608374","0","true"
"148","170.9160438595835","0","true"
"149","170.9815878906115","0","true"
"150","171.0470543810094","0","true"
"151","171.11244342251013","0","true"
"152","171.17775510673818","0","true"
"153","171.24298952520962","0","true"
"154","171.30814676933224","0","true"
"155","171.3732269304057","0","true"
"156","171.43823009962162","0","true"
"157","171.50315636806383","0","true"
"158","171.56800582670826","0","true"
"159","171.63277856642335","0","true"
"160","171.69747467796995","0","true"
"161","171.7620942520016","0","true"
"162","171.82663737906455","0","true"
"163","171.89110414959794","0","true"
"164","171.95549465393393","0","true"
"165","172.01980898229777","0","true"
"166","172.08404722480807","0","true"
"167","172.14820947147675","0","true"
"168","172.21229581220922","0","true"
"169","172.27630633680462","0","true"
"170","172.34024113495573","0","true"
"171","172.40410029624934","0","true"
"172","172.46788391016622","0","true"
"173","172.53159206608126","0","true"
"174","172.5952248532636","0","true"
"175","172.6587823608768","0","true"
"176","172.72226467797898","0","true"
"177","172.78567189352282","0","true"
"178","172.84900409635583","0","true"
"179","172.9122613752203","0","true"
"180","172.97544381875375","0","true"
"181","173.0385515154886","0","true"
"182","173.1015845538527","0","true"
"183","173.1645430221692","0","true"
"184","173.22742700865678","0","true"
"185","173.2902366014298","0","true"
"186","173.3529718884983","0","true"
"187","173.41563295776828","0","true"
"188","173.4782198970417","0","true"
"189","173.54073279401663","0","true"
"190","173.60317173628744","0","true"
"191","173.66553681134485","0","true"
"192","173.72782810657603","0","true"
"193","173.79004570926486","0","true"
"194","173.8521897065919","0","true"
"195","173.9142601856346","0","true"
"196","173.97625723336733","0","true"
"197","174.0381809366617","0","true"
"198","174.10003138228637","0","true"
"199","174.1618086569075","0","true"
"200","174.2235128470887","0","true"
"201","174.28514403929105","0","true"
"202","174.3467023198735","0","true"
"203","174.40818777509273","0","true"
"204","174.46960049110342","0","true"
"205","174.53094055395835","0","true"
"206","174.59220804960844","0","true"
"207","174.65340306390294","0","true"
"208","174.7145256825896","0","true"
"209","174.7755759913146","0","true"
"210","174.83655407562298","0","true"
"211","174.8974600209584","0","true"
"212","174.9582939126635","0","true"
"213","175.01905583598003","0","true"
"214","175.07974587604878","0","true"
"215","175.1403641179099","0","true"
"216","175.20091064650293","0","true"
"217","175.26138554666684","0","true"
"218","175.32178890314034","0","true"
"219","175.3821208005618","0","true"
"220","175.44238132346956","0","true"
"221","175.50257055630186","0","true"
"222","175.5626885833971","0","true"
"223","175.62273548899384","0","true"
"224","175.68271135723106","0","true"
"225","175.74261627214818","0","true"
"226","175.80245031768516","0","true"
"227","175.8622135776827","0","true"
"228","175.9219061358823","0","true"
"229","175.98152807592638","0","true"
"230","176.04107948135842","0","true"
"231","176.10056043562307","0","true"
"232","176.15997102206623","0","true"
"233","176.21931132393524","0","true"
"234","176.27858142437898","0","true"
"235","176.33778140644787","0","true"
"236","176.39691135309414","0","true"
"237","176.4559713471719","0","true"
"238","176.51496147143718","0","true"
"239","176.57388180854818","0","true"
"240","176.63273244106526","0","true"
"241","176.69151345145113","0","true"
"242","176.75022492207094","0","true"
"243","176.80886693519238","0","true"
"244","176.86743957298586","0","true"
"245","176.92594291752457","0","true"
"246","176.98437705078453","0","true"
"247","177.0427420546449","0","true"
"248","177.10103801088786","0","true"
"249","177.15926500119892","0","true"
"250","177.21742310716692","0","true"
"251","177.2755124102842","0","true"
"252","177.33353299194664","0","true"
"253","177.3914849334539","0","true"
"254","177.4493683160094","0","true"
"255","177.50718322072052","0","true"
"256","177.56492972859868","0","true"
"257","177.62260792055946","0","true"
"258","177.68021787742273","0","true"
"259","177.73775967991273","0","true"
"260","177.7952334086582","0","true"
"261","177.8526391441925","0","true"
"262","177.90997696695374","0","true"
"263","177.9672469572848","0","true"
"264","178.0244491954336","0","true"
"265","178.08158376155305","0","true"
"266","178.1386507357013","0","true"
"267","178.19565019784173","0","true"
"268","178.2525822278432","0","true"
"269","178.30944690547994","0","true"
"270","178.36624431043197","0","true"
"271","178.42297452228496","0","true"
"272","178.4796376205304","0","true"
"273","178.53623368456581","0","true"
"274","178.59276279369476","0","true"
"275","178.64922502712696","0","true"
"276","178.70562046397845","0","true"
"277","178.76194918327167","0","true"
"278","178.81821126393555","0","true"
"279","178.87440678480573","0","true"
"280","178.93053582462443","0","true"
"281","178.98659846204086","0","true"
"282","179.04259477561112","0","true"
"283","179.0985248437984","0","true"
"284","179.154388744973","0","true"
"285","179.2101865574126","0","true"
"286","179.26591835930225","0","true"
"287","179.32158422873442","0","true"
"288","179.3771842437093","0","true"
"289","179.4327184821348","0","true"
"290","179.48818702182655","0","true"
"291","179.54358994050827","0","true"
"292","179.59892731581164","0","true"
"293","179.65419922527644","0","true"
"294","179.7094057463509","0","true"
"295","179.7645469563915","0","true"
"296","179.8196229326632","0","true"
"297","179.8746337523396","0","true"
"298","179.92957949250294","0","true"
"299","179.98446023014438","0","true"
"300","180.03927604216386","0","true"
"301","180.09402700537046","0","true"
"302","180.14871319648233","0","true"
"303","180.20333469212687","0","true"
"304","180.25789156884085","0","true"
"305","180.31238390307044","0","true"
"306","180.36681177117146","0","true"
"307","180.42117524940932","0","true"
"308","180.47547441395923","0","true"
"309","180.5297093409063","0","true"
"310","180.5838801062456","0","true"
"311","180.6379867858823","0","true"
"312","180.69202945563183","0","true"
"313","180.74600819121983","0","true"
"314","180.79992306828242","0","true"
"315","180.85377416236625","0","true"
"316","180.90756154892853","0","true"
"317","180.9612853033373","0","true"
"318","181.01494550087128","0","true"
"319","181.06854221672035","0","true"
"320","181.12207552598522","0","true"
"321","181.1755455036779","0","true"
"322","181.22895222472164","0","true"
"323","181.28229576395097","0","true"
"324","181.335576196112","0","true"
"325","181.3887935958623","0","true"
"326","181.44194803777123","0","true"
"327","181.4950395963198","0","true"
"328","181.54806834590107","0","true"
"329","181.60103436081997","0","true"
"330","181.65393771529355","0","true"
"331","181.70677848345107","0","true"
"332","181.7595567393341","0","true"
"333","181.8122725568966","0","true"
"334","181.86492601000506","0","true"
"335","181.91751717243858","0","true"
"336","181.97004611788893","0","true"
"337","182.02251291996077","0","true"
"338","182.07491765217165","0","true"
"339","182.12726038795213","0","true"
"340","182.17954120064593","0","true"
"341","182.23176016351","0","true"
"342","182.2839173497146","0","true"
"343","182.33601283234344","0","true"
"344","182.3880466843938","0","true"
"345","182.44001897877655","0","true"
"346","182.49192978831633","0","true"
"347","182.54377918575162","0","true"
"348","182.59556724373488","0","true"
"349","182.64729403483253","0","true"
"350","182.69895963152527","0","true"
"351","182.75056410620795","0","true"
"352","182.80210753118985","0","true"
"353","182.8535899786946","0","true"
"354","182.90501152086054","0","true"
"355","182.9563722297405","0","true"
"356","183.00767217730223","0","true"
"357","183.05891143542817","0","true"
"358","183.1100900759159","0","true"
"359","183.16120817047792","0","true"
"360","183.21226579074198","0","true"
"361","183.26326300825104","0","true"
"362","183.31419989446346","0","true"
"363","183.36507652075298","0","true"
"364","183.41589295840905","0","true"
"365","183.46664927863665","0","true"
"366","183.51734555255658","0","true"
"367","183.56798185120547","0","true"
"368","183.61855824553598","0","true"
"369","183.66907480641677","0","true"
"370","183.71953160463266","0","true"
"371","183.76992871088473","0","true"
"372","183.82026619579045","0","true"
"373","183.87054412988374","0","true"
"374","183.92076258361504","0","true"
"375","183.97092162735152","0","true"
"376","184.021021331377","0","true"
"377","184.07106176589224","0","true"
"378","184.1210430010149","0","true"
"379","184.1709651067797","0","true"
"380","184.22082815313854","0","true"
"381","184.2706322099605","0","true"
"382","184.32037734703206","0","true"
"383","184.37006363405712","0","true"
"384","184.41969114065714","0","true"
"385","184.46925993637112","0","true"
"386","184.51877009065595","0","true"
"387","184.56822167288624","0","true"
"388","184.6176147523545","0","true"
"389","184.6669493982714","0","true"
"390","184.71622567976564","0","true"
"391","184.7654436658841","0","true"
"392","184.81460342559205","0","true"
"393","184.86370502777316","0","true"
"394","184.9127485412296","0","true"
"395","184.9617340346821","0","true"
"396","185.0106615767702","0","true"
"397","185.05953123605207","0","true"
"398","185.10834308100496","0","true"
"399","185.157097180025","0","true"
"400","185.20579360142742","0","true"
"401","185.2544324134466","0","true"
"402","185.3030136842363","0","true"
"403","185.35153748186957","0","true"
"404","185.40000387433892","0","true"
"405","185.44841292955647","0","true"
"406","185.49676471535395","0","true"
"407","185.5450592994829","0","true"
"408","185.5932967496146","0","true"
"409","185.64147713334046","0","true"
"410","185.68960051817174","0","true"
"411","185.73766697153994","0","true"
"412","185.78567656079673","0","true"
"413","185.83362935321415","0","true"
"414","185.8815254159846","0","true"
"415","185.92936481622107","0","true"
"416","185.97714762095706","0","true"
"417","186.0248738971468","0","true"
"418","186.07254371166533","0","true"
"419","186.1201571313086","0","true"
"420","186.16771422279345","0","true"
"421","186.2152150527579","0","true"
"422","186.26265968776107","0","true"
"423","186.3100481942833","0","true"
"424","186.35738063872637","0","true"
"425","186.40465708741348","0","true"
"426","186.45187760658933","0","true"
"427","186.4990422624203","0","true"
"428","186.5461511209944","0","true"
"429","186.5932042483216","0","true"
"430","186.64020171033366","0","true"
"431","186.6871435728844","0","true"
"432","186.7340299017497","0","true"
"433","186.78086076262764","0","true"
"434","186.82763622113856","0","true"
"435","186.87435634282525","0","true"
"436","186.92102119315282","0","true"
"437","186.96763083750906","0","true"
"438","187.01418534120435","0","true"
"439","187.06068476947178","0","true"
"440","187.1071291874673","0","true"
"441","187.1535186602698","0","true"
"442","187.19985325288116","0","true"
"443","187.24613303022633","0","true"
"444","187.29235805715348","0","true"
"445","187.33852839843405","0","true"
"446","187.38464411876288","0","true"
"447","187.43070528275828","0","true"
"448","187.47671195496204","0","true"
"449","187.52266419983968","0","true"
"450","187.56856208178044","0","true"
"451","187.6144056650973","0","true"
"452","187.6601950140273","0","true"
"453","187.70593019273136","0","true"
"454","187.75161126529457","0","true"
"455","187.79723829572615","0","true"
"456","187.84281134795964","0","true"
"457","187.88833048585295","0","true"
"458","187.93379577318842","0","true"
"459","187.9792072736729","0","true"
"460","188.02456505093795","0","true"
"461","188.06986916853978","0","true"
"462","188.11511968995947","0","true"
"463","188.16031667860295","0","true"
"464","188.2054601978012","0","true"
"465","188.25055031081018","0","true"
"466","188.29558708081112","0","true"
"467","188.34057057091044","0","true"
"468","188.38550084413995","0","true"
"469","188.43037796345683","0","true"
"470","188.47520199174383","0","true"
"471","188.5199729918093","0","true"
"472","188.56469102638727","0","true"
"473","188.60935615813756","0","true"
"474","188.65396844964584","0","true"
"475","188.6985279634238","0","true"
"476","188.74303476190914","0","true"
"477","188.78748890746564","0","true"
"478","188.83189046238343","0","true"
"479","188.8762394888788","0","true"
"480","188.92053604909458","0","true"
"481","188.96478020509994","0","true"
"482","189.00897201889077","0","true"
"483","189.05311155238948","0","true"
"484","189.0971988674453","0","true"
"485","189.14123402583428","0","true"
"486","189.18521708925937","0","true"
"487","189.22914811935055","0","true"
"488","189.27302717766491","0","true"
"489","189.3168543256866","0","true"
"490","189.36062962482717","0","true"
"491","189.40435313642544","0","true"
"492","189.44802492174767","0","true"
"493","189.4916450419877","0","true"
"494","189.5352135582669","0","true"
"495","189.57873053163436","0","true"
"496","189.62219602306698","0","true"
"497","189.66561009346947","0","true"
"498","189.7089728036745","0","true"
"499","189.7522842144428","0","true"
"500","189.79554438646318","0","true"
"501","189.83875338035273","0","true"
"502","189.8819112566567","0","true"
"503","189.92501807584884","0","true"
"504","189.96807389833128","0","true"
"505","190.01107878443472","0","true"
"506","190.05403279441848","0","true"
"507","190.0969359884706","0","true"
"508","190.1397884267079","0","true"
"509","190.18259016917608","0","true"
"510","190.22534127584987","0","true"
"511","190.26804180663294","0","true"
"512","190.31069182135812","0","true"
"513","190.35329137978755","0","true"
"514","190.39584054161256","0","true"
"515","190.4383393664539","0","true"
"516","190.48078791386183","0","true"
"517","190.52318624331605","0","true"
"518","190.565534414226","0","true"
"519","190.6078324859308","0","true"
"520","190.6500805176994","0","true"
"521","190.69227856873056","0","true"
"522","190.73442669815304","0","true"
"523","190.77652496502571","0","true"
"524","190.81857342833746","0","true"
"525","190.8605721470075","0","true"
"526","190.9025211798853","0","true"
"527","190.94442058575063","0","true"
"528","190.98627042331387","0","true"
"529","191.0280707512158","0","true"
"530","191.06982162802794","0","true"
"531","191.11152311225246","0","true"
"532","191.1531752623223","0","true"
"533","191.19477813660131","0","true"
"534","191.23633179338432","0","true"
"535","191.27783629089714","0","true"
"536","191.3192916872967","0","true"
"537","191.3606980406712","0","true"
"538","191.40205540903997","0","true"
"539","191.4433638503539","0","true"
"540","191.48462342249516","0","true"
"541","191.52583418327754","0","true"
"542","191.56699619044636","0","true"
"543","191.60810950167865","0","true"
"544","191.6491741745833","0","true"
"545","191.69019026670088","0","true"
"546","191.73115783550404","0","true"
"547","191.7720769383973","0","true"
"548","191.81294763271742","0","true"
"549","191.8537699757332","0","true"
"550","191.89454402464577","0","true"
"551","191.93526983658853","0","true"
"552","191.9759474686273","0","true"
"553","192.01657697776048","0","true"
"554","192.05715842091888","0","true"
"555","192.09769185496611","0","true"
"556","192.13817733669842","0","true"
"557","192.1786149228449","0","true"
"558","192.21900467006748","0","true"
"559","192.25934663496116","0","true"
"560","192.29964087405386","0","true"
"561","192.33988744380676","0","true"
"562","192.38008640061412","0","true"
"563","192.42023780080353","0","true"
"564","192.460341700636","0","true"
"565","192.5003981563059","0","true"
"566","192.54040722394114","0","true"
"567","192.58036895960328","0","true"
"568","192.6202834192875","0","true"
"569","192.66015065892273","0","true"
"570","192.6999707343718","0","true"
"571","192.73974370143137","0","true"
"572","192.77946961583214","0","true"
"573","192.81914853323892","0","true"
"574","192.85878050925055","0","true"
"575","192.8983655994002","0","true"
"576","192.9379038591553","0","true"
"577","192.97739534391766","0","true"
"578","193.01684010902358","0","true"
"579","193.0562382097438","0","true"
"580","193.0955897012838","0","true"
"581","193.1348946387837","0","true"
"582","193.17415307731835","0","true"
"583","193.2133650718975","0","true"
"584","193.25253067746573","0","true"
"585","193.29164994890277","0","true"
"586","193.33072294102328","0","true"
"587","193.3697497085772","0","true"
"588","193.40873030624954","0","true"
"589","193.44766478866077","0","true"
"590","193.48655321036665","0","true"
"591","193.5253956258585","0","true"
"592","193.564192089563","0","true"
"593","193.6029426558426","0","true"
"594","193.6416473789954","0","true"
"595","193.68030631325522","0","true"
"596","193.71891951279173","0","true"
"597","193.75748703171055","0","true"
"598","193.7960089240533","0","true"
"599","193.83448524379762","0","true"
"600","193.87291604485728","0","true"
"601","193.91130138108235","0","true"
"602","193.94964130625914","0","true"
"603","193.98793587411032","0","true"
"604","194.026185138295","0","true"
"605","194.06438915240886","0","true"
"606","194.10254796998416","0","true"
"607","194.14066164448974","0","true"
"608","194.17873022933134","0","true"
"609","194.21675377785138","0","true"
"610","194.25473234332924","0","true"
"611","194.2926659789813","0","true"
"612","194.3305547379609","0","true"
"613","194.36839867335857","0","true"
"614","194.40619783820196","0","true"
"615","194.44395228545608","0","true"
"616","194.48166206802318","0","true"
"617","194.51932723874305","0","true"
"618","194.55694785039282","0","true"
"619","194.5945239556873","0","true"
"620","194.6320556072789","0","true"
"621","194.66954285775768","0","true"
"622","194.7069857596516","0","true"
"623","194.74438436542638","0","true"
"624","194.78173872748573","0","true"
"625","194.81904889817133","0","true"
"626","194.856314929763","0","true"
"627","194.89353687447857","0","true"
"628","194.93071478447425","0","true"
"629","194.96784871184448","0","true"
"630","195.00493870862206","0","true"
"631","195.04198482677828","0","true"
"632","195.07898711822287","0","true"
"633","195.11594563480423","0","true"
"634","195.15286042830937","0","true"
"635","195.18973155046407","0","true"
"636","195.22655905293288","0","true"
"637","195.26334298731925","0","true"
"638","195.30008340516557","0","true"
"639","195.33678035795327","0","true"
"640","195.37343389710287","0","true"
"641","195.41004407397406","0","true"
"642","195.44661093986576","0","true"
"643","195.48313454601623","0","true"
"644","195.51961494360307","0","true"
"645","195.55605218374333","0","true"
"646","195.59244631749365","0","true"
"647","195.62879739585023","0","true"
"648","195.66510546974894","0","true"
"649","195.70137059006538","0","true"
"650","195.737592807615","0","true"
"651","195.77377217315305","0","true"
"652","195.80990873737488","0","true"
"653","195.8460025509157","0","true"
"654","195.88205366435096","0","true"
"655","195.91806212819617","0","true"
"656","195.95402799290716","0","true"
"657","195.98995130888002","0","true"
"658","196.0258321264512","0","true"
"659","196.0616704958977","0","true"
"660","196.0974664674369","0","true"
"661","196.1332200912269","0","true"
"662","196.16893141736637","0","true"
"663","196.20460049589477","0","true"
"664","196.24022737679235","0","true"
"665","196.27581210998017","0","true"
"666","196.31135474532033","0","true"
"667","196.3468553326159","0","true"
"668","196.38231392161097","0","true"
"669","196.4177305619909","0","true"
"670","196.4531053033822","0","true"
"671","196.48843819535264","0","true"
"672","196.5237292874114","0","true"
"673","196.55897862900912","0","true"
"674","196.59418626953786","0","true"
"675","196.62935225833127","0","true"
"676","196.6644766446647","0","true"
"677","196.6995594777551","0","true"
"678","196.73460080676128","0","true"
"679","196.76960068078387","0","true"
"680","196.80455914886537","0","true"
"681","196.83947625999033","0","true"
"682","196.87435206308533","0","true"
"683","196.90918660701902","0","true"
"684","196.9439799406023","0","true"
"685","196.9787321125883","0","true"
"686","197.01344317167244","0","true"
"687","197.04811316649256","0","true"
"688","197.08274214562903","0","true"
"689","197.1173301576046","0","true"
"690","197.15187725088478","0","true"
"691","197.18638347387758","0","true"
"692","197.2208488749339","0","true"
"693","197.25527350234728","0","true"
"694","197.28965740435427","0","true"
"695","197.32400062913428","0","true"
"696","197.3583032248097","0","true"
"697","197.3925652394461","0","true"
"698","197.42678672105205","0","true"
"699","197.46096771757942","0","true"
"700","197.49510827692328","0","true"
"701","197.52920844692213","0","true"
"702","197.56326827535779","0","true"
"703","197.5972878099556","0","true"
"704","197.6312670983844","0","true"
"705","197.6652061882567","0","true"
"706","197.6991051271286","0","true"
"707","197.73296396250004","0","true"
"708","197.76678274181467","0","true"
"709","197.80056151246004","0","true"
"710","197.8343003217677","0","true"
"711","197.8679992170131","0","true"
"712","197.9016582454159","0","true"
"713","197.9352774541397","0","true"
"714","197.96885689029253","0","true"
"715","198.00239660092655","0","true"
"716","198.03589663303822","0","true"
"717","198.06935703356856","0","true"
"718","198.1027778494029","0","true"
"719","198.13615912737123","0","true"
"720","198.169500914248","0","true"
"721","198.20280325675247","0","true"
"722","198.2360662015485","0","true"
"723","198.26928979524487","0","true"
"724","198.30247408439513","0","true"
"725","198.33561911549776","0","true"
"726","198.36872493499627","0","true"
"727","198.4017915892792","0","true"
"728","198.43481912468025","0","true"
"729","198.46780758747826","0","true"
"730","198.50075702389734","0","true"
"731","198.53366748010686","0","true"
"732","198.56653900222167","0","true"
"733","198.59937163630204","0","true"
"734","198.6321654283537","0","true"
"735","198.66492042432796","0","true"
"736","198.6976366701218","0","true"
"737","198.7303142115779","0","true"
"738","198.76295309448471","0","true"
"739","198.79555336457645","0","true"
"740","198.82811506753336","0","true"
"741","198.86063824898147","0","true"
"742","198.89312295449298","0","true"
"743","198.92556922958613","0","true"
"744","198.95797711972526","0","true"
"745","198.990346670321","0","true"
"746","199.0226779267302","0","true"
"747","199.05497093425612","0","true"
"748","199.08722573814833","0","true"
"749","199.11944238360294","0","true"
"750","199.15162091576255","0","true"
"751","199.18376137971643","0","true"
"752","199.21586382050037","0","true"
"753","199.24792828309705","0","true"
"754","199.2799548124358","0","true"
"755","199.31194345339281","0","true"
"756","199.34389425079132","0","true"
"757","199.37580724940133","0","true"
"758","199.40768249394006","0","true"
"759","199.43952002907173","0","true"
"760","199.47131989940772","0","true"
"761","199.50308214950667","0","true"
"762","199.5348068238745","0","true"
"763","199.56649396696446","0","true"
"764","199.59814362317724","0","true"
"765","199.62975583686097","0","true"
"766","199.66133065231134","0","true"
"767","199.69286811377157","0","true"
"768","199.72436826543267","0","true"
"769","199.75583115143326","0","true"
"770","199.78725681585976","0","true"
"771","199.8186453027465","0","true"
"772","199.8499966560756","0","true"
"773","199.88131091977726","0","true"
"774","199.91258813772967","0","true"
"775","199.94382835375907","0","true"
"776","199.97503161163993","0","true"
"777","200.00619795509488","0","true"
"778","200.03732742779482","0","true"
"779","200.068420073359","0","true"
"780","200.09947593535506","0","true"
"781","200.13049505729913","0","true"
"782","200.16147748265584","0","true"
"783","200.1924232548384","0","true"
"784","200.22333241720858","0","true"
"785","200.25420501307704","0","true"
"786","200.28504108570303","0","true"
"787","200.31584067829468","0","true"
"788","200.34660383400904","0","true"
"789","200.377330595952","0","true"
"790","200.40802100717863","0","true"
"791","200.43867511069288","0","true"
"792","200.46929294944795","0","true"
"793","200.49987456634614","0","true"
"794","200.53042000423906","0","true"
"795","200.56092930592757","0","true"
"796","200.59140251416198","0","true"
"797","200.62183967164194","0","true"
"798","200.65224082101662","0","true"
"799","200.6826060048847","0","true"
"800","200.71293526579453","0","true"
"801","200.7432286462441","0","true"
"802","200.77348618868103","0","true"
"803","200.80370793550293","0","true"
"804","200.833893929057","0","true"
"805","200.8640442116406","0","true"
"806","200.89415882550082","0","true"
"807","200.9242378128349","0","true"
"808","200.95428121579013","0","true"
"809","200.98428907646394","0","true"
"810","201.01426143690395","0","true"
"811","201.04419833910808","0","true"
"812","201.07409982502446","0","true"
"813","201.10396593655173","0","true"
"814","201.13379671553884","0","true"
"815","201.16359220378533","0","true"
"816","201.19335244304122","0","true"
"817","201.22307747500716","0","true"
"818","201.25276734133445","0","true"
"819","201.2824220836252","0","true"
"820","201.3120417434322","0","true"
"821","201.3416263622591","0","true"
"822","201.3711759815605","0","true"
"823","201.40069064274195","0","true"
"824","201.43017038715993","0","true"
"825","201.45961525612213","0","true"
"826","201.48902529088724","0","true"
"827","201.51840053266525","0","true"
"828","201.54774102261732","0","true"
"829","201.57704680185594","0","true"
"830","201.60631791144496","0","true"
"831","201.63555439239968","0","true"
"832","201.66475628568685","0","true"
"833","201.69392363222474","0","true"
"834","201.72305647288323","0","true"
"835","201.75215484848385","0","true"
"836","201.7812187997999","0","true"
"837","201.81024836755626","0","true"
"838","201.83924359242985","0","true"
"839","201.8682045150493","0","true"
"840","201.89713117599533","0","true"
"841","201.92602361580052","0","true"
"842","201.95488187494954","0","true"
"843","201.98370599387914","0","true"
"844","202.01249601297832","0","true"
"845","202.04125197258824","0","true"
"846","202.0699739130023","0","true"
"847","202.0986618744663","0","true"
"848","202.12731589717836","0","true"
"849","202.1559360212891","0","true"
"850","202.18452228690165","0","true"
"851","202.21307473407163","0","true"
"852","202.24159340280733","0","true"
"853","202.27007833306965","0","true"
"854","202.2985295647723","0","true"
"855","202.32694713778173","0","true"
"856","202.3553310919172","0","true"
"857","202.38368146695086","0","true"
"858","202.4119983026079","0","true"
"859","202.4402816385664","0","true"
"860","202.46853151445757","0","true"
"861","202.49674796986568","0","true"
"862","202.5249310443282","0","true"
"863","202.55308077733588","0","true"
"864","202.58119720833267","0","true"
"865","202.60928037671587","0","true"
"866","202.6373303218362","0","true"
"867","202.66534708299784","0","true"
"868","202.69333069945841","0","true"
"869","202.72128121042914","0","true"
"870","202.74919865507485","0","true"
"871","202.77708307251405","0","true"
"872","202.80493450181893","0","true"
"873","202.8327529820155","0","true"
"874","202.86053855208354","0","true"
"875","202.88829125095683","0","true"
"876","202.91601111752294","0","true"
"877","202.94369819062356","0","true"
"878","202.97135250905438","0","true"
"879","202.9989741115652","0","true"
"880","203.0265630368599","0","true"
"881","203.05411932359675","0","true"
"882","203.0816430103881","0","true"
"883","203.10913413580073","0","true"
"884","203.1365927383558","0","true"
"885","203.1640188565288","0","true"
"886","203.19141252874982","0","true"
"887","203.2187737934034","0","true"
"888","203.24610268882867","0","true"
"889","203.27339925331952","0","true"
"890","203.30066352512438","0","true"
"891","203.32789554244656","0","true"
"892","203.35509534344408","0","true"
"893","203.38226296622986","0","true"
"894","203.4093984488717","0","true"
"895","203.43650182939245","0","true"
"896","203.46357314576989","0","true"
"897","203.4906124359369","0","true"
"898","203.51761973778147","0","true"
"899","203.5445950891468","0","true"
"900","203.5715385278313","0","true"
"901","203.5984500915887","0","true"
"902","203.62532981812797","0","true"
"903","203.65217774511353","0","true"
"904","203.6789939101653","0","true"
"905","203.70577835085862","0","true"
"906","203.73253110472433","0","true"
"907","203.75925220924904","0","true"
"908","203.7859417018748","0","true"
"909","203.81259961999956","0","true"
"910","203.83922600097685","0","true"
"911","203.8658208821162","0","true"
"912","203.8923843006828","0","true"
"913","203.91891629389795","0","true"
"914","203.94541689893873","0","true"
"915","203.9718861529384","0","true"
"916","203.99832409298614","0","true"
"917","204.0247307561274","0","true"
"918","204.05110617936373","0","true"
"919","204.07745039965286","0","true"
"920","204.1037634539089","0","true"
"921","204.13004537900218","0","true"
"922","204.15629621175955","0","true"
"923","204.18251598896416","0","true"
"924","204.20870474735568","0","true"
"925","204.23486252363037","0","true"
"926","204.26098935444102","0","true"
"927","204.28708527639708","0","true"
"928","204.31315032606472","0","true"
"929","204.33918453996677","0","true"
"930","204.3651879545829","0","true"
"931","204.39116060634967","0","true"
"932","204.41710253166045","0","true"
"933","204.4430137668656","0","true"
"934","204.4688943482725","0","true"
"935","204.4947443121455","0","true"
"936","204.52056369470614","0","true"
"937","204.54635253213306","0","true"
"938","204.57211086056208","0","true"
"939","204.5978387160863","0","true"
"940","204.62353613475614","0","true"
"941","204.64920315257933","0","true"
"942","204.674839805521","0","true"
"943","204.7004461295038","0","true"
"944","204.72602216040775","0","true"
"945","204.7515679340706","0","true"
"946","204.77708348628755","0","true"
"947","204.80256885281153","0","true"
"948","204.82802406935315","0","true"
"949","204.8534491715808","0","true"
"950","204.87884419512062","0","true"
"951","204.90420917555664","0","true"
"952","204.9295441484308","0","true"
"953","204.954849149243","0","true"
"954","204.98012421345103","0","true"
"955","205.00536937647092","0","true"
"956","205.0305846736767","0","true"
"957","205.05577014040054","0","true"
"958","205.08092581193281","0","true"
"959","205.10605172352217","0","true"
"960","205.13114791037557","0","true"
"961","205.15621440765827","0","true"
"962","205.18125125049397","0","true"
"963","205.20625847396482","0","true"
"964","205.2312361131114","0","true"
"965","205.25618420293296","0","true"
"966","205.28110277838724","0","true"
"967","205.30599187439063","0","true"
"968","205.33085152581828","0","true"
"969","205.355681767504","0","true"
"970","205.38048263424045","0","true"
"971","205.40525416077912","0","true"
"972","205.42999638183036","0","true"
"973","205.4547093320635","0","true"
"974","205.4793930461068","0","true"
"975","205.50404755854757","0","true"
"976","205.5286729039323","0","true"
"977","205.55326911676642","0","true"
"978","205.5778362315147","0","true"
"979","205.60237428260106","0","true"
"980","205.62688330440875","0","true"
"981","205.6513633312803","0","true"
"982","205.6758143975176","0","true"
"983","205.70023653738198","0","true"
"984","205.7246297850943","0","true"
"985","205.7489941748348","0","true"
"986","205.77332974074338","0","true"
"987","205.79763651691957","0","true"
"988","205.82191453742246","0","true"
"989","205.84616383627096","0","true"
"990","205.87038444744366","0","true"
"991","205.894576404879","0","true"
"992","205.91873974247517","0","true"
"993","205.9428744940904","0","true"
"994","205.96698069354278","0","true"
"995","205.99105837461042","0","true"
"996","206.01510757103142","0","true"
"997","206.03912831650402","0","true"
"998","206.0631206446866","0","true"
"999","206.08708458919767","0","true"
"1000","206.111020183616","0","true"
"1001","206.13492746148066","0","true"
"1002","206.15880645629102","0","true"
"1003","206.18265720150674","0","true"
"1004","206.20647973054804","0","true"
"1005","206.23027407679552","0","true"
"1006","206.2540402735903","0","true"
"1007","206.27777835423404","0","true"
"1008","206.30148835198906","0","true"
"1009","206.3251703000783","0","true"
"1010","206.3488242316853","0","true"
"1011","206.3724501799545","0","true"
"1012","206.3960481779911","0","true"
"1013","206.41961825886102","0","true"
"1014","206.44316045559117","0","true"
"1015","206.46667480116932","0","true"
"1016","206.4901613285443","0","true"
"1017","206.5136200706259","0","true"
"1018","206.53705106028497","0","true"
"1019","206.56045433035348","0","true"
"1020","206.5838299136246","0","true"
"1021","206.60717784285268","0","true"
"1022","206.63049815075328","0","true"
"1023","206.65379087000332","0","true"
"1024","206.677056033241","0","true"
"1025","206.70029367306597","0","true"
"1026","206.72350382203928","0","true"
"1027","206.74668651268345","0","true"
"1028","206.76984177748255","0","true"
"1029","206.7929696488822","0","true"
"1030","206.81607015928967","0","true"
"1031","206.8391433410738","0","true"
"1032","206.8621892265653","0","true"
"1033","206.88520784805647","0","true"
"1034","206.90819923780145","0","true"
"1035","206.93116342801633","0","true"
"1036","206.9541004508789","0","true"
"1037","206.97701033852908","0","true"
"1038","206.9998931230686","0","true"
"1039","207.02274883656133","0","true"
"1040","207.04557751103312","0","true"
"1041","207.06837917847201","0","true"
"1042","207.09115387082815","0","true"
"1043","207.11390162001388","0","true"
"1044","207.13662245790385","0","true"
"1045","207.15931641633492","0","true"
"1046","207.18198352710635","0","true"
"1047","207.20462382197974","0","true"
"1048","207.22723733267918","0","true"
"1049","207.24982409089114","0","true"
"1050","207.27238412826466","0","true"
"1051","207.29491747641129","0","true"
"1052","207.31742416690525","0","true"
"1053","207.3399042312834","0","true"
"1054","207.36235770104523","0","true"
"1055","207.384784607653","0","true"
"1056","207.4071849825317","0","true"
"1057","207.4295588570693","0","true"
"1058","207.45190626261646","0","true"
"1059","207.47422723048683","0","true"
"1060","207.496521791957","0","true"
"1061","207.51878997826657","0","true"
"1062","207.5410318206182","0","true"
"1063","207.56324735017756","0","true"
"1064","207.58543659807356","0","true"
"1065","207.60759959539817","0","true"
"1066","207.6297363732067","0","true"
"1067","207.6518469625176","0","true"
"1068","207.6739313943127","0","true"
"1069","207.69598969953714","0","true"
"1070","207.7180219090995","0","true"
"1071","207.7400280538717","0","true"
"1072","207.76200816468926","0","true"
"1073","207.78396227235112","0","true"
"1074","207.80589040761987","0","true"
"1075","207.82779260122163","0","true"
"1076","207.84966888384616","0","true"
"1077","207.87151928614702","0","true"
"1078","207.89334383874143","0","true"
"1079","207.91514257221036","0","true"
"1080","207.93691551709867","0","true"
"1081","207.95866270391502","0","true"
"1082","207.98038416313204","0","true"
"1083","208.0020799251863","0","true"
"1084","208.0237500204783","0","true"
"1085","208.04539447937265","0","true"
"1086","208.067013332198","0","true"
"1087","208.0886066092471","0","true"
"1088","208.11017434077695","0","true"
"1089","208.13171655700862","0","true"
"1090","208.15323328812758","0","true"
"1091","208.17472456428345","0","true"
"1092","208.19619041559025","0","true"
"1093","208.2176308721264","0","true"
"1094","208.2390459639347","0","true"
"1095","208.26043572102242","0","true"
"1096","208.28180017336126","0","true"
"1097","208.3031393508876","0","true"
"1098","208.3244532835023","0","true"
"1099","208.34574200107087","0","true"
"1100","208.3670055334235","0","true"
"1101","208.3882439103551","0","true"
"1102","208.4094571616253","0","true"
"1103","208.43064531695856","0","true"
"1104","208.45180840604414","0","true"
"1105","208.47294645853617","0","true"
"1106","208.49405950405378","0","true"
"1107","208.51514757218092","0","true"
"1108","208.53621069246668","0","true"
"1109","208.55724889442513","0","true"
"1110","208.5782622075354","0","true"
"1111","208.5992506612418","0","true"
"1112","208.62021428495376","0","true"
"1113","208.64115310804593","0","true"
"1114","208.66206715985822","0","true"
"1115","208.68295646969585","0","true"
"1116","208.70382106682933","0","true"
"1117","208.72466098049458","0","true"
"1118","208.74547623989287","0","true"
"1119","208.766266874191","0","true"
"1120","208.78703291252117","0","true"
"1121","208.80777438398127","0","true"
"1122","208.8284913176346","0","true"
"1123","208.84918374251018","0","true"
"1124","208.86985168760265","0","true"
"1125","208.89049518187238","0","true"
"1126","208.9111142542454","0","true"
"1127","208.93170893361363","0","true"
"1128","208.9522792488347","0","true"
"1129","208.97282522873223","0","true"
"1130","208.9933469020956","0","true"
"1131","209.01384429768024","0","true"
"1132","209.03431744420746","0","true"
"1133","209.05476637036472","0","true"
"1134","209.07519110480544","0","true"
"1135","209.09559167614916","0","true"
"1136","209.1159681129816","0","true"
"1137","209.1363204438546","0","true"
"1138","209.15664869728633","0","true"
"1139","209.1769529017611","0","true"
"1140","209.19723308572958","0","true"
"1141","209.2174892776088","0","true"
"1142","209.2377215057821","0","true"
"1143","209.25792979859935","0","true"
"1144","209.2781141843768","0","true"
"1145","209.2982746913972","0","true"
"1146","209.3184113479099","0","true"
"1147","209.33852418213075","0","true"
"1148","209.3586132222423","0","true"
"1149","209.37867849639372","0","true"
"1150","209.39872003270088","0","true"
"1151","209.41873785924636","0","true"
"1152","209.43873200407958","0","true"
"1153","209.45870249521673","0","true"
"1154","209.47864936064087","0","true"
"1155","209.49857262830193","0","true"
"1156","209.51847232611686","0","true"
"1157","209.53834848196948","0","true"
"1158","209.55820112371066","0","true"
"1159","209.57803027915833","0","true"
"1160","209.5978359760975","0","true"
"1161","209.61761824228037","0","true"
"1162","209.6373771054262","0","true"
"1163","209.65711259322148","0","true"
"1164","209.67682473332007","0","true"
"1165","209.69651355334298","0","true"
"1166","209.71617908087856","0","true"
"1167","209.73582134348257","0","true"
"1168","209.75544036867814","0","true"
"1169","209.77503618395588","0","true"
"1170","209.7946088167738","0","true"
"1171","209.8141582945575","0","true"
"1172","209.8336846447001","0","true"
"1173","209.85318789456232","0","true"
"1174","209.8726680714725","0","true"
"1175","209.8921252027267","0","true"
"1176","209.9115593155886","0","true"
"1177","209.9309704372897","0","true"
"1178","209.95035859502923","0","true"
"1179","209.96972381597433","0","true"
"1180","209.9890661272599","0","true"
"1181","210.00838555598878","0","true"
"1182","210.02768212923178","0","true"
"1183","210.04695587402762","0","true"
"1184","210.06620681738303","0","true"
"1185","210.0854349862729","0","true"
"1186","210.10464040764012","0","true"
"1187","210.12382310839567","0","true"
"1188","210.14298311541876","0","true"
"1189","210.16212045555682","0","true"
"1190","210.18123515562542","0","true"
"1191","210.20032724240852","0","true"
"1192","210.21939674265832","0","true"
"1193","210.23844368309537","0","true"
"1194","210.25746809040868","0","true"
"1195","210.27646999125557","0","true"
"1196","210.29544941226197","0","true"
"1197","210.31440638002218","0","true"
"1198","210.3333409210991","0","true"
"1199","210.3522530620242","0","true"
"1200","210.37114282929755","0","true"
"1201","210.39001024938787","0","true"
"1202","210.4088553487326","0","true"
"1203","210.42767815373787","0","true"
"1204","210.44647869077855","0","true"
"1205","210.46525698619837","0","true"
"1206","210.48401306630984","0","true"
"1207","210.50274695739435","0","true"
"1208","210.52145868570224","0","true"
"1209","210.54014827745277","0","true"
"1210","210.55881575883413","0","true"
"1211","210.5774611560036","0","true"
"1212","210.59608449508752","0","true"
"1213","210.61468580218127","0","true"
"1214","210.63326510334934","0","true"
"1215","210.6518224246255","0","true"
"1216","210.6703577920126","0","true"
"1217","210.68887123148278","0","true"
"1218","210.70736276897745","0","true"
"1219","210.72583243040734","0","true"
"1220","210.74428024165252","0","true"
"1221","210.7627062285624","0","true"
"1222","210.78111041695587","0","true"
"1223","210.7994928326213","0","true"
"1224","210.81785350131642","0","true"
"1225","210.83619244876866","0","true"
"1226","210.85450970067484","0","true"
"1227","210.87280528270156","0","true"
"1228","210.89107922048487","0","true"
"1229","210.90933153963064","0","true"
"1230","210.92756226571439","0","true"
"1231","210.94577142428136","0","true"
"1232","210.96395904084665","0","true"
"1233","210.98212514089502","0","true"
"1234","211.00026974988128","0","true"
"1235","211.01839289322996","0","true"
"1236","211.03649459633561","0","true"
"1237","211.0545748845627","0","true"
"1238","211.07263378324566","0","true"
"1239","211.09067131768904","0","true"
"1240","211.1086875131674","0","true"
"1241","211.12668239492538","0","true"
"1242","211.14465598817776","0","true"
"1243","211.16260831810953","0","true"
"1244","211.18053940987585","0","true"
"1245","211.19844928860215","0","true"
"1246","211.2163379793841","0","true"
"1247","211.23420550728767","0","true"
"1248","211.25205189734925","0","true"
"1249","211.26987717457556","0","true"
"1250","211.2876813639437","0","true"
"1251","211.30546449040133","0","true"
"1252","211.32322657886647","0","true"
"1253","211.34096765422777","0","true"
"1254","211.35868774134434","0","true"
"1255","211.37638686504593","0","true"
"1256","211.39406505013295","0","true"
"1257","211.41172232137643","0","true"
"1258","211.42935870351803","0","true"
"1259","211.4469742212703","0","true"
"1260","211.46456889931642","0","true"
"1261","211.4821427623104","0","true"
"1262","211.49969583487712","0","true"
"1263","211.51722814161226","0","true"
"1264","211.5347397070825","0","true"
"1265","211.5522305558254","0","true"
"1266","211.56970071234943","0","true"
"1267","211.5871502011342","0","true"
"1268","211.60457904663025","0","true"
"1269","211.62198727325926","0","true"
"1270","211.63937490541394","0","true"
"1271","211.6567419674583","0","true"
"1272","211.67408848372727","0","true"
"1273","211.69141447852726","0","true"
"1274","211.7087199761358","0","true"
"1275","211.72600500080165","0","true"
"1276","211.74326957674495","0","true"
"1277","211.7605137281572","0","true"
"1278","211.77773747920128","0","true"
"1279","211.7949408540114","0","true"
"1280","211.8121238766933","0","true"
"1281","211.82928657132422","0","true"
"1282","211.84642896195282","0","true"
"1283","211.86355107259942","0","true"
"1284","211.88065292725582","0","true"
"1285","211.89773454988554","0","true"
"1286","211.91479596442366","0","true"
"1287","211.93183719477696","0","true"
"1288","211.94885826482403","0","true"
"1289","211.9658591984151","0","true"
"1290","211.98284001937222","0","true"
"1291","211.99980075148926","0","true"
"1292","212.01674141853195","0","true"
"1293","212.0336620442379","0","true"
"1294","212.05056265231664","0","true"
"1295","212.06744326644963","0","true"
"1296","212.08430391029037","0","true"
"1297","212.10114460746428","0","true"
"1298","212.11796538156892","0","true"
"1299","212.13476625617392","0","true"
"1300","212.151547254821","0","true"
"1301","212.16830840102398","0","true"
"1302","212.185049718269","0","true"
"1303","212.2017712300143","0","true"
"1304","212.2184729596904","0","true"
"1305","212.23515493070005","0","true"
"1306","212.2518171664185","0","true"
"1307","212.26845969019308","0","true"
"1308","212.28508252534374","0","true"
"1309","212.30168569516266","0","true"
"1310","212.31826922291458","0","true"
"1311","212.33483313183666","0","true"
"1312","212.35137744513858","0","true"
"1313","212.3679021860026","0","true"
"1314","212.38440737758347","0","true"
"1315","212.40089304300867","0","true"
"1316","212.41735920537818","0","true"
"1317","212.43380588776478","0","true"
"1318","212.45023311321387","0","true"
"1319","212.46664090474363","0","true"
"1320","212.48302928534497","0","true"
"1321","212.4993982779816","0","true"
"1322","212.51574790559016","0","true"
"1323","212.53207819108002","0","true"
"1324","212.54838915733353","0","true"
"1325","212.56468082720593","0","true"
"1326","212.58095322352546","0","true"
"1327","212.59720636909333","0","true"
"1328","212.6134402866838","0","true"
"1329","212.62965499904413","0","true"
"1330","212.64585052889473","0","true"
"1331","212.66202689892907","0","true"
"1332","212.67818413181385","0","true"
"1333","212.69432225018892","0","true"
"1334","212.71044127666727","0","true"
"1335","212.7265412338353","0","true"
"1336","212.74262214425255","0","true"
"1337","212.75868403045192","0","true"
"1338","212.77472691493963","0","true"
"1339","212.79075082019534","0","true"
"1340","212.80675576867208","0","true"
"1341","212.82274178279627","0","true"
"1342","212.83870888496787","0","true"
"1343","212.85465709756028","0","true"
"1344","212.87058644292046","0","true"
"1345","212.88649694336897","0","true"
"1346","212.90238862119992","0","true"
"1347","212.918261498681","0","true"
"1348","212.93411559805367","0","true"
"1349","212.94995094153302","0","true"
"1350","212.96576755130778","0","true"
"1351","212.9815654495406","0","true"
"1352","212.99734465836775","0","true"
"1353","213.0131051998994","0","true"
"1354","213.02884709621955","0","true"
"1355","213.04457036938607","0","true"
"1356","213.0602750414307","0","true"
"1357","213.0759611343592","0","true"
"1358","213.09162867015118","0","true"
"1359","213.10727767076037","0","true"
"1360","213.12290815811443","0","true"
"1361","213.13852015411513","0","true"
"1362","213.15411368063832","0","true"
"1363","213.16968875953393","0","true"
"1364","213.18524541262616","0","true"
"1365","213.20078366171322","0","true"
"1366","213.21630352856766","0","true"
"1367","213.23180503493626","0","true"
"1368","213.24728820254","0","true"
"1369","213.26275305307425","0","true"
"1370","213.27819960820864","0","true"
"1371","213.2936278895872","0","true"
"1372","213.30903791882838","0","true"
"1373","213.32442971752502","0","true"
"1374","213.33980330724438","0","true"
"1375","213.35515870952833","0","true"
"1376","213.37049594589308","0","true"
"1377","213.38581503782956","0","true"
"1378","213.40111600680314","0","true"
"1379","213.41639887425384","0","true"
"1380","213.4316636615964","0","true"
"1381","213.44691039022007","0","true"
"1382","213.46213908148889","0","true"
"1383","213.47734975674166","0","true"
"1384","213.49254243729183","0","true"
"1385","213.50771714442774","0","true"
"1386","213.5228738994125","0","true"
"1387","213.53801272348403","0","true"
"1388","213.55313363785518","0","true"
"1389","213.56823666371366","0","true"
"1390","213.58332182222216","0","true"
"1391","213.59838913451833","0","true"
"1392","213.61343862171475","0","true"
"1393","213.62847030489908","0","true"
"1394","213.64348420513406","0","true"
"1395","213.65848034345743","0","true"
"1396","213.6734587408821","0","true"
"1397","213.68841941839608","0","true"
"1398","213.70336239696263","0","true"
"1399","213.7182876975201","0","true"
"1400","213.73319534098218","0","true"
"1401","213.74808534823774","0","true"
"1402","213.76295774015094","0","true"
"1403","213.7778125375613","0","true"
"1404","213.79264976128366","0","true"
"1405","213.80746943210823","0","true"
"1406","213.82227157080064","0","true"
"1407","213.83705619810198","0","true"
"1408","213.85182333472875","0","true"
"1409","213.86657300137293","0","true"
"1410","213.8813052187021","0","true"
"1411","213.8960200073593","0","true"
"1412","213.91071738796325","0","true"
"1413","213.92539738110816","0","true"
"1414","213.94006000736397","0","true"
"1415","213.95470528727623","0","true"
"1416","213.96933324136623","0","true"
"1417","213.98394389013094","0","true"
"1418","213.9985372540431","0","true"
"1419","214.01311335355123","0","true"
"1420","214.02767220907967","0","true"
"1421","214.04221384102857","0","true"
"1422","214.05673826977397","0","true"
"1423","214.07124551566778","0","true"
"1424","214.08573559903786","0","true"
"1425","214.10020854018802","0","true"
"1426","214.11466435939803","0","true"
"1427","214.12910307692366","0","true"
"1428","214.14352471299676","0","true"
"1429","214.15792928782523","0","true"
"1430","214.17231682159303","0","true"
"1431","214.18668733446026","0","true"
"1432","214.2010408465632","0","true"
"1433","214.21537737801427","0","true"
"1434","214.2296969489021","0","true"
"1435","214.2439995792916","0","true"
"1436","214.25828528922386","0","true"
"1437","214.27255409871634","0","true"
"1438","214.2868060277628","0","true"
"1439","214.30104109633328","0","true"
"1440","214.3152593243743","0","true"
"1441","214.3294607318087","0","true"
"1442","214.3436453385358","0","true"
"1443","214.35781316443135","0","true"
"1444","214.37196422934758","0","true"
"1445","214.3860985531133","0","true"
"1446","214.40021615553377","0","true"
"1447","214.41431705639087","0","true"
"1448","214.42840127544306","0","true"
"1449","214.44246883242548","0","true"
"1450","214.4565197470498","0","true"
"1451","214.47055403900455","0","true"
"1452","214.4845717279548","0","true"
"1453","214.4985728335424","0","true"
"1454","214.51255737538605","0","true"
"1455","214.5265253730811","0","true"
"1456","214.54047684619985","0","true"
"1457","214.5544118142914","0","true"
"1458","214.56833029688164","0","true"
"1459","214.5822323134735","0","true"
"1460","214.59611788354675","0","true"
"1461","214.60998702655812","0","true"
"1462","214.62383976194133","0","true"
"1463","214.63767610910713","0","true"
"1464","214.65149608744332","0","true"
"1465","214.66529971631468","0","true"
"1466","214.67908701506317","0","true"
"1467","214.6928580030078","0","true"
"1468","214.70661269944483","0","true"
"1469","214.72035112364756","0","true"
"1470","214.73407329486656","0","true"
"1471","214.7477792323296","0","true"
"1472","214.76146895524175","0","true"
"1473","214.77514248278536","0","true"
"1474","214.78879983411997","0","true"
"1475","214.8024410283826","0","true"
"1476","214.81606608468755","0","true"
"1477","214.82967502212654","0","true"
"1478","214.84326785976864","0","true"
"1479","214.85684461666048","0","true"
"1480","214.87040531182606","0","true"
"1481","214.88394996426692","0","true"
"1482","214.89747859296205","0","true"
"1483","214.9109912168681","0","true"
"1484","214.9244878549192","0","true"
"1485","214.93796852602713","0","true"
"1486","214.95143324908128","0","true"
"1487","214.96488204294866","0","true"
"1488","214.97831492647404","0","true"
"1489","214.99173191847981","0","true"
"1490","215.0051330377662","0","true"
"1491","215.01851830311105","0","true"
"1492","215.03188773327014","0","true"
"1493","215.04524134697692","0","true"
"1494","215.05857916294278","0","true"
"1495","215.07190119985694","0","true"
"1496","215.08520747638653","0","true"
"1497","215.09849801117653","0","true"
"1498","215.11177282284993","0","true"
"1499","215.12503193000768","0","true"
"1500","215.13827535122869","0","true"
"1501","215.1515031050699","0","true"
"1502","215.16471521006633","0","true"
"1503","215.1779116847311","0","true"
"1504","215.1910925475553","0","true"
"1505","215.20425781700823","0","true"
"1506","215.21740751153737","0","true"
"1507","215.23054164956832","0","true"
"1508","215.24366024950493","0","true"
"1509","215.2567633297292","0","true"
"1510","215.26985090860148","0","true"
"1511","215.28292300446032","0","true"
"1512","215.29597963562264","0","true"
"1513","215.3090208203836","0","true"
"1514","215.32204657701683","0","true"
"1515","215.3350569237743","0","true"
"1516","215.34805187888628","0","true"
"1517","215.36103146056166","0","true"
"1518","215.37399568698766","0","true"
"1519","215.38694457633","0","true"
"1520","215.39987814673296","0","true"
"1521","215.4127964163193","0","true"
"1522","215.42569940319038","0","true"
"1523","215.43858712542612","0","true"
"1524","215.45145960108505","0","true"
"1525","215.46431684820436","0","true"
"1526","215.47715888479988","0","true"
"1527","215.48998572886615","0","true"
"1528","215.50279739837634","0","true"
"1529","215.5155939112825","0","true"
"1530","215.52837528551535","0","true"
"1531","215.5411415389844","0","true"
"1532","215.55389268957794","0","true"
"1533","215.5666287551632","0","true"
"1534","215.57934975358623","0","true"
"1535","215.5920557026719","0","true"
"1536","215.60474662022406","0","true"
"1537","215.6174225240255","0","true"
"1538","215.63008343183793","0","true"
"1539","215.6427293614021","0","true"
"1540","215.65536033043773","0","true"
"1541","215.66797635664358","0","true"
"1542","215.6805774576975","0","true"
"1543","215.69316365125638","0","true"
"1544","215.7057349549563","0","true"
"1545","215.7182913864124","0","true"
"1546","215.730832963219","0","true"
"1547","215.74335970294965","0","true"
"1548","215.755871623157","0","true"
"1549","215.76836874137308","0","true"
"1550","215.78085107510907","0","true"
"1551","215.79331864185548","0","true"
"1552","215.8057714590821","0","true"
"1553","215.81820954423813","0","true"
"1554","215.83063291475202","0","true"
"1555","215.8430415880316","0","true"
"1556","215.8554355814643","0","true"
"1557","215.8678149124167","0","true"
"1558","215.880179598235","0","true"
"1559","215.8925296562449","0","true"
"1560","215.90486510375152","0","true"
"1561","215.91718595803954","0","true"
"1562","215.9294922363732","0","true"
"1563","215.9417839559963","0","true"
"1564","215.95406113413227","0","true"
"1565","215.9663237879841","0","true"
"1566","215.9785719347345","0","true"
"1567","215.99080559154584","0","true"
"1568","216.0030247755601","0","true"
"1569","216.01522950389915","0","true"
"1570","216.0274197936644","0","true"
"1571","216.0395956619372","0","true"
"1572","216.05175712577864","0","true"
"1573","216.06390420222954","0","true"
"1574","216.07603690831067","0","true"
"1575","216.08815526102262","0","true"
"1576","216.1002592773459","0","true"
"1577","216.1123489742409","0","true"
"1578","216.12442436864788","0","true"
"1579","216.1364854774872","0","true"
"1580","216.14853231765912","0","true"
"1581","216.1605649060439","0","true"
"1582","216.1725832595019","0","true"
"1583","216.18458739487338","0","true"
"1584","216.19657732897886","0","true"
"1585","216.20855307861885","0","true"
"1586","216.22051466057405","0","true"
"1587","216.2324620916052","0","true"
"1588","216.24439538845337","0","true"
"1589","216.2563145678397","0","true"
"1590","216.26821964646558","0","true"
"1591","216.28011064101264","0","true"
"1592","216.2919875681428","0","true"
"1593","216.30385044449824","0","true"
"1594","216.3156992867015","0","true"
"1595","216.32753411135536","0","true"
"1596","216.33935493504305","0","true"
"1597","216.35116177432818","0","true"
"1598","216.36295464575468","0","true"
"1599","216.374733565847","0","true"
"1600","216.38649855110998","0","true"
"1601","216.39824961802898","0","true"
"1602","216.40998678306983","0","true"
"1603","216.4217100626788","0","true"
"1604","216.43341947328295","0","true"
"1605","216.44511503128962","0","true"
"1606","216.4567967530869","0","true"
"1607","216.46846465504348","0","true"
"1608","216.4801187535086","0","true"
"1609","216.4917590648123","0","true"
"1610","216.50338560526518","0","true"
"1611","216.51499839115857","0","true"
"1612","216.52659743876455","0","true"
"1613","216.53818276433597","0","true"
"1614","216.54975438410642","0","true"
"1615","216.56131231429026","0","true"
"1616","216.5728565710827","0","true"
"1617","216.5843871706598","0","true"
"1618","216.5959041291785","0","true"
"1619","216.60740746277654","0","true"
"1620","216.61889718757266","0","true"
"1621","216.6303733196665","0","true"
"1622","216.64183587513864","0","true"
"1623","216.65328487005064","0","true"
"1624","216.6647203204451","0","true"
"1625","216.67614224234555","0","true"
"1626","216.68755065175665","0","true"
"1627","216.6989455646641","0","true"
"1628","216.71032699703466","0","true"
"1629","216.72169496481627","0","true"
"1630","216.73304948393792","0","true"
"1631","216.7443905703098","0","true"
"1632","216.75571823982327","0","true"
"1633","216.76703250835092","0","true"
"1634","216.77833339174651","0","true"
"1635","216.78962090584503","0","true"
"1636","216.80089506646286","0","true"
"1637","216.8121558893975","0","true"
"1638","216.82340339042793","0","true"
"1639","216.83463758531428","0","true"
"1640","216.84585848979822","0","true"
"1641","216.85706611960265","0","true"
"1642","216.86826049043196","0","true"
"1643","216.8794416179719","0","true"
"1644","216.89060951788974","0","true"
"1645","216.90176420583416","0","true"
"1646","216.9129056974353","0","true"
"1647","216.9240340083049","0","true"
"1648","216.93514915403608","0","true"
"1649","216.9462511502037","0","true"
"1650","216.95734001236409","0","true"
"1651","216.96841575605515","0","true"
"1652","216.97947839679648","0","true"
"1653","216.99052795008924","0","true"
"1654","217.00156443141634","0","true"
"1655","217.01258785624228","0","true"
"1656","217.0235982400133","0","true"
"1657","217.0345955981574","0","true"
"1658","217.0455799460843","0","true"
"1659","217.0565512991855","0","true"
"1660","217.06750967283423","0","true"
"1661","217.0784550823857","0","true"
"1662","217.08938754317668","0","true"
"1663","217.1003070705261","0","true"
"1664","217.11121367973456","0","true"
"1665","217.12210738608462","0","true"
"1666","217.13298820484079","0","true"
"1667","217.14385615124948","0","true"
"1668","217.1547112405391","0","true"
"1669","217.16555348791996","0","true"
"1670","217.1763829085845","0","true"
"1671","217.18719951770709","0","true"
"1672","217.1980033304442","0","true"
"1673","217.20879436193437","0","true"
"1674","217.21957262729816","0","true"
"1675","217.23033814163836","0","true"
"1676","217.24109092003977","0","true"
"1677","217.25183097756945","0","true"
"1678","217.26255832927654","0","true"
"1679","217.27327299019248","0","true"
"1680","217.28397497533084","0","true"
"1681","217.29466429968744","0","true"
"1682","217.3053409782404","0","true"
"1683","217.31600502595012","0","true"
"1684","217.32665645775924","0","true"
"1685","217.3372952885928","0","true"
"1686","217.34792153335812","0","true"
"1687","217.3585352069449","0","true"
"1688","217.36913632422528","0","true"
"1689","217.37972490005376","0","true"
"1690","217.3903009492672","0","true"
"1691","217.40086448668507","0","true"
"1692","217.41141552710914","0","true"
"1693","217.42195408532376","0","true"
"1694","217.4324801760958","0","true"
"1695","217.4429938141746","0","true"
"1696","217.45349501429212","0","true"
"1697","217.4639837911628","0","true"
"1698","217.47446015948378","0","true"
"1699","217.48492413393475","0","true"
"1700","217.49537572917802","0","true"
"1701","217.5058149598586","0","true"
"1702","217.51624184060415","0","true"
"1703","217.52665638602502","0","true"
"1704","217.53705861071433","0","true"
"1705","217.5474485292478","0","true"
"1706","217.55782615618406","0","true"
"1707","217.56819150606444","0","true"
"1708","217.57854459341306","0","true"
"1709","217.5888854327369","0","true"
"1710","217.59921403852576","0","true"
"1711","217.60953042525227","0","true"
"1712","217.61983460737196","0","true"
"1713","217.6301265993233","0","true"
"1714","217.6404064155276","0","true"
"1715","217.65067407038913","0","true"
"1716","217.66092957829517","0","true"
"1717","217.67117295361598","0","true"
"1718","217.68140421070473","0","true"
"1719","217.69162336389766","0","true"
"1720","217.7018304275141","0","true"
"1721","217.71202541585637","0","true"
"1722","217.72220834320993","0","true"
"1723","217.73237922384325","0","true"
"1724","217.74253807200802","0","true"
"1725","217.75268490193898","0","true"
"1726","217.76281972785412","0","true"
"1727","217.77294256395453","0","true"
"1728","217.78305342442457","0","true"
"1729","217.79315232343174","0","true"
"1730","217.80323927512688","0","true"
"1731","217.81331429364397","0","true"
"1732","217.82337739310037","0","true"
"1733","217.8334285875967","0","true"
"1734","217.8434678912169","0","true"
"1735","217.8534953180282","0","true"
"1736","217.8635108820813","0","true"
"1737","217.87351459741018","0","true"
"1738","217.88350647803225","0","true"
"1739","217.89348653794832","0","true"
"1740","217.9034547911427","0","true"
"1741","217.91341125158306","0","true"
"1742","217.92335593322065","0","true"
"1743","217.9332888499901","0","true"
"1744","217.94321001580965","0","true"
"1745","217.95311944458103","0","true"
"1746","217.96301715018956","0","true"
"1747","217.97290314650408","0","true"
"1748","217.98277744737703","0","true"
"1749","217.99264006664453","0","true"
"1750","218.00249101812625","0","true"
"1751","218.01233031562555","0","true"
"1752","218.02215797292945","0","true"
"1753","218.03197400380867","0","true"
"1754","218.04177842201764","0","true"
"1755","218.0515712412945","0","true"
"1756","218.06135247536116","0","true"
"1757","218.07112213792328","0","true"
"1758","218.08088024267028","0","true"
"1759","218.09062680327548","0","true"
"1760","218.10036183339588","0","true"
"1761","218.11008534667246","0","true"
"1762","218.11979735672998","0","true"
"1763","218.12949787717713","0","true"
"1764","218.13918692160647","0","true"
"1765","218.14886450359444","0","true"
"1766","218.15853063670156","0","true"
"1767","218.16818533447213","0","true"
"1768","218.17782861043452","0","true"
"1769","218.1874604781011","0","true"
"1770","218.19708095096826","0","true"
"1771","218.20669004251636","0","true"
"1772","218.21628776620986","0","true"
"1773","218.22587413549735","0","true"
"1774","218.23544916381138","0","true"
"1775","218.24501286456868","0","true"
"1776","218.25456525117013","0","true"
"1777","218.26410633700073","0","true"
"1778","218.2736361354296","0","true"
"1779","218.28315465981012","0","true"
"1780","218.29266192347984","0","true"
"1781","218.30215793976055","0","true"
"1782","218.3116427219582","0","true"
"1783","218.32111628336312","0","true"
"1784","218.33057863724986","0","true"
"1785","218.34002979687722","0","true"
"1786","218.34946977548836","0","true"
"1787","218.3588985863108","0","true"
"1788","218.36831624255638","0","true"
"1789","218.3777227574213","0","true"
"1790","218.38711814408617","0","true"
"1791","218.396502415716","0","true"
"1792","218.40587558546017","0","true"
"1793","218.4152376664526","0","true"
"1794","218.42458867181165","0","true"
"1795","218.43392861464014","0","true"
"1796","218.44325750802534","0","true"
"1797","218.4525753650391","0","true"
"1798","218.4618821987378","0","true"
"1799","218.4711780221624","0","true"
"1800","218.48046284833833","0","true"
"1801","218.48973669027572","0","true"
"1802","218.49899956096925","0","true"
"1803","218.50825147339827","0","true"
"1804","218.51749244052672","0","true"
"1805","218.52672247530325","0","true"
"1806","218.53594159066117","0","true"
"1807","218.54514979951847","0","true"
"1808","218.5543471147779","0","true"
"1809","218.5635335493269","0","true"
"1810","218.57270911603774","0","true"
"1811","218.58187382776737","0","true"
"1812","218.5910276973576","0","true"
"1813","218.60017073763498","0","true"
"1814","218.60930296141095","0","true"
"1815","218.61842438148176","0","true"
"1816","218.62753501062855","0","true"
"1817","218.63663486161727","0","true"
"1818","218.64572394719886","0","true"
"1819","218.65480228010915","0","true"
"1820","218.66386987306882","0","true"
"1821","218.67292673878362","0","true"
"1822","218.6819728899442","0","true"
"1823","218.6910083392262","0","true"
"1824","218.7000330992903","0","true"
"1825","218.70904718278214","0","true"
"1826","218.71805060233248","0","true"
"1827","218.72704337055706","0","true"
"1828","218.73602550005674","0","true"
"1829","218.74499700341747","0","true"
"1830","218.7539578932103","0","true"
"1831","218.7629081819914","0","true"
"1832","218.77184788230215","0","true"
"1833","218.78077700666898","0","true"
"1834","218.78969556760356","0","true"
"1835","218.79860357760282","0","true"
"1836","218.80750104914875","0","true"
"1837","218.81638799470878","0","true"
"1838","218.82526442673537","0","true"
"1839","218.83413035766645","0","true"
"1840","218.8429857999251","0","true"
"1841","218.85183076591971","0","true"
"1842","218.8606652680441","0","true"
"1843","218.86948931867732","0","true"
"1844","218.8783029301838","0","true"
"1845","218.88710611491337","0","true"
"1846","218.8958988852012","0","true"
"1847","218.90468125336795","0","true"
"1848","218.91345323171961","0","true"
"1849","218.9222148325477","0","true"
"1850","218.9309660681291","0","true"
"1851","218.93970695072625","0","true"
"1852","218.94843749258703","0","true"
"1853","218.9571577059449","0","true"
"1854","218.96586760301875","0","true"
"1855","218.97456719601308","0","true"
"1856","218.98325649711794","0","true"
"1857","218.99193551850897","0","true"
"1858","219.00060427234737","0","true"
"1859","219.00926277078","0","true"
"1860","219.0179110259393","0","true"
"1861","219.0265490499434","0","true"
"1862","219.03517685489606","0","true"
"1863","219.04379445288674","0","true"
"1864","219.0524018559906","0","true"
"1865","219.0609990762685","0","true"
"1866","219.06958612576705","0","true"
"1867","219.0781630165186","0","true"
"1868","219.08672976054126","0","true"
"1869","219.0952863698389","0","true"
"1870","219.10383285640125","0","true"
"1871","219.11236923220383","0","true"
"1872","219.12089550920794","0","true"
"1873","219.1294116993608","0","true"
"1874","219.13791781459548","0","true"
"1875","219.14641386683087","0","true"
"1876","219.1548998679719","0","true"
"1877","219.16337582990926","0","true"
"1878","219.17184176451966","0","true"
"1879","219.1802976836657","0","true"
"1880","219.18874359919607","0","true"
"1881","219.1971795229453","0","true"
"1882","219.20560546673403","0","true"
"1883","219.21402144236876","0","true"
"1884","219.22242746164224","0","true"
"1885","219.23082353633308","0","true"
"1886","219.23920967820607","0","true"
"1887","219.24758589901205","0","true"
"1888","219.25595221048792","0","true"
"1889","219.26430862435672","0","true"
"1890","219.27265515232767","0","true"
"1891","219.28099180609604","0","true"
"1892","219.2893185973434","0","true"
"1893","219.29763553773734","0","true"
"1894","219.30594263893175","0","true"
"1895","219.31423991256673","0","true"
"1896","219.32252737026857","0","true"
"1897","219.33080502364984","0","true"
"1898","219.33907288430936","0","true"
"1899","219.34733096383218","0","true"
"1900","219.35557927378974","0","true"
"1901","219.36381782573972","0","true"
"1902","219.37204663122614","0","true"
"1903","219.38026570177936","0","true"
"1904","219.38847504891618","0","true"
"1905","219.3966746841396","0","true"
"1906","219.4048646189392","0","true"
"1907","219.41304486479083","0","true"
"1908","219.42121543315685","0","true"
"1909","219.429376335486","0","true"
"1910","219.43752758321352","0","true"
"1911","219.44566918776113","0","true"
"1912","219.45380116053695","0","true"
"1913","219.46192351293573","0","true"
"1914","219.47003625633863","0","true"
"1915","219.4781394021134","0","true"
"1916","219.48623296161435","0","true"
"1917","219.49431694618232","0","true"
"1918","219.50239136714478","0","true"
"1919","219.51045623581575","0","true"
"1920","219.5185115634959","0","true"
"1921","219.5265573614725","0","true"
"1922","219.5345936410195","0","true"
"1923","219.54262041339754","0","true"
"1924","219.55063768985383","0","true"
"1925","219.55864548162236","0","true"
"1926","219.56664379992384","0","true"
"1927","219.57463265596564","0","true"
"1928","219.58261206094195","0","true"
"1929","219.59058202603362","0","true"
"1930","219.59854256240837","0","true"
"1931","219.60649368122063","0","true"
"1932","219.61443539361173","0","true"
"1933","219.62236771070968","0","true"
"1934","219.63029064362948","0","true"
"1935","219.63820420347287","0","true"
"1936","219.64610840132846","0","true"
"1937","219.65400324827183","0","true"
"1938","219.66188875536537","0","true"
"1939","219.66976493365843","0","true"
"1940","219.67763179418725","0","true"
"1941","219.68548934797505","0","true"
"1942","219.69333760603197","0","true"
"1943","219.7011765793552","0","true"
"1944","219.70900627892883","0","true"
"1945","219.71682671572398","0","true"
"1946","219.72463790069884","0","true"
"1947","219.7324398447986","0","true"
"1948","219.74023255895548","0","true"
"1949","219.74801605408882","0","true"
"1950","219.75579034110498","0","true"
"1951","219.76355543089747","0","true"
"1952","219.77131133434688","0","true"
"1953","219.77905806232096","0","true"
"1954","219.78679562567456","0","true"
"1955","219.7945240352497","0","true"
"1956","219.80224330187565","0","true"
"1957","219.80995343636874","0","true"
"1958","219.8176544495326","0","true"
"1959","219.825346352158","0","true"
"1960","219.83302915502304","0","true"
"1961","219.840702868893","0","true"
"1962","219.84836750452047","0","true"
"1963","219.85602307264526","0","true"
"1964","219.86366958399452","0","true"
"1965","219.87130704928268","0","true"
"1966","219.87893547921155","0","true"
"1967","219.88655488447023","0","true"
"1968","219.89416527573516","0","true"
"1969","219.9017666636702","0","true"
"1970","219.90935905892655","0","true"
"1971","219.91694247214286","0","true"
"1972","219.92451691394513","0","true"
"1973","219.93208239494686","0","true"
"1974","219.9396389257489","0","true"
"1975","219.94718651693967","0","true"
"1976","219.95472517909496","0","true"
"1977","219.96225492277816","0","true"
"1978","219.96977575854004","0","true"
"1979","219.97728769691898","0","true"
"1980","219.98479074844084","0","true"
"1981","219.99228492361908","0","true"
"1982","219.9997702329547","0","true"
"1983","220.00724668693618","0","true"
"1984","220.01471429603976","0","true"
"1985","220.0221730707292","0","true"
"1986","220.02962302145588","0","true"
"1987","220.0370641586588","0","true"
"1988","220.04449649276467","0","true"
"1989","220.0519200341878","0","true"
"1990","220.05933479333018","0","true"
"1991","220.0667407805816","0","true"
"1992","220.0741380063194","0","true"
"1993","220.0815264809088","0","true"
"1994","220.0889062147026","0","true"
"1995","220.0962772180415","0","true"
"1996","220.1036395012539","0","true"
"1997","220.1109930746559","0","true"
"1998","220.11833794855158","0","true"
"1999","220.12567413323265","0","true"
"2000","220.13300163897875","0","true"
"2001","220.14032047605735","0","true"
"2002","220.14763065472374","0","true"
"2003","220.15493218522107","0","true"
"2004","220.16222507778042","0","true"
"2005","220.16950934262076","0","true"
"2006","220.17678498994889","0","true"
"2007","220.18405202995962","0","true"
"2008","220.19131047283568","0","true"
"2009","220.19856032874776","0","true"
"2010","220.20580160785448","0","true"
"2011","220.21303432030248","0","true"
"2012","220.2202584762264","0","true"
"2013","220.22747408574887","0","true"
"2014","220.23468115898052","0","true"
"2015","220.2418797060201","0","true"
"2016","220.24906973695428","0","true"
"2017","220.25625126185795","0","true"
"2018","220.26342429079398","0","true"
"2019","220.27058883381338","0","true"
"2020","220.27774490095524","0","true"

"""Ecological community components"""
"x min","x max","y min","y max","autoplot?","current pen","legend open?","number of pens"
"0","20","0","54.8","true","""%grass""","true","3"

"pen name","pen down?","mode","interval","color","x"
"""%grass""","false","0","1","55","16"
"""%brush""","false","0","1","35","16"
"""%wood""","false","0","1","75","16"

"""%grass""",,,,"""%brush""",,,,"""%wood"""
"x","y","color","pen down?","x","y","color","pen down?","x","y","color","pen down?"
"0","5.854940353061885","55","true","0","44.75493979863351","35","true","0","49.39011984830461","75","true"
"1","4.465546996959297","55","true","1","46.02194743691256","35","true","1","49.51250556612814","75","true"
"2","3.0709855053506416","55","true","2","47.29411736840723","35","true","2","49.63489712624213","75","true"
"3","1.672896220173925","55","true","3","48.569810717776754","35","true","3","49.75729306204932","75","true"
"4","0.2729377906510351","55","true","4","49.84737030260629","35","true","4","49.87969190674267","75","true"
"5","0","55","true","5","49.997907806624276","35","true","5","50.002092193375724","75","true"
"6","0","55","true","6","49.87550754506712","35","true","6","50.12449245493288","75","true"
"7","0","55","true","7","49.753108775600275","35","true","7","50.246891224399725","75","true"
"8","0","55","true","8","49.63071296516659","35","true","8","50.36928703483341","75","true"
"9","0","55","true","9","49.508321580567106","35","true","9","50.491678419432894","75","true"
"10","0","55","true","10","49.385936088390636","35","true","10","50.614063911609364","75","true"
"11","0","55","true","11","49.26355795494361","35","true","11","50.73644204505639","75","true"
"12","0","55","true","12","49.14118864617969","35","true","12","50.85881135382031","75","true"
"13","0","55","true","13","49.01882962762967","35","true","13","50.98117037237033","75","true"
"14","0","55","true","14","48.89648236433116","35","true","14","51.10351763566884","75","true"
"15","0","55","true","15","48.77414832075861","35","true","15","51.22585167924139","75","true"
"16","0","55","true","16","48.65182896075311","35","true","16","51.34817103924689","75","true"

"EXTENSIONS"

